(1-15)|1|30673015
(10:14)|1|26497001
(12-18)|1|30910001
(12:3)|1|29027001
(13-1)|1|30910008
(13:13)|1|29058001
(13:38)|1|27402001
(15:42)|1|24870001
(16:3)|1|24878001
(1:1)|8|28366001 28367001 29060001 29061001 29468001 29699001 29812001 30377001
(1:12)|4|23158001 23159001 23160001 23161001
(1:13)|1|28815001
(1:2)|4|23148001 23149001 23150001 29564001
(1:21)|1|26946001
(1:24)|1|26949001
(1:3)|1|29470001
(1:6)|5|23152001 23153001 23154001 23155001 23156001
(1:7)|1|30275001
(1:73)|1|24968001
(23:50)|1|25987001
(2:15)|2|28841001 29408001
(2:16)|1|29679001
(2:25)|1|24287001
(2:26)|1|30745001
(2:8)|1|29239001
(2:9)|1|23180001
(3:23)|1|26145001
(4:1)|1|29134001
(4:36)|1|27060001
(4:7)|1|26165001
(5:13)|1|28468001
(5:3)|1|28459001
(5:7)|1|30633001
(7:24)|1|28117001
(8:13)|1|28947001
(8:27)|1|27205001
(8:8)|1|24510001
(9:13)|1|26455001
(9:20)|1|23401001
(9:30)|1|25333001
12.000|1|30816009
1260|2|30876022 30898023
144.000|4|30815008 30928019 30930017 30930037
2400|1|31070027
666|1|30927026
A|1|26450004
Abadon|1|30852023
Abe|86|23202001 23252001 23323001 23350008 23427001 23444001 23446001 23452001 23710016 23777015 24201008 24206001 24401013 24458034 24548016 24578007 24603021 24880004 24907006 24924007 24984005 25118022 25296011 25298015 25305001 25305012 25352001 25368001 25368009 25371023 25413013 25464005 25482014 25550015 25705020 25836001 25964012 26128001 26256001 26278009 26285001 26301007 26596001 26696022 26847007 26850008 26885001 26928019 27512008 27567013 27637022 27880007 28081001 28257003 28262006 28262019 28267001 28280021 28280026 28305021 29004001 29006005 29298014 29322001 29395001 29537008 29540016 29561010 29765001 29783001 29786001 29787001 29851001 30244001 30249001 30258001 30321005 30343001 30439016 30469001 30566001 30715027 30728001 30785010 31028018 31090009
Abeko|2|23428001 29449001
Abia|3|23151022 24899026 24902007
Abihud|1|23157019
Abilene|1|25027042
Abraham|128|23146016 23146018 23147001 23162004 23202011 23202027 23357016 23905005 24700042 24949010 24967009 25034022 25034042 25060009 25535010 25547008 25643015 25644022 25644030 25645002 25646003 25650002 25651011 25652003 25741025 25817027 26415006 26419011 26421011 26421018 26421034 26422017 26434024 26435003 26435037 26438004 26439025 26440013 27010002 27022031 27119022 27121003 27121017 27121023 27122018 27122043 27122047 27122056 27125021 27125024 27133019 27134011 27149013 27389006 28024007 28026007 28032033 28032043 28033014 28034046 28035002 28035040 28036005 28036016 28036025 28039019 28039052 28039058 28040009 28040027 28040030 28041002 28042002 28042035 28045004 28046013 28163004 28163015 28164004 28211017 29012022 29109010 29109014 29110010 29111031 29112002 29112018 29117010 29119009 29119013 29119024 29121021 29122028 29122036 29132012 29154005 29994011 30058007 30060002 30066016 30067003 30069019 30070036 30071019 30071024 30074026 30074030 30075021 30075028 30181005 30181030 30182004 30182017 30183003 30184005 30184013 30184025 30185003 30190006 30190021 30190030 30191006 30192002 30192020 30315003 30317009 30317033 30431010
Abyatar|1|24286018
Adam|15|25064009 28062005 28062022 28062029 28063022 28741009 28764013 28764020 28766002 28766012 28767008 28768010 29730008 29731004 30687007
Adat'i|16|28364025 28801012 29057021 29207013 29362018 29466009 29561022 29650011 29697011 29810033 29893013 29939030 29964008 30375031 30480031 30541034
Adi|1|25054006
Admin|1|25059006
Adramitium|1|27858009
Adria|1|27883014
Agabus|2|27336009 27675014
Agama|12|23257020 26571016 27028005 27093004 27095010 27101006 27114034 27171004 27710009 27735034 27755021 27790019
Agamang|1|27763021
Agripa|13|27810007 27811017 27819003 27820004 27821006 27823033 27825002 27826004 27843006 27850003 27851004 27852003 27856003
Agustus|1|24975006
Ah|3|25478014 26370014 26963010
Ahas|1|23151028
Ahus'E|31|26137014 26138006 26156005 26233015 26237010 26238006 27655064 27940040 28058018 28146015 28146023 28149001 29074005 29074012 29138014 29213007 29480002 29485020 29488006 29966013 29966015 29966030 29970007 30544030 30546008 30603013 30613011 30613023 30634027 30635045 30636017
Ahus'U|2|26761019 26761021
Ahus'i|16|23407021 23513013 23656014 23823025 23824026 23836014 23842030 24400014 24636019 24637016 25295018 25727007 25728020 26059021 26208014 30649017
Ahus'u|124|23213010 23216009 23366015 23375010 23386012 23441031 23479002 23498002 23522009 23530016 23577011 23581001 23631022 23686025 23689010 23700004 23701011 23710025 23713034 23723017 23739002 23791011 23811009 23821003 23985003 23988004 23988025 23989006 23994014 23995002 23997019 24002009 24010002 24023002 24040002 24057012 24079003 24079020 24100025 24118031 24119018 24170021 24173012 24184029 24217009 24271014 24289002 24300024 24372008 24532010 24539016 24548025 24551021 24570008 24622010 24634002 24744005 24776003 24776020 24796028 24816029 24817016 24866024 24926008 24929032 25105016 25132016 25152005 25169011 25274017 25324005 25328010 25346009 25360016 25436013 25468020 25470007 25500008 25674022 25676017 25678003 25682007 25697011 25720026 25742001 25854004 25863019 25887001 25913014 25934006 25935011 25999002 26074017 26079018 26081015 26094010 26096023 26134018 26135017 26139023 26236013 26238014 26285028 26311014 26320008 26410015 26476030 26518016 26528027 26551009 26604008 26615024 26615036 26662011 26833021 26899017 27214025 27237017 29571011 30029037 30039005 30051029 30589004 31063040
Ahuse|12|26762010 28120030 28373018 29136008 29136011 29479017 29481019 29486033 30093032 30548030 30614022 30645036
Ahusewen|1|25230001
Ahusu|56|27173011 27934004 27935009 28747016 28820005 29102026 29286016 30068035 30163013 30587023 30588025 30618007 30619007 30630013 30635008 30637004 30638006 30643021 30645006 30736015 30746007 30786006 30786023 30787003 30788002 30792009 30793035 30795005 30797003 30799002 30801003 30803003 30806004 30810031 30820061 30821025 30825039 30828002 30829003 30903012 30917030 30928007 30931020 30931045 30937040 30950014 30990007 30990011 31025020 31027016 31068020 31076023 31077017 31081038 31082026 31084020
Ahusě|31|23168012 23487015 23487024 23487032 24215023 24750020 25386014 25386024 25386031 26063006 26157006 26157021 26230009 26230036 26231005 26232015 26234009 26234022 26234030 26298013 26682023 29486004 29968001 29970023 29972003 30002010 30573035 30574005 30574017 30575039 30655027
Ahusẹ̌-Ku|9|23210010 23706024 24227012 24546019 25048026 25337010 27396028 29969018 30036030
Ahusẹ̌ben|2|25067007 25073024
Ahusẹ̌ku|2|23185020 30497029
Ai|1|25584005
Ainon|1|26144013
Akaya|12|27570008 27585011 27585032 27585049 27607013 28330007 28792021 28802015 28959034 29000015 29568015 29569014
Ake|2|25269016 30991005
Akeldama|1|26943022
Akhaikus|1|28794010
Akhim|1|23157023
Akutẹu|2|23500001 25794001
Akwila|8|27560009 27560015 27576031 27577010 27584018 28340006 28796014 29890005
Aleksander|6|24848033 27029015 27619010 27619025 29717010 29885002
Aleksandria|3|27582007 27862009 27911017
Alfeus|5|23421019 24275018 24307010 25162008 26937041
Al᷊ako|1|23322004
Al᷊amatě|4|23836016 23958018 25554027 25770005
Al᷊ingko|1|26563001
Al᷊ạ|3|25611010 25756010 26832027
Al᷊ạe|1|26817006
Al᷊ạko|5|23728015 23728033 25189035 25627014 25882018
Amang|267|23287011 23289016 23292006 23297012 23298012 23301010 23309020 23315014 23328020 23438014 23447021 23485009 23486007 23487017 23487022 23487030 23583019 23855030 23928011 23928014 23928023 23994021 24094016 24097010 24097025 24266016 24667011 24750026 24791001 24791004 24791028 25022013 25183006 25328029 25385018 25385053 25386006 25386022 25408015 25419018 25492011 25601006 25607011 25607018 25608015 25610001 25610014 25610022 25618015 25618023 25618030 25618040 25619003 25619009 25619020 25894003 25907001 25907021 25970005 25982007 26041012 26059022 26063012 26063022 26178013 26180019 26181018 26230030 26231003 26231016 26234002 26234017 26234028 26237003 26241029 26247019 26248003 26256009 26285038 26295006 26302009 26303023 26304011 26304023 26315002 26315013 26323023 26398017 26400013 26409014 26410053 26421005 26424013 26496007 26496015 26499002 26511023 26512004 26518022 26519009 26520031 26520043 26565018 26608015 26609001 26630010 26631018 26634007 26634028 26677012 26678034 26678044 26679014 26679017 26679035 26680010 26680014 26681034 26682018 26685006 26689017 26693022 26695009 26700014 26707018 26709003 26710022 26715029 26716026 26737014 26742004 26744053 26750022 26750030 26752029 26753009 26753019 26754003 26755006 26755025 26759030 26761012 26761024 26762002 26762025 26763013 26763027 26764004 26764015 26765001 26765011 26766006 26766016 26766024 26766027 26766040 26767011 26767019 26768009 26768030 26768038 26769020 26769029 26770007 26771007 26771022 26771028 26771036 26771046 26772019 26772025 26773008 26774007 26775007 26775020 26777007 26777012 26778003 26779008 26779018 26781004 26781013 26781022 26781036 26783006 26783022 26783028 26783033 26784001 26784011 26784030 26784036 26785002 26785009 26785014 26785023 26786008 26786022 26795014 26795021 26797031 26885019 26885043 26889012 26928027 26931024 26983019 27938017 28041020 28073023 28132048 28365064 28534014 28743035 28803006 28804006 28804017 28917006 29059025 29059061 29062005 29138027 29209017 29210005 29224011 29248027 29266009 29279007 29325016 29361004 29364005 29403017 29467042 29469039 29478005 29535029 29562013 29563022 29602004 29604020 29651014 29652005 29678011 29698045 29811020 29897023 29942007 29989021 30222028 30329012 30376052 30392008 30398026 30497015 30543033 30544028 30552046 30565013 30566023 30573033 30574023 30575043 30618018 30649013 30649018 30655024 30674012
Amang'E|9|24539032 25386017 25386035 26229042 26230025 26632022 29969046 30704013 30928033
Amang'U|4|26401002 27396038 29969026 30036036
Amang-Ku|49|23338020 23450015 23451017 23540005 23647010 23690021 23738024 23747025 23763012 23816036 24043017 24084021 24094037 24108011 24780021 25023029 26112021 26228009 26254006 26290015 26401021 26401034 26420005 26431013 26436021 26500028 26507022 26511002 26514019 26607031 26671003 26675021 26676013 26690017 26692015 26697034 26697038 26700023 26701013 26708007 26723008 26724042 26726010 26770012 26885040 26931005 30744025 30752025 30768026
Amangbe|1|23326002
Amange|11|23487010 23700014 24215021 26156002 26232002 26233002 26247024 29478009 30567026 30574011 30589025
Amangi|1|29463005
Amangku|3|26298006 28132051 29138029
Amangu|13|23251019 23280008 23283002 23284029 23289021 23291006 23742004 24563002 24666024 25490013 28310009 29021003 30378007
Ambangeko|1|23371010
Amin|1|30761014
Aminadab|2|23147024 25059003
Aming|27|23296026 27956034 28161030 28246023 28337013 28361011 28364024 28821021 29063006 29207012 29273024 29463009 29714025 29805039 29889033 30263048 30458048 30477010 30541033 30698035 30704025 30705034 30794006 30823004 30823029 31022031 31101017
Amon|1|23151031
Amos|1|25051006
Ampal᷊eko|1|24863033
Ampipolis|1|27525010
Ampliatus|1|28345003
Ampuang|1|27428001
Ampunge|1|25572025
Ampungeko|1|25410001
Ananias|16|27061007 27063009 27065003 27066009 27068027 27227011 27227023 27227025 27229015 27230002 27232006 27234003 27234019 27717008 27737009 27771008
Ananiasě|1|27070005
Andene|5|26921005 26922030 26924010 28538005 28558001
Andreas|14|23228026 23420016 24232022 24245016 24307002 24721025 25161009 26085017 26086002 26087002 26089009 26266011 26603008 26937030
Andronikus|1|28344005
Angere|2|24047024 24048001
Anggorě|5|23397026 24283024 25146001 25147015 28626012
Anging|2|25270030 26129001
Angkuěng|12|23373006 24073015 24273023 25699001 26024001 26083021 26370001 26545001 26701001 26948005 27227021 27744018
Angkuěng'E|3|24231001 24303012 25774001
Angkuěngben|1|26457029
Angkuěngkewen|2|25049017 25320022
Angkuěngu|8|23353001 23687005 23800009 24003001 24528021 24618001 26168001 26172001
Antiokia|29|27107048 27327032 27328017 27330020 27334012 27334028 27335013 27364005 27377010 27415004 27434013 27436030 27441008 27442004 27444008 27444014 27445026 27446003 27465023 27466029 27473010 27475019 27476012 27477011 27478009 27483016 27580020 29093006 29865021
Antipas|1|30731027
Antipatris|1|27766023
Anu|3|23422006 24105004 26602008
Anu-Ku|2|26675025 31061012
Anạ|12|24974001 24981008 24996018 25007015 25128017 25617001 25619001 27674001 29155001 29940001 29946001 30664001
Anạ-Ku|4|24399008 25294006 29969052 30218016
Anạku|5|23398029 23656018 25620001 29829001 29894001
Anạu|1|26210018
Apa|44|23257028 24070006 24537001 24562001 24640001 25023014 25134019 25142005 25327001 25390004 25509006 25942009 25976010 26169028 26288020 26319016 26325014 26364028 26376001 26381001 26443019 26466001 26475004 26744014 26744044 26745005 26820004 27009029 27145001 27278009 27678006 28019013 28032001 28070007 28208004 28211003 28455009 28587001 29068020 29105008 29108015 29148001 29984014 30308005
Apakaiangko|2|25316016 26268001
Apakapuạko|1|24791015
Apakaul᷊eko|1|25373001
Apam|3|24342001 28217023 28581001
Apan|39|23226011 23268018 23619001 23645001 24375001 24468001 24484007 24755001 24762007 24914001 25015001 25087021 25463001 25716003 25865001 25918001 25953001 26598001 26649001 26702001 26706015 26848007 27181001 27846024 27972001 28000032 28122001 28157001 28421031 28722001 28895015 28982005 29002001 29113001 29196008 29542010 29906001 30523001 31060024
Apang|39|23203011 23336001 23524016 23588019 23746002 24475011 24804001 25031001 25031011 26247010 26420001 26679021 26940005 26967034 26996001 26997012 27103021 27275008 27317008 27395012 27950001 28107007 28120001 28404013 28588001 28678001 28750005 28814001 28878015 29078001 29449016 29608001 30096001 30113001 30234001 30284001 30352001 30544001 31058026
Apasarangko|1|28866006
Apasombọko|1|24651001
Apawe|4|24063013 24759014 28384007 28384014
Apawue|1|28599001
Apeles|1|28347003
Apfia|1|29941014
Apid'u|3|23846039 25702014 26004009
Apidu|3|27352001 27728001 30126001
Apius|1|27915027
Apolion|1|30852029
Apolonia|1|27525012
Apolos|15|27582010 27584006 27585005 27585040 27585045 27586008 27587005 28376018 28415016 28416009 28417006 28433002 28440018 28789008 29937010
Apạ|7|25040010 25498001 26067021 27104021 28684001 30165001 30310001
Apạe|7|23529001 23639013 24683005 25497001 28148001 28170001 28214001
Apạewe|1|29150001
Apạewen|3|23647004 24997010 26299001
Apạeweng|6|23445001 25191001 28791001 30032001 30145001 30766001
Ara|5|23544001 23546001 24015001 24076001 24662021
Arabě|3|26961021 29075024 29157010
Arakutẹu|4|23209012 23348001 23756001 24987001
Aramanung|15|26404008 26468022 26580025 27744033 28055011 28461008 28597012 28754001 28996001 29042001 29409001 29664016 29693001 29954001 30312001
Arau|30|23307020 23327001 23468007 23495001 23808010 23984019 24108001 24482012 24633001 25418001 25597001 26608012 26680018 27790001 27967001 28021001 28032014 28484001 28542008 28547001 28551001 28590001 28590007 28623015 28623036 28652013 28715001 28715012 28843017 29040003
Arawe|353|23163017 23207001 23254027 23263001 23269001 23274001 23279001 23286001 23340001 23358001 23368001 23386001 23437001 23440012 23451001 23504001 23514001 23518001 23522001 23525018 23552015 23563001 23625001 23639001 23652001 23688001 23698012 23708001 23758001 23789016 23805012 23816012 23819001 23842001 23927001 23942026 23971001 24027001 24038016 24109001 24118001 24142001 24179001 24252001 24271001 24318001 24335021 24397001 24423001 24475001 24530001 24536009 24552001 24595001 24629001 24632001 24700001 24718012 24762018 24783001 24802001 24832001 24890007 24984001 24993001 25027035 25045001 25094001 25123001 25132001 25141018 25158001 25174001 25187007 25196001 25224018 25226001 25256022 25258010 25284016 25298011 25311016 25326012 25347001 25361012 25362012 25374001 25397001 25404001 25426001 25434001 25437034 25440016 25469001 25480001 25484019 25487017 25488011 25508001 25527001 25546001 25572001 25611001 25618001 25621001 25631015 25636001 25651001 25653017 25681001 25685008 25702001 25746001 25757001 25758014 25786001 25792008 25831014 25891001 25892024 25897001 25901001 25922001 25941001 25964001 25976001 26004001 26062011 26071009 26091001 26106023 26117001 26139008 26142001 26150008 26157014 26192012 26202001 26222001 26228001 26240015 26247001 26251001 26254013 26258001 26278001 26316026 26336009 26347011 26357050 26367001 26378001 26383001 26388018 26408010 26420011 26427001 26429013 26434034 26437008 26462001 26470012 26484001 26492009 26534001 26537010 26570001 26585001 26605022 26606009 26613001 26649018 26678001 26686027 26688012 26695001 26724022 26731001 26732001 26734029 26771015 26811022 26848001 26860001 26875001 26893018 26917025 26932001 27003001 27027001 27037001 27079001 27112001 27124001 27172001 27180001 27197001 27232001 27242001 27286001 27300001 27317001 27400001 27413001 27417001 27432001 27448001 27463001 27529001 27562001 27566001 27575019 27601001 27637001 27651001 27678001 27733019 27751001 27784029 27818001 27823001 27849001 27867001 27897001 27905001 27966001 27971001 27975016 28013001 28018001 28038009 28056001 28091001 28098001 28123010 28176001 28189038 28191012 28195001 28207001 28210001 28240008 28304001 28319001 28327001 28329001 28363001 28382019 28387001 28405001 28479009 28485001 28493025 28521001 28531001 28566034 28607013 28608018 28635033 28636001 28659001 28765009 28778001 28789001 28838001 28927020 28956001 28963011 29094014 29116001 29123010 29136001 29141001 29147010 29155010 29158001 29168001 29178001 29197019 29201020 29243001 29293001 29338001 29379001 29442001 29457001 29488001 29508018 29526001 29588001 29630001 29770001 29788012 29798001 29800001 29908010 29910001 29953001 29966001 29972001 29976017 29984001 29987001 29999001 30018001 30051001 30073014 30086001 30099001 30103001 30117001 30129014 30131021 30223023 30297026 30322012 30334001 30337001 30409001 30440001 30476001 30504024 30512001 30513001 30530001 30531001 30533001 30536001 30540001 30548001 30550001 30552016 30556001 30562001 30574013 30607001 30608001 30610001 30610022 30676023 30690001 30693001 30742001 30764017 30776016 30897017 30906001 30908001 30984068 31044010 31062001 31081001 31096001
Areng|3|30067010 30752011 30981013
Areng'E|2|24943012 31085004
Arenge|8|24146009 24848025 24957010 25010011 25287011 25734010 27253016 30852018
Arengku|2|24374014 25276010
Arengu|4|26796017 27565031 30759025 30839001
Areopagus|3|27543011 27546012 27558022
Aretas|1|29022016
Ariẹbe|4|23302001 29320009 29539006 29726011
Arimatea|4|24187008 24869009 25986010 26864006
Aristarkhus|5|27615017 27631014 27858031 29553002 29963009
Aristobulus|1|28347014
Arkelaus|1|23192009
Arkhipus|2|29560004 29941021
Arni|1|25059009
Arpakhsad|1|25062006
Artemas|1|29936006
Artemis|5|27610025 27613022 27614022 27620021 27621034
Arětạ|1|25493025
Arịebe|1|29775001
Asa|1|23151023
Asdod|1|27217010
Asia|20|26959017 27111037 27490017 27596020 27608027 27612057 27613044 27617005 27631036 27643018 27645035 27692020 27789010 27858029 28342026 28796004 28809021 29825009 30376017 30702011
Asinge|2|24589001 25588001
Asinkritus|1|28351004
Asos|2|27640013 27641004
Asu|2|25642015 30523011
Asyer|2|25010019 30817001
Atakhis|1|28346019
Atalia|1|27440016
Atena|6|27539006 27540010 27545004 27546021 27559007 29592022
Awạe|1|25641012
Ayetě|1|29337001
Ayub|1|30366016
Azur|1|23157021
Baal|1|28214025
Babel|7|23151010 23157007 23162021 23162034 30974020 30981016 30996011
Babelě|5|27160045 30935011 31004023 31015027 31018001
Babilon|1|30479007
Badang|2|28250001 29443001
Badange|1|28761009
Badangu|2|28481023 28758001
Baeheko|1|23756026
Baele|1|23860019
Baelě|1|23578001
Baewe|1|27648001
Baẹbe|2|24431015 28922015
Bakị|3|23571018 23572001 25538013
Bakịu|3|24355012 24355021 25538006
Balak|1|30732031
Balako|1|28208010
Balakong|1|28475001
Balinewe|1|24558007
Bal᷊e|4|26115005 26952012 27565016 28881001
Bal᷊e-Ku|3|23840020 24658024 25778015
Bal᷊em|20|24813011 24856018 24903016 25832008 26117002 26374004 26572024 26789018 26998010 26999029 27000013 27024019 27081016 27086004 27115027 27116017 28428004 30002012 30874016 30892002
Bal᷊en|2|29251010 30955002
Bal᷊eng|1|26112020
Bal᷊ine|5|26066014 26066025 26610022 26803022 28019025
Bal᷊inewe|33|23281022 23338001 23718004 23774005 23806018 24077018 25100009 25343004 26018001 26024007 26290009 26354011 26430008 26449016 26515005 26716001 26780001 26811015 27168001 27238011 27954001 27956011 28163001 28175018 28623003 28882025 29051018 29430001 30012015 30102001 30188001 30614005 30647022
Bal᷊inẹbe|2|24124019 26812016
Bal᷊iung|2|23203001 25035001
Bal᷊ụ|1|25493001
Bal᷊ụko|1|25711011
Balạ|3|25650017 25705013 26588004
Balạe|14|23287001 23569001 23570001 23777008 24761006 25362003 26944013 28219005 28248006 28281001 28286026 28303001 28707018 29179005
Balạete|2|25916005 26944030
Balạewe|5|24464001 24726014 26750015 27679016 29943001
Banalan|1|30405014
Banggilu|1|30094001
Bansa|4|23226001 23965001 24726001 28181019
Bantugeko|1|29889027
Banua|2|24181015 25850018
Bar|1|27369020
Barabas|11|24146012 24147024 24150017 24151020 24156005 24834015 24838015 24842012 25954014 25955002 26826011
Barabasě|1|26826013
Barak|1|30205024
Barnabas|44|27059040 27244004 27244016 27244037 27330018 27331004 27332002 27333004 27338009 27363003 27364015 27365019 27366010 27367010 27370025 27371003 27405006 27406010 27409008 27413028 27416004 27418006 27427004 27429003 27435029 27436006 27438009 27439006 27443007 27445004 27445019 27455015 27465028 27468032 27478004 27479010 27480002 27482005 27482015 28547005 29083012 29091030 29095016 29553018
Barsabas|2|26947014 27465041
Bartimeus|1|24635036
Bartolomeus|4|23421007 24307004 25161017 26937035
Barạuntu|1|30461001
Basarě|1|27341035
Batangeng|1|28487032
Batu|8|23869020 24684014 25797017 26839026 27034013 30407001 30407025 31073012
Batụ|51|23208011 23280011 23281001 23304001 23317009 23393017 23396009 23397013 23449001 23470001 23480016 23551005 23601001 23818001 23903001 23922001 23939001 23954001 23963001 24002007 24038001 26929001 26944001 26977001 27035011 27050001 27057011 27096001 27157021 27184001 27199001 27232009 27306001 27396014 27458010 27464001 27494015 27544001 27545001 27547001 27555001 27586001 27610001 27626001 27710017 27743001 27824001 27879001 27881013 27925001 27927001
Batụu|230|24282011 24318013 24425001 24425030 24428001 24469001 24485001 24518008 24698009 24729034 24740001 24782016 24837001 24877021 25004001 25074001 25144019 25350038 25366015 25521007 25564001 25743015 25813013 25818014 25831001 25849001 26123022 26138001 26155001 26175001 26215001 26231001 26273015 26291001 26296001 26329014 26334001 26368019 26628015 26630001 26757023 26857031 26911029 27974001 27976001 27991001 27996003 27998003 28012001 28020001 28039056 28040001 28064012 28086006 28092001 28097001 28143016 28155001 28159009 28163010 28165001 28167029 28171001 28173001 28181001 28188007 28198001 28205009 28207016 28218001 28235014 28236011 28239001 28242001 28252022 28265012 28270001 28276001 28278018 28300001 28307001 28308014 28311001 28324016 28330001 28355001 28375001 28382001 28397001 28450001 28462030 28594001 28622001 28649001 28771018 28820001 28828033 28840001 28875007 28879001 28885001 28888001 28903017 28920011 28927001 28942001 28943022 28950001 28952022 28969001 28974018 28994001 29084036 29098049 29113013 29116021 29145019 29159001 29169001 29180001 29194001 29214001 29249001 29265001 29290001 29295001 29311010 29317001 29319001 29320001 29350001 29369020 29380004 29391001 29404001 29415001 29444001 29448012 29478006 29490012 29501013 29504001 29505013 29507001 29521001 29542024 29566001 29569001 29579021 29583031 29700026 29730001 29753001 29775010 29874001 29903001 29949016 29981020 29988030 29999012 30017001 30017020 30019001 30022001 30029015 30049001 30051024 30082001 30099020 30104019 30116001 30123001 30130001 30132001 30160001 30171001 30179013 30183001 30188010 30205015 30217001 30219001 30225001 30227013 30230019 30233001 30233011 30242001 30244012 30247015 30248001 30256001 30259015 30270001 30273014 30366031 30384001 30398001 30401001 30404001 30415001 30437001 30443001 30448018 30457013 30471027 30472001 30494001 30516001 30559011 30592022 30624023 30628001 30640001 30648001 30677001 30685014 30701021 30789019 30902046 30934014 30984059 30993001 30997001 31014016 31024030 31025012 31028025 31028049 31090017
Baug'i|3|28562001 30752001 30755026
Baugu|24|23498001 26502016 28055001 28291006 28440005 28451001 28561001 28561019 28819001 28823001 28831001 29028013 29422001 29445001 29806001 30413001 30719001 30726001 30730001 30736001 30748001 30754001 30761001 31099001
Bawaehe|1|30393022
Bawako|1|29884018
Bawera|4|28046001 29932001 30027016 30240001
Bawerane|1|30950017
Bawine|11|24392001 24717014 25290001 25293001 25530020 26182001 29156006 29728001 29769001 30894001 30994001
Bawinene|1|26527001
Bawạe|1|24558032
Baụgu|1|29676001
Beelzebul|6|23443020 23514019 23517011 24311014 25421013 25424029
Belengange|1|27864021
Benyamin|4|27384020 28211021 29427015 30819005
Beor|1|30516024
Berea|7|27534015 27535003 27537016 27537023 27538008 27539015 27631007
Berekhya|1|23954031
Bernike|3|27810009 27820006 27854008
Betania|13|23844014 24061006 24642012 24652031 24653007 24758007 25761006 26042012 26073006 26525007 26542002 26582011 26590011
Betesda|1|26213014
Betfage|3|23828007 24642010 25761004
Betlehem|9|23171006 23175007 23176002 23178008 23186036 24978011 24980006 24989024 26371018
Betsaida|7|23481010 24453014 24523006 25312030 25377009 26089006 26602025
Biahě|5|23689013 23836013 27614020 27620019 29102015
Bileam|5|30516021 30516027 30684027 30732026 30732028
Binatang|7|30911001 30914001 30917001 30922001 30924001 30979043 30984001
Bine|13|23559001 23560001 23562001 23578007 24329010 24332009 24339001 24340001 25257007 25258001 25259001 25260001 25261001
Binohe|7|25797014 26037013 26250004 26250021 27582023 27586026 28195015
Bisang|1|28775001
Bitinia|2|27491013 30376019
Bituing|3|23179027 30718019 30842019
Blastus|1|27358025
Boanerges|1|24306016
Boas|2|23147027 25058009
Boete|2|30977017 31063026
Bohe|2|25628032 26846020
Bohẹko|3|30709005 30940009 31059027
Bokạko|1|30873006
Bontọge|1|29674001
Borotě|9|24072006 24756010 24767006 25866003 25872006 26265005 26309021 27341037 27633004
Botonge|16|23395009 23500021 23699018 23815024 26503015 27702014 27730021 28084006 28176018 28493009 28783001 28852001 28991008 28998014 30074001 30308021
Bouten|1|27177017
Buane|1|25366001
Buhụe|2|25548019 27130024
Bukid'u|7|23961007 24085015 24721007 24781015 25864016 25904009 26383007
Bukide|1|26936013
Bukě|34|24684011 26367011 26371003 26381014 26940009 27204060 27378002 27378006 27740022 27784040 27784045 27923044 27923049 28722023 28723015 29446044 30011008 30019011 30073016 30082004 30125035 30171004 30178036 30302016 30317005 30343008 30344026 30465003 30752018 30781015 30984043 31051030 31054008 31081032
Bul᷊aeng|2|30358001 30382015
Bul᷊ud'u|2|27147020 30928013
Bungang|1|23311014
Buniko|1|30810016
Buntuangu|1|31032001
Bunạko|1|29464001
Burěsiko|1|30346013
Buạ|1|23483014
Bědal᷊aing|1|24477019
Bědang|3|24610010 25711006 25745001
Bědangbe|1|26335001
Bědawen|1|30973016
Bědaweng|1|31012020
Běgawen|1|27217001
Běnsadě|1|26102017
Bẹ̌baseng|2|30942024 30945031
Bẹ̌bato|1|27213012
Bẹ̌baton|1|27211001
Bẹ̌dang|1|25510001
Bẹ̌dangbe|1|26924001
Bẹ̌daweng|1|24273026
Bẹ̌ga|1|26453011
Bọ'i|2|23146017 24883020
Bọete|6|24254006 24439026 24989020 26531011 26539019 27479011
Bọeten|1|26567001
Bọu|395|23151001 23157001 23162013 23162028 23178001 23211001 23218001 23259018 23334001 23350026 23372017 23394001 23403001 23421001 23462011 23480001 23503001 23528001 23535017 23539001 23576001 23588012 23590001 23597008 23609001 23610001 23610014 23617001 23617010 23617030 23618007 23620001 23655001 23663014 23670015 23671008 23673001 23693001 23697001 23720001 23749001 23784031 23803001 23810023 23813001 23827020 23833001 23839001 23844001 23850001 23857001 23860033 23881001 23884001 23885001 23899001 23961001 23967001 23988001 24008001 24020001 24033001 24041010 24081013 24082001 24085001 24094001 24095001 24098001 24100001 24111018 24130026 24157001 24159019 24161015 24163001 24165001 24190019 24227001 24228001 24236025 24265022 24279014 24302001 24309001 24316021 24320001 24323001 24328009 24337001 24366001 24404001 24405014 24409001 24414008 24436001 24437001 24449001 24449022 24451001 24453001 24483017 24488001 24495001 24507022 24509016 24524015 24531001 24532001 24535001 24540005 24543001 24546001 24575001 24590001 24610035 24654001 24656001 24658001 24675001 24675035 24675048 24677009 24708026 24721001 24777016 24778001 24792001 24795001 24803001 24842015 24843012 24845001 24863016 24873020 24873038 24886001 24932001 24932019 24944001 25025001 25034030 25048014 25078001 25095001 25122029 25124001 25135001 25151020 25164001 25210001 25234020 25240001 25300001 25301018 25304001 25318023 25325001 25358001 25365001 25389001 25400001 25400010 25402001 25432018 25478001 25525001 25559001 25576001 25595004 25612001 25628001 25669001 25674001 25690001 25695001 25711030 25740001 25767001 25792001 25837001 25868001 25882001 25884001 25900001 25912020 25917001 25939001 25958001 25961017 25989001 25992001 26036001 26042001 26104001 26108001 26112001 26116001 26116015 26164012 26198001 26203001 26210001 26212001 26269001 26269013 26330001 26362018 26367014 26390001 26413001 26514023 26531001 26535005 26565007 26601001 26636001 26652011 26828019 26829014 26830001 26853001 26864001 26871001 26876001 26878001 26890001 26895001 26900001 26916052 26918017 26936001 26950001 27005013 27022034 27081045 27085001 27087009 27095001 27100018 27107012 27114017 27125034 27128001 27131001 27148019 27150001 27162001 27177001 27244001 27257015 27258001 27288001 27308013 27321001 27331022 27333001 27345027 27346001 27346023 27349001 27355026 27355043 27357027 27367017 27376001 27377001 27380025 27384001 27386001 27394001 27420001 27427001 27436017 27438014 27439001 27441001 27447025 27455008 27486001 27496001 27497029 27514001 27518001 27533015 27559001 27565001 27574001 27576001 27576010 27585001 27615007 27628022 27629023 27638001 27642001 27644001 27665020 27666017 27666035 27671001 27685012 27691024 27692029 27698016 27705023 27719001 27735037 27757019 27758001 27765001 27770025 27860001 27861001 27863024 27891020 27896021 27913001 27923023 27949001 28177017 28264001 28316006 28328024 28394015 28538023 28725001 28726001 29079001 29258006 29554010 29620016 29621001 29621024 29717001 29845010 30125013 30143001 30181027 30282001 30330001 30553001 30770016 30774001 30779026 30786001 30787001 30795001 30797001 30801001 30803001 30812001 30820001 30833001 30834001 30838001 30842001 30853005 30863001 30870001 30874001 30885002 30888001 30910009 30928001 30931027 30941001 30942001 30944001 30945001 30948001 30952001 30954001 30958001 30959001 30963001 30966001 30967001 30971001 30972001 30977001 30995001 31015001 31024001 31027019 31029001 31033001 31037001 31040001 31042001 31042034 31049001 31051034 31052001 31053001
Bọuten|37|23209001 23236014 24161001 24333001 24446014 24847001 25114001 25910001 25982014 26412001 26447001 26617022 26661001 26849001 26882001 26888001 26914001 26933001 27125001 27366001 27385001 27473001 27499008 27507001 27524013 27539001 27550001 27579028 27627001 27684001 27685001 27803001 27809001 27891001 27929001 29967031 30146019
Daekeko|3|24777028 29355001 30871028
Daekengkong|1|30288012
Daha|2|24138012 26943025
Dahane|1|30120039
Dahang|2|30119001 30253001
Dakọ|5|26337001 26452017 27726008 27926005 30870016
Dakọe|21|23178011 23378001 23797007 24018018 24073004 24384008 24399020 24610015 24641001 24889007 25122014 25246018 25575020 25577004 25666010 26173001 26207007 26448005 27080001 27228008 30956016
Dakọko|9|23355029 23829001 23882001 24643001 25551004 25762001 25873008 27206008 30874014
Dalmanuta|1|24511014
Dalmatia|1|29881032
Dalo|11|24988001 28161025 28246018 28804001 29063001 29210001 29213001 29221030 29273017 29463001 30823005
Dal᷊awang|1|28063023
Dal᷊eng|2|27203023 31075016
Dal᷊engke|1|25294018
Dal᷊engu|1|30503028
Dal᷊esạ|1|28461001
Dal᷊esạku|1|29000001
Dal᷊ohon|1|28759008
Dal᷊ohong|1|27111020
Dal᷊uasě|1|29567031
Dal᷊uasẹ̌ku|2|26978014 28921026
Dal᷊ugě|1|25360004
Dal᷊unge|1|24770012
Dal᷊ungu|4|28114001 28157019 29750005 30515031
Damahiko|1|23355041
Damaris|1|27558028
Damsyik|14|27219014 27220004 27225026 27227002 27236012 27244045 27710034 27711007 27715020 27716019 27836018 27844046 29022006 29075031
Damsyikě|2|27239031 27717027
Daniel|1|23973011
Danon|1|26259015
Danong|5|24296008 24366010 24495014 25272016 26259010
Daralo|1|28362001
Daral᷊engu|1|29794005
Daran|2|24849010 25969007
Daringihange|1|29013008
Daringihe|1|23706032
Daringihě|1|25830005
Daringihẹ̌ko|8|23953001 24076008 24703007 24773009 25720011 26964041 27069017 27085010
Darisịko|1|30297035
Dariọ|12|23166008 23183026 23193019 23404010 24404015 24407001 24433001 24565019 25008014 25014001 25298017 27755001
Darua|1|28708001
Darěndung|1|29244021
Darěntane|1|29804001
Dasị|1|24893013
Datu|48|23171013 23173003 23270021 23312002 23762001 23814032 23876001 23915006 24739010 24859006 24921024 24985009 25247024 25249009 25256020 25304019 25313029 25373021 25375029 25437025 25754001 25758001 25895012 26506029 26551011 26615010 26823009 27017034 27050040 27136001 27182015 27189023 27259017 27358029 27586032 27770037 27810005 27823032 27826003 27843005 27851003 28236020 29022014 29442013 29804023 29820013 30618021 30902036
Datum|2|25437004 29804021
Datun|9|24159036 24167017 24845009 24853013 26845016 29328023 29897027 29930012 31034010
Datung|4|25890005 25971031 29714003 30950030
Datunu|1|23832004
Daud|74|23146014 23146021 23147041 23151003 23162007 23162015 23165028 23407022 23493012 23513014 23656015 23823026 23824027 23836015 23842031 23915015 23916016 23916025 23918004 23918017 24286015 24286026 24636020 24637017 24651005 24709021 24710003 24711004 24711021 24921026 24926021 24963009 24978018 24978024 24985006 25057015 25150013 25727008 25728021 25821015 25822003 25824004 25824017 26371013 26371023 26940020 26975002 26979013 26980007 26980023 26981029 26984002 26984010 27048019 27162045 27163002 27385010 27385024 27385030 27386003 27397046 27399002 27399023 27459015 27934018 28029006 28029036 28219002 29836013 30022025 30205030 30754025 30785018 31097028
Daung|1|31083027
Dekenange|1|30927023
Dekeneko|1|30874020
Delaing|5|23718017 23783011 24558021 25343018 30804011
Demas|2|29557007 29963011
Demasě|1|29881003
Demetrius|3|27610013 27624003 30671007
Deng|6|24131001 24828001 26100010 27081010 27889001 30591001
Derbe|5|27421013 27435025 27436002 27485006 27631023
Diadikang|1|30776001
Diahieko|1|27759001
Diahiko|3|23196020 25030018 27758016
Diměnta|1|28765001
Dingange|1|30928015
Dingangi|1|25194001
Dingangken|1|31035010
Dingangkeweng|1|31038020
Dingangu|244|23233025 23277013 23295001 23296001 23339026 23423019 23439014 23445011 23456001 23458009 23459017 23481005 23515033 23520015 23594038 23596001 23676001 23692024 23733001 23746014 23747001 23775025 23818027 23820001 23848025 23853006 23928001 23929001 23941001 24168001 24300001 24344001 24372001 24468014 24533001 24584001 24621020 24631027 24707001 24707019 24722019 24868019 24903001 24911040 24945001 24988007 25180001 25181001 25204044 25377005 25379001 25410016 25423033 25432031 25447019 25633001 25639014 25839023 25966014 25985001 26013013 26041001 26164001 26248001 26293024 26462012 26511013 26550001 26626001 26631001 26663019 26727001 26729010 26795001 26918001 26923017 26932016 26964024 26983020 26992001 27051019 27056001 27073001 27091001 27109018 27216030 27233001 27438001 27463039 27532001 27538001 27566016 27584001 27589014 27612035 27613013 27646001 27676011 27772028 27782001 27822018 27921023 27966017 27993009 28000001 28022020 28051001 28073001 28079017 28105023 28140001 28166001 28174015 28176009 28182001 28203012 28203029 28209026 28251026 28268020 28289012 28291015 28310001 28315001 28316001 28320018 28331001 28346016 28374005 28407001 28411013 28416011 28434001 28442020 28481040 28499014 28510014 28532018 28534024 28540001 28554017 28556011 28579013 28584027 28588022 28606001 28640001 28668001 28680008 28706018 28736001 28749001 28756001 28869012 28877001 28891015 28959040 28961049 28968019 28970036 29037012 29042036 29127001 29203034 29264001 29272001 29351025 29357018 29366001 29372001 29376001 29380029 29393011 29464013 29476024 29483011 29509012 29560001 29566022 29569015 29654020 29657001 29668001 29713023 29754025 29777012 29789010 29808001 29824001 29828001 29871001 29879031 29966024 29988017 29991012 29993001 30002015 30022014 30028019 30087001 30106001 30114001 30129001 30144016 30158001 30168009 30172001 30218001 30252015 30277001 30341001 30346022 30349036 30369014 30376053 30383015 30402016 30430001 30432001 30440024 30441011 30464008 30470001 30486012 30487001 30491001 30510022 30553011 30553017 30628009 30688017 30765041 30813021 30826024 30879037 30896001 30916012 30919008 30942011 30953025 30996001 31051001 31098028 31100001
Dionisius|1|27558016
Diotrefes|1|30668011
Diọěllo|1|27819015
Doa|1|29647001
Doitu|1|27062001
Doitě|1|24136009
Dokeng|8|23472001 24909020 25637018 26047001 26426017 26473001 28061001 29218012
Dokter|1|29557002
Dokterě|1|25087018
Dokě|1|27168039
Dokạ|1|28745001
Dolohẹ̌ko|2|25404030 25649007
Domba|37|26213005 30786007 30786024 30787004 30788003 30792010 30793036 30795006 30797004 30799003 30801004 30803004 30806005 30810032 30820062 30821026 30825040 30828003 30829004 30903013 30917031 30928008 30931021 30931046 30937041 30950015 30990008 30990012 31025021 31027017 31063041 31068021 31076024 31077018 31081039 31082027 31084021
Dombaku|1|25595020
Domban|2|26074018 26081016
Dongkeng|2|24560015 24876001
Dorkas|4|27253023 27257021 27257028 27258030
Dorkasě|1|27256037
Dosa|4|28060001 28071003 28083001 28105017
Dosanu|2|23385005 24270005
Drusila|1|27794012
Dua|2|26097001 27930001
Duang|2|25687001 25688001
Duata|492|23208021 23238017 23241007 23245009 23245014 23254026 23254047 23255009 23255024 23268025 23338012 23357024 23358010 23433006 23436032 23471019 23472011 23479030 23571012 23578017 23583014 23589019 23592015 23637016 23674029 23692009 23696029 23729021 23731023 23732019 23777029 23786019 23787018 23852036 23858041 23870010 23870023 23889037 23902019 23929021 23982027 24042005 24042017 24055016 24083008 24118017 24120013 24173021 24240034 24472003 24512033 24534026 24586017 24604008 24612018 24613021 24614013 24631021 24672029 24688034 24819010 25067008 25185034 25216031 25224024 25345008 25422031 25426009 25481016 25547020 25548017 25706006 25818002 25881020 26062015 26074019 26081017 26124010 26142007 26142021 26155008 26180025 26241014 26285037 26286017 26287009 26304018 26327018 26346006 26348009 26423030 26424027 26429006 26429020 26444025 26457020 26474007 26515022 26515032 26516013 26518011 26564023 26634026 26634035 26662017 26726024 26730012 26740014 26757034 26763017 26918015 26967001 26972022 26973005 26981021 26986025 26988038 26989004 27010010 27018008 27020014 27022003 27022028 27035026 27042014 27042022 27089014 27099008 27119036 27125008 27155041 27161024 27168016 27182021 27293033 27301012 27326035 27373024 27380029 27385006 27389018 27401048 27411025 27430044 27437038 27452001 27453008 27548001 27554007 27555024 27563021 27563035 27597001 27654011 27715029 27719008 27719035 27736029 27842043 27847009 27911035 27928018 27933005 27947013 27986015 28017001 28022031 28025032 28029016 28037014 28037027 28039003 28039031 28040046 28043011 28048018 28049007 28057007 28059012 28065049 28068027 28082050 28085050 28087014 28088053 28088057 28089012 28124013 28131013 28134024 28134038 28140034 28143033 28144027 28147027 28150010 28159017 28162008 28162019 28164019 28165003 28167027 28175026 28194009 28195008 28199015 28201016 28204029 28215011 28216018 28217022 28235020 28235063 28238033 28240007 28246013 28248023 28268029 28291029 28303010 28304021 28314009 28362037 28363005 28389014 28390013 28391004 28394001 28400022 28404032 28408010 28441020 28477011 28508014 28531016 28562043 28626017 28685038 28712001 28769021 28802012 28820035 28822001 28824001 28839023 28842029 28842031 28851020 28866012 28879019 28897018 28899021 28906010 28906025 28926032 28928017 28929036 28938030 28977011 29005016 29021001 29048023 29048052 29051035 29062003 29064011 29064033 29068019 29098059 29099009 29108017 29111018 29113035 29117008 29117032 29119003 29120009 29120032 29122034 29124012 29124031 29127020 29132022 29140005 29141015 29155019 29160016 29167006 29170020 29196004 29205017 29208002 29209012 29216004 29218001 29221014 29225039 29226017 29229001 29231015 29232031 29236010 29237001 29242021 29247024 29247030 29248025 29249021 29251011 29255001 29258043 29259020 29262002 29270007 29271021 29272003 29272011 29279004 29285007 29290021 29308005 29356037 29368001 29370001 29464007 29465003 29471019 29476009 29476029 29478017 29488024 29491001 29497034 29555049 29593017 29604018 29607005 29620010 29655019 29666036 29672031 29698024 29751017 29752004 29785003 29800023 29802007 29811036 29811051 29819001 29838016 29842015 29843034 29850012 29861019 29862018 29870009 29870030 29872035 29876033 29879030 29894030 29895018 29914024 29921017 29931010 29944018 29946011 29946024 29961015 29969004 29970004 29971011 29974001 29978019 30004023 30008029 30009014 30016003 30018040 30022018 30023014 30024004 30024012 30026014 30028009 30032013 30036022 30057027 30060013 30064031 30084034 30085010 30106008 30121028 30144008 30163024 30170011 30179019 30186015 30199015 30212020 30224040 30236028 30266014 30272020 30299016 30299026 30299029 30301014 30315013 30317027 30342025 30344031 30346006 30367044 30371024 30374017 30379011 30380020 30392004 30392016 30395004 30404023 30405015 30419013 30424029 30432037 30434017 30442009 30449015 30486034 30487005 30490012 30503033 30506049 30535009 30546015 30550010 30555021 30565011 30568015 30571026 30573017 30573031 30580011 30580025 30581040 30587013 30589021 30590019 30599024 30601019 30604008 30606037 30649011 30662030 30681017 30686035 30697001 30702045 30704011 30749038 30788044 30803026 30828028 30831026 30832006 30915007 30916007 30919023 30931042 30939006 30953014 30954026 30955003 30955034 30956009 30960018 30969034 30972020 30993014 31014009 31018016 31026020 31048014 31057034 31076019 31084014 31092020 31092027 31102010
Duata-Ku|5|24861016 26885046 30759013 30759030 30759041
Duatae|1|30898016
Duatam|1|28021021
Duatan|5|27010001 27380001 28915041 30103040 31057043
Duatane|1|30655011
Duatang|12|23905006 24700043 25817028 25817030 26885048 27010005 27090014 29242048 30790016 30814027 30821016 31019018
Dumakeleng|1|30238038
Dumakelengbe|2|25419015 25488021
Dunia|10|23791008 24586015 24780019 26336001 26686015 26785006 28594008 30211001 30528020 30568001
Dunia'm|2|31052014 31053006
Duniang|1|25548016
Děmmẹko|1|28462001
Děmpugě|4|23313001 23467029 25488001 30399020
Děntako|1|23488001
Děntạ|1|31101018
Děntạe|1|23627001
E|15|23760010 23806010 23891012 24862008 25033016 25189011 25531007 26904006 26906009 26935001 27430001 27546017 27572013 27621014 27693002
ENE|3|26406042 26410030 26650033
Eber|1|25061012
Ebulus|1|29892011
Efata|1|24498017
Efesus|26|27577004 27579036 27582013 27585020 27587017 27603011 27609011 27612050 27614025 27620024 27621018 27621026 27628004 27643009 27644009 27666010 27694014 28751027 28785011 29208004 29700012 29700028 29828007 29883007 30709016 30719005
Efraim|1|26578025
Efrat|2|30855016 30967011
Ei|21|23176001 23322001 23662007 24240001 24856013 24970001 25098001 25189031 25210016 25480008 26803011 27009010 27159030 27279020 27345032 27373003 28755001 28774001 28774006 31014001 31014007
Elam|1|26959008
Eleazar|1|23157025
Eli|3|24176012 24176013 25049028
Elia|31|23474013 23687015 23704011 23705039 23711015 23712007 23713008 24177013 24179012 24423012 24529015 24543013 24544034 24550016 24551005 24552007 24862014 24863040 24911015 25089006 25090009 25310007 25321017 25332011 25335041 26066012 26070011 28212027 28212039 28214005 30372002
Eliezer|1|25055006
Elimas|3|27371008 27371014 27374030
Elisa|1|25091006
Elisabet|13|24899030 24901008 24907017 24918006 24920008 24930003 24934016 24935003 24935013 24935024 24950010 24951004 24952016
Eliud|1|23157024
Elmadam|1|25054012
Eloi|2|24861011 24861012
Elyakim|2|23157020 25056015
Emaus|1|26005017
Endai|1|27425008
Endaị|1|30770034
Endaịko|1|25155019
Endọbeng|1|28698029
Ene|290|23173001 23186042 23228001 23345001 23347001 23371001 23376001 23389001 23399001 23400001 23402024 23408014 23410006 23416001 23512001 23534016 23536001 23550001 23568006 23593001 23612001 23621014 23629001 23632001 23649001 23656001 23663001 23666001 23689001 23696001 23759001 23764001 23837001 23841001 23850015 23872001 23898010 23907001 24011001 24016001 24019001 24062020 24075001 24081001 24086001 24105012 24122001 24124001 24128024 24129001 24133001 24134027 24154018 24154043 24175001 24176001 24180001 24197001 24203001 24232001 24234001 24242001 24248001 24260001 24267001 24279001 24310007 24339022 24367001 24371001 24383001 24387001 24400001 24410017 24442001 24443001 24455001 24481001 24508001 24552020 24564001 24567001 24572001 24624001 24630001 24635001 24661001 24692001 24707029 24715001 24730011 24735001 24756001 24758041 24759001 24765001 24777001 24785001 24798001 24812001 24827035 24869001 24871001 24877026 24886015 24904001 24920001 24935001 24938001 24953001 24991001 25007001 25010001 25022001 25024001 25030001 25080001 25097001 25104001 25118016 25128001 25133001 25136001 25141001 25148001 25153013 25159013 25160001 25200001 25208001 25209001 25214012 25232001 25265001 25268001 25279001 25282001 25298001 25299001 25302001 25312001 25318001 25332001 25335001 25353001 25385048 25435001 25459001 25510008 25531001 25567001 25575011 25579001 25604001 25640001 25651006 25693001 25795016 25809007 25825001 25888001 25962001 26007001 26023001 26102001 26263018 26442001 26457041 26504001 26584001 26610014 26637001 26655001 26832001 26834001 26839001 26852001 26869015 26903001 26908001 26939024 26956001 26972030 26987001 26999001 27044012 27054001 27054011 27081024 27083033 27087001 27093001 27094021 27134001 27146001 27159017 27176001 27183001 27192001 27203001 27213015 27220001 27228001 27270010 27287001 27310001 27341001 27345001 27353024 27354001 27357015 27405001 27426001 27441009 27491001 27503001 27540001 27563001 27577001 27580001 27587001 27591001 27618001 27636001 27645001 27663001 27682001 27692001 27695001 27712001 27736001 27768001 27769018 27794001 27796001 27804001 27815001 27848001 27863048 27876001 27883001 27890010 27895001 27901001 27903014 27904001 27915037 27916001 27935011 27948034 28039012 28079010 28113001 28197019 28201001 28230001 28528011 28723009 29109001 29165001 29390015 29407077 29460001 29517011 29827001 29842027 30018014 30101015 30117041 30163001 30212001 30232010 30317001 30461013 30497016 30569032 30669028 30710001 30772010 30773001 30788001 30796001 30803009 30829001 30892018 30893001 30899001 30996008 31046001 31050001
Eneas|5|27250009 27251005 27251006 27251021 27252009
Enekụ|1|23865015
Enos|1|25064003
Ené|4|28370001 30715001 30715016 30781001
Epafras|3|29473007 29555004 29962002
Epafroditus|2|29417009 29461026
Epenetus|1|28342013
Epikuros|1|27542005
Epạ|1|26116006
Er|1|25054015
Erastus|3|27608015 28360019 29891002
Esau|4|28169019 30193012 30229020 30230007
Etiopia|5|27204013 27204034 27211002 27214030 27216023
Eunike|1|29815018
Euodia|1|29445005
Eutikhus|1|27636008
Fanuel|1|25010016
Farisi|107|23200004 23255019 23391005 23394022 23414003 23492004 23504003 23505006 23514003 23515006 23528010 23635002 23646018 23648007 23674003 23679011 23684022 23685026 23766003 23770003 23872008 23888004 23907004 23914003 23921006 23932009 23933009 23934009 23942009 23944008 23945004 23946008 23948008 24192013 24277009 24279011 24279034 24285003 24295003 24465002 24467002 24469005 24512004 24516006 24591004 24687005 25125013 25129007 25138005 25141012 25149005 25154007 25158007 25226003 25232004 25233022 25235004 25443008 25444002 25445013 25448005 25449005 25459014 25461029 25550008 25555014 25557011 25558007 25591002 25635002 25672003 25699016 25700002 25703020 25771004 26069006 26122008 26158002 26160007 26361002 26374017 26376009 26377012 26379005 26379025 26385009 26395011 26454028 26457007 26458003 26481002 26570010 26571004 26581011 26600004 26623028 26789031 27094008 27448007 27741026 27741043 27741045 27742007 27743030 27744008 27829028 29427035
Febe|1|28338009
Feliks|12|27759016 27761005 27771030 27792003 27794006 27794020 27794029 27795019 27796003 27797009 27797015 27811027
Feniks|2|27868031 27868038
Fenisia|4|24490022 27327025 27446015 27667009
Festus|16|27797006 27798004 27799024 27801003 27803014 27806003 27809007 27810017 27811010 27811020 27819006 27819023 27820031 27821003 27848009 27856006
Figelius|1|29825018
Filadelfia|2|30709021 30754005
Filemon|2|29940006 29946006
Filetus|1|29845017
Filipi|8|23686009 24528012 27496006 27496013 27633014 29363011 29458006 29573022
Filipus|35|23421004 23601031 24307003 24425029 25027023 25161015 26088014 26091017 26093018 26263024 26264017 26602005 26602020 26603003 26679001 26937031 27107035 27182002 27183007 27183028 27189004 27189033 27190014 27203010 27204003 27206007 27207003 27207021 27208018 27211007 27212003 27214002 27215010 27215022 27673023
Filipusě|6|26089002 26090001 26265002 26677003 26678020 27217004
Filologus|1|28352003
Firdaus|2|25979014 29026013
Flegon|1|28351005
Fortunatus|1|28794007
Gabata|1|26839031
Gabriel|3|24913007 24920015 24921002
Gad|1|30816018
Gadara|1|23374009
Gahịu|1|24199001
Galatia|7|27490028 27581013 28778022 29059009 29104006 29881025 30376015
Galilea|79|23192043 23206008 23222011 23223012 23225014 23228008 23233002 23235014 23599007 23663012 23723008 23764010 23838010 24087014 24124027 24185023 24203028 24206021 24212009 24225012 24230010 24232008 24244012 24255010 24274009 24296009 24296014 24325008 24366011 24429027 24495015 24569014 24783014 24825031 24868018 24881021 24920023 24978009 25013023 25027021 25045005 25078008 25095010 25125031 25272017 25309006 25520013 25521009 25521026 25663013 25924022 25941020 25942013 25985015 25991008 25998024 26088008 26097013 26107018 26160021 26200011 26202007 26203009 26204011 26211011 26259011 26330010 26338017 26370022 26381007 26381027 26602027 26901016 26935005 26957014 27097012 27248006 27297014 27394023
Galio|4|27570004 27572007 27574004 27575021
Gamaliel|3|27094011 27099030 27708033
Gandaria'n|1|27072033
Gandariang|2|26505006 27008018
Gandung|1|25043013
Gasa|1|27203022
Gatin|1|30848021
Gatin'E|2|23703010 30714017
Gatine|2|30772001 30863023
Gayus|5|27615015 27631021 28360002 28378014 30660008
Genesaret|3|23632014 24461012 25109010
Gerasa|3|24366014 25272013 25283005
Getsemani|2|24091012 24787008
Giadu|1|30846017
Gideon|1|30205022
Gog|1|31047018
Goghahe|1|26115004
Golgota|3|24163010 24849007 26843019
Gomora|4|23433016 28185029 30507008 30680007
Gorden|2|24181001 24865001
Gordeng|1|25981001
Guběrnur|1|25027013
Guběrnurě|7|26816020 27370014 27759014 27761003 27765024 27771028 27772016
Guru|49|23365012 23528014 23779012 23889022 23897002 23909002 23926012 23927009 24104017 24362022 24544010 24556009 24577009 24609002 24624016 24640020 24662018 24688011 24693002 24706012 24719013 24800014 25038016 25113002 25270015 25270017 25295032 25335018 25340010 25389015 25451010 25473011 25707012 25771014 25801012 25808002 25819008 25834007 26083024 26083030 26094002 26123013 26147009 26188011 26283019 26386007 26443011 26532005 26552018
Gělikengkong|1|24408017
Gělirengkon|2|25409001 31001001
Gěnnang|1|27863001
Gěnnangu|1|27594001
Gětung|1|30800021
Habare|1|29748031
Habareko|1|25932001
Habaru|1|29472001
Habarě|11|23234001 23406001 27259001 27296017 27446038 28197005 28387016 28399001 28865001 28865013 29489034
Habarẹ̌ko|3|27355031 29771001 29939012
Habel|6|23954021 25457005 30177005 30177017 30177036 30237026
Haeng|2|27316007 28623046
Haesě|1|28461014
Hagar|2|29156024 29157003
Haghin|1|28806001
Hakịewen|1|28045001
Hakịu|33|25203001 25500001 26406001 26591001 26599001 26742009 26976001 27023001 27468001 27725018 27765015 27780031 27786001 27951030 28129001 28188024 28297001 28313022 28631001 29319009 29604001 29622001 29662001 29677001 29758001 29778001 29816001 30006001 30029001 30139001 30537001 30543010 30826001
Hal᷊ě|23|23899008 23992002 25811001 26011001 26011008 26036008 26220018 26245001 26650001 26731026 26850026 26862001 27341029 27555017 28354022 28924059 29114011 29473001 29715003 30032021 30063001 30080001 30098001
Hal᷊ẹ̌be|1|29541001
Hal᷊ẹ̌keko|1|29406001
Hambaku|1|27610026
Hana|2|25010013 25011002
Hanas|4|25028009 26799008 26810004 27029008
Hapusẹ̌ko|1|23886008
Hapị|4|23885009 25411020 25564021 26535012
Hapịu|1|30317035
Haran|2|27119026 27121013
Hari|1|27341034
Harmagedon|1|30971017
Harun|4|27157005 30035030 30076055 30110034
Harusě|1|24688064
Hatede|6|26859020 27844001 28376001 28526001 28563024 30148001
Hawa|2|28993018 29730013
Hemorě|1|27133023
Hengetang|13|24615001 26046008 26046012 26046018 26049001 26055001 26059001 26629014 27409015 27412001 29952032 30542006 30542011
Hengetang'E|1|29896012
Hengetang-Ku|1|26433009
Hengetange|2|30400009 30565026
Hengetangu|5|26326018 30027001 30500010 30565045 31031016
Henokh|5|25063006 30178005 30178043 30687002 30687017
Hermas|1|28351008
Hermes|2|27427017 28351006
Hermogenes|1|29825020
Herodes|74|23171015 23173005 23177005 23182017 23183021 23185007 23186003 23189003 23192012 23599005 23600003 23601006 23601019 23602011 23603004 23604004 23604022 23605003 23607005 23889015 24295016 24422011 24424004 24425005 24425016 24425032 24426014 24427026 24428003 24428044 24429010 24429015 24430017 24430023 24431003 24431013 24433009 24434007 24516009 24687009 24899004 25027018 25027028 25045003 25046003 25249011 25309003 25311002 25311033 25550024 25943011 25943018 25944002 25945004 25947002 25948006 25951005 27050006 27339007 27341003 27342029 27344004 27349031 27357003 27357017 27357030 27358002 27358031 27358043 27358055 27359007 27361010 27364032 27770039
Herodesě|1|27361019
Herodias|9|23601026 23602018 23604010 24425021 24425037 24427006 24429003 24430006 25045015
Herodion|1|28348003
Hesli|1|25051012
Hezron|2|23147022 25059012
Hierapolis|1|29556019
Himeneus|2|29717007 29845015
Himukudě|1|23624017
Hindua|3|26540005 26892005 26901010
Hingide|1|30213013
Hinone|1|30353001
Hipeko|1|29304001
Hiten|1|29012021
Hitenu|2|27123010 28041030
Hiung|2|23510001 25220029
Hizkia|1|23151029
Ho|30|23213015 23676019 23867004 24173014 24688045 24691001 25086024 25367001 25401014 25696001 27033001 27553001 27750001 28001001 28069001 28105001 28108001 28116001 28134001 28175001 28617001 29039001 29282001 29389001 29394001 30012001 30016001 30077001 30205001 30214001
Hombang|2|30757025 30887001
Hosana|1|26594015
Hosea|1|28181007
Hotede|3|27203011 27280001 28751046
Hu|2|24243013 24445013
Huang|11|30064027 30095011 30108010 30109011 30114021 30118005 30130009 30130017 30131010 30153017 30253017
Hukumang|3|24714020 25827022 30960008
Humotong|2|26799001 29950001
Humotong-motong|2|28619001 30142001
Humotonge|1|25572011
Hěbi|4|24187001 24351001 26445015 28279001
Hědo|1|26410008
Hědoko|1|30814004
Hědowen|1|29668013
Hědoweng|1|28946038
Hědọeng|1|28328001
Hědọewe|1|29620001
Hěnggeng|2|23447001 25466001
Hěnton|1|23915014
Hẹ̌dowe|1|25852001
Hẹ̌dowem|1|28757001
Hẹ̌dowen|4|26667024 28453016 28780001 30669001
Hẹ̌doweng|1|29669013
I|2400|23163008 23163031 23164001 23166001 23169016 23170024 23172001 23175001 23179005 23181001 23181017 23183020 23184001 23185001 23188010 23190004 23191001 23193021 23196001 23197001 23199001 23200026 23200030 23204001 23204032 23207008 23210012 23216006 23220013 23228027 23230001 23231020 23233015 23234017 23248001 23249001 23250011 23255003 23256001 23262001 23268001 23273001 23278001 23280027 23282017 23283001 23283010 23285021 23287014 23288010 23290013 23291005 23292005 23299014 23301014 23309005 23309028 23310001 23321001 23326001 23328024 23332007 23333001 23337007 23348009 23352010 23354017 23361009 23363016 23371011 23374021 23375001 23398020 23400022 23404019 23408020 23415017 23415031 23420001 23423001 23426018 23436001 23440001 23443026 23449006 23455001 23457001 23458001 23459001 23460001 23461019 23462001 23463001 23467019 23475001 23476009 23477001 23477015 23478001 23478016 23483005 23493004 23494001 23497007 23505013 23509001 23510012 23517001 23517026 23520001 23524001 23529013 23529021 23530001 23536017 23537023 23538005 23538009 23549009 23554012 23557023 23559019 23563017 23567013 23568017 23572021 23582001 23601018 23608001 23615001 23618001 23631013 23635014 23641001 23648009 23657021 23664015 23673009 23674015 23677009 23677017 23679001 23680014 23681021 23687016 23689005 23694032 23696016 23697009 23706026 23716006 23718009 23724001 23726001 23726021 23729012 23732001 23734001 23756018 23766010 23771004 23772004 23775035 23800001 23802010 23803011 23811002 23812008 23814001 23814009 23815001 23815013 23818013 23825010 23826001 23829012 23832009 23834001 23838001 23839017 23843001 23843006 23846001 23846009 23846033 23850043 23852001 23854008 23855022 23868001 23871001 23878009 23880011 23883005 23884009 23889016 23889030 23896015 23897006 23902005 23905019 23923001 23924011 23925001 23926001 23930001 23931001 23932010 23932014 23932023 23933010 23933014 23934010 23934014 23935007 23936001 23937001 23942010 23942014 23943001 23944009 23945001 23946009 23946013 23948009 23948013 23952001 23963016 23964001 23973001 23975001 23976001 23982011 23988021 24009013 24019017 24020009 24023022 24033021 24035001 24057001 24059001 24062010 24065018 24070001 24072016 24074012 24078004 24080017 24088001 24090001 24092014 24093001 24095019 24102029 24103001 24103013 24105001 24113001 24113026 24116001 24116005 24120010 24120020 24121009 24121013 24123012 24132001 24134001 24135001 24139010 24141013 24143008 24147022 24148001 24151008 24151019 24158001 24159001 24160001 24162013 24170001 24170004 24171019 24172001 24173001 24174001 24177009 24183001 24184020 24187013 24188001 24191001 24195001 24202001 24202005 24204010 24209003 24220011 24220021 24221014 24222001 24223001 24227008 24227014 24232023 24235022 24240010 24240026 24245017 24246001 24250018 24251011 24261024 24263005 24265011 24268007 24268013 24273014 24293031 24297022 24298001 24299001 24302014 24305010 24310003 24311010 24320011 24321010 24321028 24322004 24322009 24324001 24333008 24334022 24335007 24336002 24362018 24368015 24369020 24374007 24380001 24380016 24381001 24387008 24394001 24394018 24395024 24396005 24399025 24405001 24410028 24414001 24415001 24416001 24418001 24420012 24425015 24428021 24430029 24431012 24432016 24438015 24442012 24445006 24448001 24456001 24466001 24467019 24470004 24473007 24474001 24474015 24488017 24489016 24495016 24496013 24501010 24509001 24512019 24517011 24517014 24518027 24519001 24519008 24529001 24530016 24530019 24532029 24535021 24549001 24551004 24556016 24558013 24559001 24563001 24565030 24572019 24573001 24574013 24574018 24576001 24580002 24581001 24591013 24592004 24593001 24594001 24600006 24604004 24608001 24618005 24619010 24622003 24622023 24623001 24626001 24626005 24627001 24631012 24634009 24637001 24638018 24638025 24646001 24650001 24656031 24658010 24659022 24668001 24669001 24671001 24672017 24674005 24680001 24684001 24688001 24688027 24689008 24691021 24692014 24693009 24698004 24701007 24701013 24708018 24712001 24712012 24713001 24714001 24716008 24720005 24727001 24727017 24727025 24731001 24732001 24733001 24734001 24740012 24745001 24752012 24752026 24758026 24761015 24763011 24766001 24775004 24778009 24782007 24786001 24787001 24788013 24792012 24798025 24799001 24806014 24809001 24813001 24816007 24819001 24819019 24824017 24828023 24829001 24836001 24836006 24840001 24842001 24846001 24855012 24856010 24858014 24858020 24859023 24869011 24869018 24877008 24880020 24880024 24881014 24882015 24888017 24890001 24896001 24899017 24900009 24907024 24908001 24909001 24911001 24911017 24915009 24916014 24919001 24921001 24925001 24926001 24930002 24934001 24940001 24942001 24947001 24948001 24951006 24953016 24954008 24957001 24957013 24961001 24961018 24962001 24962007 24963001 24967001 24970010 24973017 24974012 24978001 24979001 24981001 24986005 24987013 24990001 24998001 24999013 25008001 25008027 25014008 25018001 25020016 25022008 25023001 25026001 25027022 25029020 25033011 25033021 25037001 25037004 25038012 25039001 25040017 25042039 25048022 25048029 25067005 25072001 25073022 25076001 25079001 25080023 25081007 25082021 25086014 25088001 25093021 25098012 25098024 25102001 25104022 25105014 25111001 25117001 25119001 25125020 25126015 25129024 25130001 25135018 25139001 25148018 25150001 25151001 25157001 25160021 25160032 25161001 25165001 25165017 25167001 25182005 25182018 25185012 25195001 25202026 25205001 25205006 25212001 25212012 25216001 25216012 25220019 25221001 25226018 25228001 25228015 25228029 25229001 25229017 25237001 25238001 25240014 25241001 25242001 25245014 25247025 25248015 25256001 25256004 25259029 25261019 25262014 25266017 25267007 25270011 25270021 25271016 25271029 25273030 25276007 25281009 25281032 25281041 25287014 25289016 25291001 25291004 25292001 25294001 25295013 25295024 25311001 25313014 25315005 25320016 25321001 25322014 25322017 25324001 25324025 25325012 25332018 25335042 25343001 25343009 25349001 25350008 25351001 25354009 25357001 25360001 25379005 25379016 25380008 25380015 25381001 25383002 25385015 25388019 25389011 25390001 25393008 25393011 25403001 25403008 25404010 25405005 25419021 25421005 25424019 25429001 25435022 25439011 25445008 25446001 25448006 25449006 25450004 25452011 25453004 25468003 25474004 25476011 25479007 25484005 25484026 25485001 25492001 25495006 25502003 25513001 25513014 25513027 25516001 25516006 25519002 25526030 25534004 25537001 25545001 25545005 25548001 25568001 25579008 25581001 25584001 25589014 25591010 25597016 25605001 25612011 25615001 25622011 25631001 25634030 25636007 25639001 25642001 25650001 25662019 25664016 25672015 25679001 25680005 25685001 25697002 25706002 25709001 25713001 25717006 25718005 25720012 25721001 25722001 25723015 25728001 25735001 25738001 25739008 25739012 25746020 25751007 25753012 25754006 25754018 25764001 25766001 25770001 25775001 25776001 25784001 25787005 25789017 25800008 25801025 25806018 25807011 25807024 25816009 25817001 25818008 25826007 25826020 25827001 25829001 25834001 25835001 25839013 25843001 25844001 25848013 25864001 25870001 25871001 25876007 25878015 25898001 25902010 25909001 25910012 25912010 25919001 25919012 25922005 25923011 25929001 25935001 25936009 25938009 25938012 25938019 25944001 25944026 25947001 25949001 25950005 25955001 25956001 25962028 25971016 25972006 25975010 25975013 25976018 25984011 25986014 25988001 25991018 25997001 25998001 26002013 26003016 26004022 26006001 26008001 26009014 26010011 26011018 26017007 26020010 26026001 26026012 26027001 26028001 26029001 26040001 26043001 26044001 26052001 26053001 26056001 26060001 26060018 26061001 26065001 26066011 26068001 26071001 26072001 26077001 26082001 26083013 26083016 26084007 26086001 26086017 26087001 26087018 26087026 26088009 26089001 26090010 26090032 26093017 26094006 26094012 26095004 26099012 26104018 26105011 26107009 26108018 26131004 26133001 26140001 26141001 26143012 26144009 26147001 26148001 26149001 26152001 26152011 26152026 26153001 26154001 26156001 26157001 26157027 26166006 26168004 26169001 26169012 26170001 26177001 26179001 26184010 26184032 26186016 26192001 26196017 26199001 26199008 26209014 26214018 26220009 26221022 26228008 26229016 26230017 26232001 26233001 26234001 26235007 26235021 26238001 26239001 26244001 26246001 26248013 26250001 26265001 26277024 26280018 26289019 26293013 26300001 26300013 26307001 26309012 26312001 26314001 26315001 26318020 26327001 26330011 26341012 26341021 26346001 26347001 26351001 26363001 26366020 26379020 26381016 26385016 26388001 26394015 26396026 26397001 26398016 26401001 26401012 26405008 26405021 26409001 26411010 26415001 26415010 26415023 26416010 26421001 26421004 26422016 26423001 26423013 26423021 26426024 26426052 26428001 26429001 26434023 26434037 26438001 26438013 26444004 26452001 26453008 26456001 26456014 26456017 26458019 26461001 26463001 26464013 26465021 26469018 26470001 26472001 26476016 26476025 26478001 26478012 26482019 26483005 26487001 26491005 26495014 26498015 26498027 26499001 26502006 26502012 26506012 26508001 26511001 26514008 26515023 26516016 26517001 26521001 26523007 26523011 26526001 26532001 26533011 26538011 26540001 26548001 26549016 26554011 26561009 26563008 26571020 26573013 26578015 26580001 26581001 26583014 26584016 26587001 26587019 26588011 26590019 26600010 26602001 26602019 26606001 26607001 26607023 26614001 26615033 26616025 26622001 26624001 26625005 26628001 26629001 26632023 26634015 26640001 26641014 26641022 26642017 26643023 26644001 26651006 26657004 26664011 26678021 26679002 26679034 26681005 26686001 26687001 26690001 26690016 26691001 26692004 26692013 26693001 26697001 26703001 26705013 26706001 26713001 26714001 26715001 26715018 26723001 26725017 26726014 26729001 26730001 26736001 26740025 26741001 26745001 26745009 26754008 26759012 26762001 26766019 26766034 26768019 26785001 26788001 26789032 26790019 26791016 26793008 26796001 26799014 26801001 26804021 26811001 26811009 26814016 26816001 26817001 26817021 26819001 26819014 26821001 26823016 26823039 26824001 26825018 26826001 26826012 26832022 26835022 26840015 26841001 26841016 26842012 26849026 26850039 26863008 26864020 26864034 26865001 26865020 26866001 26872001 26873001 26874001 26874015 26876013 26879001 26880010 26881013 26883018 26884007 26892001 26893012 26896001 26897007 26902014 26907014 26910001 26911024 26916017 26925001 26927026 26931004 26938007 26941001 26942001 26942013 26948016 26954001 26954018 26955018 26956009 26957007 26959001 26961022 26963007 26965001 26974012 26975001 26977015 26978001 26979020 26981028 26981031 26982001 26982011 26983001 26984001 26988001 26992016 26995001 26997001 27007020 27011001 27012001 27012025 27013015 27018001 27019001 27019025 27020001 27025001 27029001 27030001 27031001 27032001 27039001 27039031 27050026 27051001 27059020 27061008 27062018 27067008 27068001 27069018 27069027 27076011 27085011 27088001 27088004 27088027 27089001 27089009 27092001 27094012 27107034 27108001 27110001 27113011 27115016 27116001 27119001 27128018 27136019 27142001 27143022 27148001 27149017 27152001 27153001 27156014 27157001 27163001 27168026 27169001 27169013 27172013 27175001 27175012 27179001 27180013 27182001 27186028 27190001 27195001 27198001 27207020 27207025 27209008 27210001 27211021 27214001 27218013 27221001 27227024 27230001 27236008 27237001 27238008 27238025 27243001 27244015 27244036 27246001 27249001 27251001 27253011 27253026 27256001 27257001 27260001 27261010 27262001 27262019 27264001 27266001 27268001 27271001 27274001 27277001 27281017 27282001 27282011 27288008 27290001 27291007 27292011 27295001 27297001 27298001 27298023 27301016 27303007 27311001 27312017 27320016 27322001 27326020 27327033 27332001 27351001 27353001 27355001 27356011 27358001 27361018 27368017 27369022 27370001 27370021 27373008 27374013 27379001 27381001 27390024 27398009 27399001 27404009 27408016 27413021 27416001 27416012 27424009 27428019 27430009 27430017 27432015 27432028 27434030 27434041 27437023 27442023 27445001 27448014 27450019 27452010 27457001 27465042 27467001 27468024 27469001 27475001 27478001 27480001 27482014 27483001 27484001 27485001 27485020 27487001 27487016 27488027 27495001 27498017 27499001 27499017 27501013 27501021 27502014 27504001 27504018 27504025 27505001 27505016 27512010 27515001 27515010 27518016 27520010 27521010 27521039 27524001 27525001 27526035 27527029 27529007 27530034 27530038 27531010 27542047 27543020 27548016 27549001 27550018 27552006 27552027 27556023 27560014 27560026 27560044 27564026 27571001 27578001 27582014 27588001 27588006 27588020 27588023 27590005 27596001 27599033 27611025 27612018 27616001 27621011 27623001 27626016 27629001 27631001 27632001 27634018 27637018 27639012 27640001 27640025 27643001 27647001 27657015 27661001 27666001 27668023 27670021 27672001 27673029 27676001 27679001 27681027 27685020 27685035 27686029 27694001 27695015 27701001 27702021 27704001 27705033 27709011 27717009 27718001 27720001 27727027 27733016 27738022 27739010 27740001 27741001 27746019 27746028 27747009 27749001 27749017 27752001 27756023 27766008 27771025 27772014 27775001 27776001 27776020 27781001 27783001 27795026 27799019 27806017 27807001 27807024 27809009 27816001 27820011 27821029 27825001 27825007 27826001 27828012 27838001 27838031 27840019 27850001 27851001 27858001 27858030 27859007 27859013 27865012 27866019 27872001 27885001 27889014 27895019 27899018 27902009 27903001 27906001 27907015 27908018 27910001 27912001 27921007 27926011 27928032 27931017 27953001 27960020 27961017 27963001 27964019 27965001 27980012 27980020 27981001 27982001 27983011 27984001 27984015 27985001 27985012 27986001 27990033 28009001 28020006 28022006 28026006 28027001 28029035 28034001 28034029 28035001 28035013 28040034 28041001 28042001 28043001 28044001 28047005 28048001 28062028 28075001 28080001 28087001 28093005 28096039 28098012 28098025 28106001 28116032 28116051 28124001 28126009 28128034 28134028 28139001 28140017 28145001 28146001 28150001 28151008 28151016 28152001 28153023 28160001 28160022 28161001 28161009 28161019 28169012 28175002 28176004 28178006 28179015 28180001 28181011 28182008 28185001 28192001 28194001 28196002 28198008 28201025 28208017 28209001 28209007 28212038 28214018 28216001 28219001 28227037 28228014 28232020 28234001 28243013 28243019 28244009 28244016 28245001 28252001 28252031 28253001 28253015 28254001 28254015 28254037 28254047 28271033 28277001 28279019 28280001 28284001 28287001 28290001 28291023 28299001 28303014 28305001 28318015 28320001 28338010 28341001 28343005 28344008 28344031 28349017 28350015 28358001 28360001 28360018 28362004 28365009 28372001 28373006 28377006 28377013 28381001 28395010 28410001 28415004 28416017 28416032 28420001 28420019 28427001 28439035 28441001 28442016 28443021 28444021 28444031 28447013 28451021 28451026 28470001 28476014 28477001 28477024 28479019 28487001 28520011 28524036 28529018 28534010 28552001 28554001 28565001 28566001 28569027 28571001 28572008 28576001 28577001 28578001 28580001 28581023 28586004 28589001 28589019 28591004 28591025 28593001 28638001 28647001 28648037 28653001 28662001 28664001 28670001 28670012 28671001 28672001 28673001 28683001 28704016 28713009 28713013 28720022 28744001 28766001 28790001 28792001 28792022 28794011 28795001 28796013 28799001 28804013 28805001 28808001 28809005 28812001 28813001 28813043 28821029 28839005 28842001 28844001 28845001 28846001 28847001 28855001 28861001 28862001 28862012 28862025 28868001 28868015 28874001 28884011 28886008 28889001 28890014 28893001 28895001 28897001 28899001 28902001 28905020 28906019 28907001 28908001 28910008 28911001 28915010 28919011 28919026 28924024 28928027 28935001 28938001 28938011 28940001 28940009 28942017 28953001 28954001 28955017 28963002 28966013 28967012 28975001 28977012 28979001 28983001 28984030 28985001 28985017 28987001 28989007 28992012 29003008 29010001 29039002 29042017 29048024 29051001 29053013 29064008 29067001 29070020 29071015 29081001 29085001 29086008 29086024 29086040 29091001 29098023 29099001 29104007 29106007 29112001 29113020 29116010 29117001 29130001 29131024 29133034 29142001 29144023 29145001 29147001 29149016 29154011 29157011 29160005 29164001 29176001 29177012 29180021 29185013 29189001 29195001 29202001 29210012 29215001 29220001 29220019 29234007 29240001 29241014 29242022 29242035 29244009 29249013 29249022 29250001 29280001 29282004 29287023 29291007 29292001 29294001 29297001 29303007 29306001 29307013 29308001 29313001 29319026 29330001 29331001 29335001 29347009 29347044 29350022 29359001 29369001 29378001 29393001 29393020 29399013 29400001 29403001 29404035 29414001 29414011 29414020 29417026 29418001 29424013 29425014 29425039 29437001 29439009 29442024 29443020 29446017 29458007 29469001 29471001 29471023 29473013 29475022 29479001 29481001 29484001 29484018 29487010 29493018 29494001 29494011 29498001 29502006 29508001 29510019 29515001 29519001 29530001 29531001 29536001 29537001 29538001 29539001 29540001 29549010 29550001 29550014 29552001 29552016 29552025 29553001 29553019 29554036 29555005 29555010 29555024 29557001 29562018 29563001 29563033 29563041 29565001 29566032 29567001 29570020 29571001 29571023 29572005 29573001 29575003 29576001 29577001 29581001 29581018 29582001 29583001 29585021 29589001 29593012 29593024 29594019 29597024 29613018 29618001 29627001 29627013 29628013 29630020 29632001 29636001 29651022 29655013 29656006 29658005 29660016 29661013 29671009 29672001 29672012 29675007 29682005 29686001 29686014 29687001 29688001 29689016 29690001 29690019 29698001 29704001 29705001 29711010 29712012 29717011 29721001 29723001 29733005 29736001 29739001 29741001 29743010 29744008 29745001 29748012 29749019 29751001 29782023 29784001 29792001 29794015 29805001 29806020 29819015 29820019 29825001 29831001 29846001 29849017 29849026 29851010 29852001 29853001 29856016 29857001 29858001 29858009 29864013 29864032 29865001 29865012 29867013 29869001 29872001 29875001 29881014 29881020 29885001 29886001 29888008 29889015 29891001 29900016 29901001 29902001 29909001 29909017 29912023 29912038 29918013 29921025 29923001 29927012 29929001 29929022 29935001 29942001 29955016 29955024 29962001 29967010 29969014 29973001 29974005 29978011 29985012 29987013 29987035 29992028 29998001 30001001 30006010 30007006 30010001 30014008 30020009 30036005 30036027 30037010 30043029 30044001 30049028 30050001 30054018 30055008 30056001 30057001 30059001 30060001 30066001 30068031 30071001 30081001 30082009 30086030 30091013 30091027 30092001 30094006 30095001 30102025 30104001 30118001 30118031 30130020 30134015 30139017 30140001 30142006 30142028 30144001 30157001 30159001 30163038 30164001 30170001 30173001 30177035 30180019 30182016 30184024 30186009 30192001 30196016 30198001 30199001 30200015 30206010 30206027 30207008 30210001 30210015 30211009 30215032 30215045 30222001 30222012 30229021 30230001 30231018 30236001 30236024 30236034 30237001 30238017 30241024 30251037 30252001 30283001 30284019 30285014 30289001 30290001 30295005 30297012 30302001 30304001 30313001 30314001 30315008 30317008 30319008 30321012 30322001 30335008 30337022 30340001 30340024 30342001 30342008 30349013 30350013 30352016 30358024 30359001 30359014 30360001 30360011 30361001 30365013 30366001 30366009 30372001 30372008 30376039 30378013 30379001 30383001 30386001 30387034 30392001 30393001 30395001 30403008 30405001 30408012 30411006 30416001 30422001 30424001 30431001 30435008 30436001 30438001 30443024 30443037 30450021 30457001 30459006 30466029 30471009 30474009 30476018 30477001 30481012 30483014 30497001 30497031 30498001 30501022 30502030 30505019 30513008 30513020 30515001 30515039 30516014 30516026 30519001 30526020 30528001 30534014 30538014 30538029 30542028 30543016 30545001 30550024 30557001 30560001 30561001 30562016 30574001 30580001 30585001 30586011 30587009 30589001 30591012 30594001 30594018 30600001 30603007 30607026 30608009 30611006 30612001 30618001 30619001 30620001 30620019 30621018 30622001 30623001 30626001 30626021 30627016 30629011 30630001 30631016 30634001 30637001 30643001 30644001 30645001 30645023 30653010 30655001 30655012 30664004 30665001 30670013 30671014 30677016 30679036 30680022 30681012 30682001 30682038 30683014 30684004 30685030 30685043 30686020 30687001 30687016 30689001 30689012 30689023 30691001 30692001 30692009 30699037 30707025 30711013 30720009 30721001 30722007 30724011 30725001 30725014 30728029 30729001 30729017 30731017 30732027 30735001 30735015 30738010 30741024 30744001 30744026 30746001 30747001 30751016 30753001 30756003 30759001 30760001 30764004 30764032 30768001 30769001 30785023 30786032 30788026 30789001 30789008 30790001 30791013 30793027 30804001 30812014 30813012 30815020 30820023 30823001 30823013 30823021 30824010 30825005 30825029 30827001 30828016 30831016 30845001 30845013 30856007 30861018 30862001 30863012 30868001 30871025 30875022 30879001 30879024 30883010 30884022 30886023 30888033 30890014 30899008 30900006 30901026 30903026 30910021 30914012 30916001 30927006 30931001 30931017 30935016 30937021 30940030 30944017 30949033 30951001 30951009 30951017 30961001 30969001 30984016 30987016 30990001 30992016 30992026 30995011 30998018 31004001 31004011 31008027 31009025 31012016 31020006 31029021 31033026 31043041 31043050 31045030 31049028 31057022 31058001 31059020 31061001 31064019 31086001 31098012 31098023 31101001
Ia|1|26968017
Ibrani|14|23168020 26213012 26839029 26843017 26846025 26884018 27705032 27707010 27838019 29012002 29012010 29427019 30852021 30971014
Idumea|1|24297005
Ikonium|6|27414023 27416011 27434018 27436027 27486010 29865023
Ikẹ̌kěndagẹ̌-Ku|1|28181027
Ilirikum|1|28323030
Imang|31|24058016 24112010 26805001 26810014 27029005 27118001 27710001 27737006 27771005 29995025 29997029 30029021 30030001 30033001 30036013 30037014 30037018 30041012 30041015 30042008 30065017 30076044 30082018 30091007 30093034 30094010 30095007 30096016 30117009 30117029 30131001
Imanuel|2|23168016 23168017
Inang|7|24432010 24494001 26100004 26164026 26852018 26881006 26883006
Ini|58|23146001 23210007 23470011 23555017 23706021 23869029 24167012 24217001 24424026 24546016 24685001 24779007 25003001 25223010 25337008 25628028 25884022 25974010 26225017 26370004 26395001 26434010 26528015 26612001 26676014 26767001 26771001 26773001 26818001 26840022 26913001 27294005 27360007 27927020 28011001 28049001 28057001 28072019 28625016 28872001 29156001 29221018 29285001 29392001 29461027 29607001 29995001 30009035 30022013 30115001 30126008 30150001 30558016 30614001 30641044 30719008 30726009 30825017
Inie|1|30497027
Injil'i|3|28986006 29593022 30387031
Injil'u|9|24230013 24231019 24303030 24536019 24889014 25218038 25840010 28951024 29708012
Injili|1|28553048
Injilu|4|29414018 29446024 29489032 30464039
Injilě|123|23233018 23415026 23465023 23972002 24068007 24217004 24218001 24618034 24728001 24764007 25044015 25107005 25247016 25308011 25637021 25781010 27102021 27181009 27189009 27202026 27212018 27217019 27296023 27302008 27328020 27395008 27422008 27430026 27436008 27450041 27494033 27651038 27673020 27932031 27933001 27934001 27940038 27946009 27947006 27948004 27979014 28204026 28205007 28238007 28252037 28320025 28323016 28324005 28356011 28362013 28370004 28381012 28385035 28449045 28557004 28557029 28558015 28559018 28559038 28564007 28720016 28720031 28721012 28730008 28730031 28837009 28863002 28864025 28970028 28988009 28994033 28994040 28997006 29064030 29066007 29067021 29069008 29070028 29084027 29087018 29089016 29089031 29096011 29105025 29108031 29111025 29145015 29220016 29247008 29258007 29259012 29260020 29284024 29353006 29357026 29358002 29358021 29367020 29369055 29374020 29378027 29389011 29389046 29458020 29566006 29573039 29575032 29579013 29580036 29658019 29708005 29818032 29820032 29821004 29836003 29837003 29876022 29888019 30017002 30021008 30400011 30453004 30933015
Irẹ̌dua|1|28484029
Isai|4|23147037 25058003 27385033 28316008
Isakar|1|30818003
Ishak|19|23147002 23357017 23905007 24700044 25060006 25547009 25817029 27010003 27149014 28163018 28166017 29160020 30182026 30190009 30191011 30192009 30192024 30193005 30315024
Ishakě|2|27125017 27125037
Iskariot|12|23422011 24069014 24308003 24765004 24766016 25163008 25868012 26329013 26585004 26633024 26657037 26691006
Israel|81|23151007 23157004 23162018 23162031 23176032 23191013 23356034 23413028 23424007 23658010 23665028 23791039 24139024 24172020 24703011 24859005 24910003 24948004 24962006 24974028 24999028 25006019 25008026 25089033 25091010 25205025 25895027 26013012 26076016 26092017 26094018 26131009 26594025 26930028 26972006 27009012 27033012 27050021 27091020 27095017 27140019 27143007 27152011 27153009 27154011 27155008 27159033 27232044 27296016 27379018 27382013 27387014 27394040 27590029 27693004 27693024 27831012 27841009 28162015 28183007 28208006 28211015 28212034 28217006 28855015 29012012 29012020 30070022 30074018 30076016 30101027 30103015 30125012 30125046 30195016 30201018 30202005 30232014 30678020 30732035 31066027
Israelě|15|23190025 23441029 26986007 27380002 27920027 28183011 28210003 28849025 29427012 30203005 30204031 30231015 30234005 30319027 30815027
Italia|5|27261016 27560021 27857009 27862012 30266024
Iturea|1|25027032
Izebel|1|30738015
IẠ|3|26406041 26410029 26650032
Iạ|1122|23183043 23185018 23229010 23246012 23252003 23252013 23257004 23263004 23267004 23269004 23274003 23279003 23338006 23340002 23340006 23349010 23353004 23354008 23355035 23356036 23386002 23393009 23393019 23408024 23434002 23436024 23441013 23450005 23451009 23452003 23452011 23453001 23455010 23455027 23458008 23458013 23458020 23466009 23470018 23485015 23488013 23489012 23517005 23518002 23520006 23534006 23553004 23555040 23570006 23575009 23575016 23606008 23625012 23629022 23642021 23658004 23666009 23666031 23677012 23684011 23688010 23692001 23698018 23713002 23717001 23718019 23733012 23733017 23748009 23748011 23786008 23787002 23792023 23797014 23807008 23814013 23816025 23843014 23851004 23851018 23851028 23854021 23854033 23905001 23917010 23953003 23956021 23963012 23983004 24021006 24034001 24044004 24044009 24044013 24044018 24044019 24044027 24045002 24045007 24045013 24051004 24051010 24051013 24051019 24052001 24052009 24052014 24052020 24052022 24054025 24065027 24066010 24067016 24073023 24076016 24078018 24084002 24084012 24086019 24086029 24087003 24087007 24089023 24091022 24094022 24101009 24108004 24110010 24110027 24116009 24125009 24130025 24134004 24154035 24176027 24193024 24201010 24216013 24218018 24224001 24233009 24240018 24254022 24257014 24271003 24278024 24303013 24406015 24430035 24433012 24458029 24470041 24503001 24504002 24513019 24521004 24525011 24528026 24530010 24536016 24539005 24552002 24557021 24558023 24564024 24576010 24576015 24576020 24576026 24576035 24578025 24607007 24618031 24629016 24670004 24670013 24670025 24674017 24674027 24700039 24710021 24727049 24761024 24762019 24763016 24773021 24780002 24780014 24782014 24783006 24785021 24787019 24803011 24804004 24813008 24813020 24817002 24823006 24826009 24827034 24861023 24880006 24898001 24912015 24913004 24913008 24932006 25023022 25042011 25082024 25098019 25107027 25121010 25132005 25140001 25174011 25194019 25202033 25205027 25210018 25219008 25223017 25240019 25241018 25274026 25292009 25292016 25311006 25320027 25322009 25326019 25328006 25342001 25343020 25350016 25350022 25350028 25350036 25367007 25380021 25380027 25382004 25385024 25413027 25414007 25415002 25424023 25426002 25430029 25455009 25465002 25469005 25478015 25482011 25509001 25511005 25524006 25527015 25544031 25546007 25551015 25551028 25552003 25553023 25572015 25573005 25573019 25574006 25598018 25607001 25608001 25608007 25625001 25645018 25656020 25700027 25701001 25708007 25737018 25753001 25783003 25788009 25788020 25793007 25793012 25823002 25835018 25842001 25876012 25880007 25880021 25881004 25883006 25886005 25892025 25894012 25895010 25897002 25899021 25900010 25902030 25917027 25918003 25922008 25926030 25932019 25933003 25940016 25958014 25958027 25964015 25982011 26031009 26036018 26036028 26041002 26071004 26077006 26079001 26093025 26095009 26095012 26100013 26128004 26133006 26133018 26149009 26149013 26150025 26164028 26174001 26182007 26183003 26183010 26191014 26192013 26195001 26228018 26235016 26241001 26241009 26241020 26241032 26242002 26243008 26245008 26247027 26248007 26248011 26250026 26252001 26253001 26253006 26254001 26254012 26256003 26257020 26278012 26293002 26295013 26296002 26296018 26297007 26297025 26299016 26302011 26306002 26309002 26314013 26315007 26315009 26315023 26323010 26325020 26328006 26336010 26336016 26337010 26345015 26346020 26352022 26357023 26357028 26357035 26357043 26358001 26358007 26358019 26362014 26362020 26362029 26363012 26363023 26393010 26394011 26396005 26396016 26396031 26397009 26398002 26398012 26398020 26400010 26400016 26403009 26405016 26405027 26406003 26406035 26408015 26408019 26410023 26410045 26411005 26411015 26411018 26419003 26422001 26424020 26424028 26424040 26427002 26428014 26431004 26431009 26432001 26432015 26436005 26436017 26437009 26437014 26437018 26437025 26437032 26440006 26440015 26445013 26446002 26446007 26479001 26480004 26489012 26491001 26492010 26493001 26496001 26496010 26496012 26496018 26496029 26496030 26499004 26499006 26500006 26500007 26500014 26507029 26509006 26510001 26512001 26518008 26518015 26518019 26519002 26520004 26520038 26535021 26539002 26539005 26548005 26549002 26566001 26566012 26566031 26589009 26607020 26608013 26608017 26609011 26613002 26613005 26621001 26625024 26626011 26627001 26628011 26628016 26629004 26630002 26630013 26631002 26631013 26639020 26645002 26646001 26649011 26650026 26651021 26651028 26651036 26652025 26664003 26665014 26668013 26669011 26669024 26671007 26671015 26672002 26672008 26672018 26675004 26676006 26678008 26678018 26679008 26680005 26681027 26684005 26685001 26687010 26688022 26689012 26689023 26690014 26690023 26690024 26692007 26693005 26693025 26694008 26697008 26697013 26697024 26697030 26697044 26698001 26699001 26700011 26700017 26701006 26704007 26705002 26705020 26705028 26709005 26709009 26710017 26712010 26716008 26718009 26719018 26721020 26722002 26723004 26724005 26724037 26725021 26726001 26726033 26727007 26727015 26730016 26731003 26731019 26731039 26732003 26732012 26732023 26733010 26734002 26734014 26734018 26734031 26734036 26737002 26737008 26741005 26741019 26742011 26742023 26744048 26749012 26752016 26753014 26754016 26754020 26755017 26759021 26759024 26760028 26764001 26765003 26766001 26768023 26768041 26769001 26769006 26770016 26771003 26771008 26771048 26772002 26772009 26772028 26773003 26773016 26774001 26774024 26775001 26776003 26778006 26778012 26779001 26780008 26780010 26781001 26781019 26781040 26782001 26783001 26783008 26783024 26783035 26784002 26784018 26784039 26785011 26785026 26786001 26786012 26786034 26791008 26792010 26794006 26794016 26797018 26806004 26806013 26806031 26809005 26820019 26821004 26822025 26823020 26823023 26824023 26830015 26837033 26847019 26854024 26885011 26885034 26889014 26889018 26902008 26914019 26915016 26916015 26921006 26921014 26922031 26922038 26967008 26969001 26975008 26985005 27003007 27022037 27124002 27149001 27149009 27151001 27151016 27151023 27151030 27159037 27160033 27166018 27166024 27167003 27214017 27222014 27227027 27232011 27232025 27233002 27274007 27280015 27286014 27313001 27313014 27318001 27365016 27365023 27385025 27388022 27396034 27397033 27404020 27410013 27459003 27459009 27546022 27564040 27568002 27573025 27601008 27647020 27650001 27652001 27654001 27660001 27678019 27704004 27706012 27708001 27709001 27713012 27715005 27716001 27722001 27723001 27723026 27724001 27726012 27733005 27741039 27741046 27746024 27770008 27780014 27791014 27792016 27795033 27805008 27807004 27808042 27819007 27826006 27834031 27839016 27840004 27840031 27841001 27841019 27844040 27849005 27890001 27917029 27919021 27940001 27941001 27944005 27944025 27947001 28040010 28099023 28101001 28106019 28110001 28111001 28157015 28158001 28162001 28165012 28171007 28171017 28173015 28173029 28191001 28208001 28208025 28208037 28209025 28209027 28209036 28210014 28211001 28211011 28214008 28221001 28224001 28235005 28237001 28237011 28265020 28265023 28292022 28318005 28322001 28322023 28338001 28341009 28348004 28354005 28356023 28359010 28360007 28362023 28365049 28365077 28368001 28376008 28376015 28376024 28376033 28399015 28400001 28412015 28415013 28417001 28438001 28448001 28465021 28480005 28489001 28494001 28495001 28523001 28542015 28545001 28546001 28549001 28558024 28560001 28560018 28561044 28562018 28568001 28568015 28583001 28597001 28601004 28603001 28650005 28656010 28656021 28694009 28694021 28695035 28697001 28700015 28700030 28724001 28728001 28728007 28780016 28782001 28784001 28793001 28794001 28802016 28817001 28825001 28825022 28828012 28829001 28834001 28873010 28901014 28901024 28915025 28915037 28916023 28917001 28920001 28921001 28929027 28931001 28933001 28936001 28941001 28959001 28959018 28961001 28962022 28973014 28980001 28981001 28992001 28997029 28999031 29007002 29011001 29011025 29012006 29012016 29012025 29013027 29017001 29025001 29025021 29026006 29026014 29032007 29036031 29041001 29043001 29044001 29050001 29059010 29059039 29064001 29068015 29070001 29072017 29075001 29076013 29077001 29084001 29101018 29103001 29143001 29144005 29147018 29151004 29151012 29151022 29152001 29153016 29174001 29209001 29223011 29224001 29225001 29259013 29268001 29270001 29363028 29367001 29374001 29385001 29385006 29387001 29411001 29416001 29423017 29427001 29427007 29432018 29434001 29440001 29445009 29454001 29455001 29455010 29461001 29491011 29495009 29496001 29499001 29500015 29551001 29556001 29561004 29596021 29696006 29700001 29709001 29725001 29729001 29746001 29811004 29813001 29813018 29814001 29815001 29822021 29878001 29883001 29894004 29894022 29898001 29932006 29940013 29945001 29948011 29949001 29953014 29958008 29960001 29969023 29969041 29990007 29990018 29991005 29991021 30006003 30006008 30007001 30018027 30036033 30059005 30101020 30102016 30102039 30103022 30103037 30104030 30105001 30139032 30141002 30141006 30141008 30143007 30143010 30150019 30151006 30164014 30164018 30234015 30239018 30247021 30264001 30308010 30312017 30376020 30391011 30406009 30467001 30467011 30467043 30478025 30525001 30552004 30555005 30558006 30563001 30564001 30564022 30565001 30565014 30565033 30577001 30624004 30638001 30650001 30660009 30662001 30668001 30673001 30676006 30702012 30706002 30707001 30707036 30715030 30716002 30716008 30716014 30716019 30720001 30720020 30721009 30722013 30723027 30727001 30727007 30727020 30731001 30734013 30735036 30737001 30737010 30737031 30740002 30741016 30742020 30742023 30746011 30748029 30750030 30750049 30752029 30755001 30755009 30755028 30756035 30757011 30758001 30762001 30762008 30765003 30765013 30765026 30767002 30767017 30767024 30768014 30770007 30770039 30771001 30791005 30799017 30802001 30825001 30857001 30872001 30876001 30949013 30960001 30970002 31001029 31001037 31024020 31028001 31043018 31060010 31060016 31061013 31063027 31076001 31088008 31089001 31093010 31094002 31094008 31097001 31097024 31097030 31101012
Jamaatě|2|27446001 29230001
Kaadilě|1|30067017
Kaal᷊amatengko|3|24650017 26594016 26594023
Kabọ|6|24756012 24767008 25866005 25872008 27341039 27633006
Kaderang|1|31084015
Kadiongeng|1|25618033
Kaensạko|1|25966011
Kaghiang|4|24014001 24015008 26150001 31063032
Kaguwạu|3|27369001 29976001 30921017
Kahian|3|27072001 27500035 30326024
Kahumangku|1|28190005
Kahumotong-motongange|5|27994005 28436001 29094001 29718001 30125001
Kahumotongange|7|27358020 27939001 28298016 28663017 28722015 29204008 30526001
Kahumotongangu|1|24703004
Kahěbi|1|26209018
Kahěnga-hěngang|1|24664001
Kahěngang|24|23469013 23735011 24079001 24628012 24776001 24816023 24829007 25243001 25924011 25939008 25983018 26174008 26460003 26669004 27068021 27740018 28442001 28529011 28591015 29605022 29889001 30128001 30224001 30940024
Kai|702|23172007 23174021 23200013 23207011 23208001 23217004 23257001 23267001 23289001 23298001 23300001 23306001 23309018 23313011 23314006 23331001 23372009 23373009 23375017 23384011 23395026 23398033 23414001 23431016 23446014 23468001 23508001 23521018 23548001 23553001 23556001 23572009 23592005 23594029 23596009 23607010 23642001 23650007 23651001 23660001 23667008 23677001 23682001 23682008 23699001 23713001 23722001 23728001 23735001 23744001 23767004 23768007 23771017 23793001 23808001 23812020 23830011 23837013 23843019 23850033 23853001 23856006 23859037 23865001 23869007 23893007 23904001 23911001 23915008 23922015 23938001 23961038 23963011 23980001 23980015 24006001 24021001 24072019 24087001 24094028 24111001 24115001 24119006 24125001 24134019 24144001 24147012 24150001 24164012 24185010 24218011 24255001 24261035 24265001 24281001 24286005 24301001 24305001 24309008 24312015 24332001 24341001 24354018 24356001 24358014 24372012 24384001 24408001 24410031 24410040 24410045 24419001 24422032 24427001 24445001 24446006 24457001 24458020 24469015 24469025 24482007 24488034 24500013 24518036 24519016 24534001 24551017 24555001 24561018 24566001 24578001 24596001 24613010 24625001 24629019 24632006 24652019 24654021 24658033 24669004 24669013 24679008 24690012 24700038 24702036 24731013 24738001 24738014 24761001 24803008 24804019 24810020 24814001 24816001 24825001 24831009 24838001 24885001 24907001 24914008 24929022 24937001 24960012 24997001 25042001 25086017 25113019 25127001 25129013 25143001 25150004 25223001 25227007 25227014 25257001 25267001 25292004 25302010 25316001 25388001 25393001 25414026 25423001 25428001 25435016 25437019 25455001 25525009 25537013 25583001 25618038 25623008 25624005 25638001 25651012 25675014 25677001 25693011 25694015 25705001 25725011 25728011 25730001 25782019 25786006 25794018 25803001 25833001 25839001 25907013 25918016 25923017 25925005 25933001 25934001 25957001 25958011 25959001 25967001 25977010 26009005 26030001 26041013 26063016 26064019 26075001 26107001 26151001 26168015 26180001 26183001 26184020 26189001 26190008 26211001 26224001 26243001 26267012 26286007 26287005 26293001 26294001 26299015 26306001 26308001 26309001 26316001 26316016 26320001 26323006 26340015 26342001 26348013 26349008 26356001 26394010 26402023 26432007 26450009 26450020 26450026 26451001 26453001 26459001 26466014 26477004 26482013 26489011 26500023 26503001 26514001 26520001 26530001 26549001 26558007 26561001 26574001 26610017 26610023 26619014 26620001 26623014 26639015 26656010 26699017 26700001 26705001 26712001 26716007 26719017 26719035 26722018 26724001 26725001 26733001 26734001 26740001 26746039 26748016 26752011 26755013 26763001 26808015 26809015 26815012 26817015 26822010 26824006 26825001 26836006 26838013 26881016 26882016 26883013 26894023 26911011 26921021 26962012 26963001 26966001 26986001 27003013 27014005 27030011 27030021 27039005 27040001 27042001 27055023 27064022 27064028 27073010 27082001 27086017 27099001 27122029 27126020 27144001 27144015 27152018 27159034 27164001 27166011 27166020 27167001 27168017 27189001 27209001 27222001 27223001 27239001 27264015 27288028 27289001 27293001 27299019 27316001 27353008 27371001 27388011 27393001 27408001 27409001 27477001 27512001 27521001 27551023 27564001 27590022 27595001 27620001 27625001 27670001 27676023 27688005 27690001 27713005 27730001 27754016 27756001 27774001 27801001 27808022 27813001 27823016 27839005 27846001 27865025 27878001 27882001 27887001 27899001 27917050 27919001 27973001 27977008 27980001 27988014 27994001 27995001 27997001 27999001 28023001 28037001 28061015 28063001 28064021 28065014 28069012 28086001 28095018 28097027 28099014 28101007 28115025 28122016 28127001 28130001 28141007 28186026 28204001 28206001 28230004 28231001 28241024 28243001 28246001 28247012 28249009 28265019 28269001 28271012 28272001 28283012 28296001 28298001 28301020 28312001 28326001 28342016 28388001 28401018 28411006 28411020 28413021 28426001 28439023 28443001 28453001 28465001 28467012 28467020 28476001 28480011 28484022 28486020 28497001 28503001 28516001 28522035 28525001 28528001 28534001 28534017 28534033 28541001 28550022 28553026 28558012 28559010 28567001 28581014 28592011 28596001 28597015 28604001 28616001 28621001 28632001 28633001 28638015 28639001 28641001 28678013 28679021 28684013 28690001 28691017 28692001 28699028 28703001 28709001 28717001 28718001 28719001 28729001 28730022 28739010 28740001 28742001 28747001 28748017 28753006 28754005 28776001 28789030 28789045 28821015 28828001 28848001 28858001 28861013 28864013 28876001 28890001 28892001 28914008 28915001 28926001 28930001 28946018 28962001 28984024 28993001 29006012 29028001 29029022 29032030 29036001 29041031 29054001 29073001 29075018 29099014 29101001 29115001 29121001 29124016 29125001 29133001 29162001 29170021 29176009 29181001 29193021 29202011 29203001 29247001 29253001 29267001 29274001 29279011 29284001 29288002 29289001 29313007 29336007 29360001 29371001 29384001 29387006 29401001 29419009 29420001 29426010 29429001 29434024 29436001 29437015 29444022 29469020 29474001 29475001 29485001 29538006 29578001 29596001 29598001 29614017 29618012 29625001 29626001 29630041 29654001 29661001 29673001 29682001 29687011 29692001 29694001 29711001 29720001 29742001 29746013 29757001 29768001 29772001 29780001 29791044 29801020 29814007 29821001 29822001 29826001 29837015 29838001 29847001 29864001 29868001 29928001 29970001 29991018 30002001 30023001 30053001 30054001 30057011 30062019 30089001 30101001 30112001 30121001 30189017 30224021 30239009 30254001 30285001 30300001 30303001 30317028 30328001 30339001 30339011 30344020 30354001 30378035 30383029 30396001 30408002 30420017 30421001 30424030 30441001 30451022 30452001 30453001 30458038 30489001 30499001 30499017 30508001 30514001 30521020 30524006 30546001 30556017 30568011 30571001 30571017 30578001 30581027 30588001 30588021 30590001 30599001 30606001 30627001 30631001 30632001 30636001 30645040 30683001 30698016 30703008 30704014 30706001 30715029 30718001 30722001 30724001 30730010 30732001 30736010 30743001 30748009 30754009 30754018 30761009 30763011 30782010 30861001 30869001 30875001 30887006 30904012 30919018 30983007 31002001 31015022 31027025 31094001 31094007
Kaia|2|24134023 30248018
Kaiakanenge|2|23858012 24694007
Kaiangke|2|25627017 29977013
Kaiangko|4|25822016 26985001 30297020 30297038
Kaiho|5|24776014 25886001 28556001 29710014 29713001
Kain|4|30177012 30592008 30592019 30684010
Kaisar|5|24975005 25027006 27336039 27560033 30414008
Kaisarea|21|23686008 24528011 27217031 27247016 27261002 27284007 27319011 27320028 27357040 27580005 27673010 27677014 27681009 27758043 27768010 27771018 27798015 27801010 27802011 27803017 27810012
Kaisarě|18|23890019 23894001 23894016 23894019 24688061 24690022 24691010 24691013 25802019 25804014 25805011 25805014 25938028 26838029 26838037 26841031 27818018 29465012
Kaiso|173|23350012 23411001 23424001 23531036 23561001 23824016 23857021 23873008 24060001 24079014 24261001 24434013 24602021 24620001 24623017 24637008 24673001 24686026 24757001 24823001 24887012 25040032 25046001 25107001 25259019 25355001 25396019 25491001 25505001 25522004 25560001 25697009 25747001 25774014 25835025 25836017 25845001 25891006 26057001 26078010 26101001 26120001 26322001 26419012 26539001 26575012 26608023 26759023 26760022 26822034 26885020 26899001 26974001 27088020 27094001 27097022 27123001 27241001 27243016 27275001 27347011 27390044 27409025 27419001 27421001 27433001 27573001 27726001 27777001 27804028 27806001 27822001 27870001 27906017 27922001 28012020 28019026 28025025 28042032 28043012 28068009 28068028 28082020 28126001 28132022 28178015 28187018 28203001 28205001 28221018 28238030 28385015 28474001 28481015 28495011 28513021 28529024 28537001 28553034 28562031 28591017 28698001 28705042 28729037 28739001 28810009 28818001 28820025 28867001 28905001 28921019 28923001 28935011 28941010 28987023 29011014 29023001 29024006 29030001 29032001 29146017 29234001 29238028 29260008 29309016 29334008 29342020 29344016 29380001 29434013 29435017 29438001 29573023 29605030 29817018 29818020 29863001 29865035 29874016 29888001 29919001 29948001 30017012 30093015 30111035 30145019 30173010 30212012 30235001 30273001 30281001 30307013 30407012 30429001 30439001 30459018 30463001 30500001 30517001 30582024 30669021 30678008 30683029 30738001 30751001 30763001 30783001 30800042 30966017 30988015 30990010 31011001 31013040
Kakakalạ|2|30357001 31013028
Kakakoạ|9|23413019 23654001 24695013 25538001 25540001 25816001 27023023 27699016 30848001
Kakakoạe|1|24752001
Kakakuatu|1|29669001
Kakaluang|1|23335001
Kakal᷊iomaneng|2|30370001 30371019
Kakal᷊iomanengu|1|27264022
Kakanoạ|2|27978001 28018012
Kaketạ|1|23973016
Kakingkaeng|1|26849031
Kakoạ|1|29291028
Kakoạko|4|26777001 27120011 27203013 29765020
Kakunsịu|1|25458007
Kakělla|15|23479015 23981011 23984007 23984024 24797006 25675007 25675011 25717005 26031001 26074015 27173001 30687019 30705001 30767001 30785012
Kakěllaiko|2|27052004 30249016
Kakěllako|15|23790005 24029025 24031025 24717012 24739009 24739017 25856011 26192019 26830014 26831022 27001015 29200001 29310001 29396001 30581001
Kakěllaěng|1|28909022
Kakěllaěngbe|1|28909012
Kakěllaịe|1|24880029
Kakěllạ|7|26081012 26596005 26600017 26895008 27307001 30324001 30362012
Kakěllạe|6|23539012 24100021 24617005 24831014 26560006 30319001
Kakěllạewe|1|30315001
Kakěndagě|2|29237019 30621001
Kakěndagẹ̌-Ku|1|26113009
Kakěndagẹ̌ku|1|28801001
Kakěpal᷊i|1|27593001
Kakěpal᷊u|2|23448001 27893001
Kakěsạ-kěsạ|1|29432001
Kakěsạe|1|29092001
Kakẹ̌pal᷊ewen|1|24249001
Kakạsandigeng|1|23828001
Kalide|1|25762025
Kalu|1|25190001
Kal᷊aane|1|29116027
Kal᷊ahe|1|30189001
Kal᷊aianeng|1|29228001
Kal᷊amona|2|28088018 29233001
Kal᷊amonan|5|26926010 27119016 27387001 29211001 29483001
Kal᷊auntungu|1|28091015
Kal᷊awokange|1|28725015
Kal᷊awọ|1|25937001
Kal᷊awọe|1|24506001
Kal᷊awọewen|1|27510010
Kal᷊awọu|28|23382035 23513001 23672001 23760013 24378020 25131006 25244009 25479010 26069001 26295001 26507016 26857001 26894019 26943001 27190015 27603001 28135001 28307020 29035001 29119001 29790001 29798016 29844009 29946022 29970018 30822001 30951022 31005001
Kal᷊imbotonge|1|30846002
Kal᷊imona|1|28033011
Kal᷊imonan|2|26076001 28167001
Kal᷊imonang|1|28344020
Kal᷊ingung|6|23204039 24095024 24223019 24263014 25042029 28466038
Kal᷊ěnggihu|1|28760001
Kamageng|69|23260021 23284016 23288001 23290001 23297001 23299001 23431001 23515014 23517012 23533001 23721012 23727006 23747004 23770007 23773008 23788015 23794001 23894011 23995001 24003005 24023001 24036001 24040001 24152001 24504001 24615017 24672020 24674015 24725001 24839010 24892012 25170009 25182029 25186010 25254024 25341001 25369001 25425001 25470001 25518026 25566008 25648001 25659012 25715010 25731005 25788007 25797009 25935005 26288001 26640006 26645001 27326023 27589001 27703001 27988001 28509001 28553001 28559001 28751001 29122001 29167001 29197001 29299001 29407055 29914013 30061001 30405020 30490025 30551001
Kamagengbe|2|28732001 28946057
Kamagengbeng|1|28543001
Kamagengu|12|23584001 23585001 23587001 23675004 24557001 24729019 24754001 25430001 25855001 28807001 29096023 30259036
Kamene|3|24727018 26985009 26985013
Kamạgeng|1|28493016
Kana|4|26097010 26107016 26203007 26901014
Kanaan|4|23656006 27128011 27382005 27383017
Kanandung|2|28153009 28210013
Kandake|1|27204032
Kangere|2|25900008 29140001
Kanini|1|26746015
Kanisang|1|27111017
Kantarị|1|30930026
Kapadokia|2|26959013 30376016
Kapal᷊ě|1|27911029
Kapapandem|1|28383009
Kapapelesa|1|30335001
Kapelesan|1|25455004
Kapernaum|17|23223008 23351007 23483004 23725009 24237009 24262009 24572006 25087029 25095008 25197015 25379004 26108007 26203034 26204031 26275011 26282027 26317015
Kapia|1|24354014
Kapiange|1|29389002
Kapianu|1|25568014
Kapiaěnge|1|28507014
Kapiteng|1|27282004
Kapiạe|1|23349012
Kapukọ|1|29319014
Kapuluku|4|28324001 28520001 28829019 29460009
Kapulun|1|29182001
Kapulun'E|1|29217001
Kapulune|1|30532031
Kapulunu|1|23293003
Kapul᷊e|3|23359010 24527007 25285001
Kapěmẹ̌mansage|1|27693001
Kapẹ̌nawuhe|1|24328001
Kapẹ̌tiněnnaneng|1|25521001
Kapạhundarisị|1|25996001
Karaloko|1|30541025
Karaluhě|1|26829010
Karal᷊akisě|2|23973005 24732005
Karal᷊akịe|1|23970001
Karal᷊inaụ|1|24460001
Karal᷊iwirě|1|27111019
Karal᷊unsemahě|6|26696001 26696006 26887041 26894034 28877024 30067031
Karal᷊unsěmahě|1|26889007
Karal᷊ěnggih'i|1|30428001
Karangetange|7|24372011 24926011 24970009 25182043 25274020 29967057 30066012
Kararatuang|1|26930025
Kararatuang'E|2|24927014 25492019
Kararatuang'U|2|29972007 29972014
Kararatuang-Ku|1|26822004
Kararatuangu|4|23293001 25672018 29889025 30491011
Kararatun|1|24231002
Kariadiko|1|29533001
Kariadịe|1|23662013
Kariangkamang|33|23238001 23239001 23240001 23241001 23242001 23243001 23244001 23245001 23246001 23466001 23690001 24004001 24939001 25167008 25168001 25168013 25169001 25219001 25387014 25433016 25503001 25569013 25965009 26897018 28030001 28031001 30279001 30701001 30970008 31027009 31045001 31088013 31095001
Karimakọ|2|29021012 29810023
Karimạko|41|23430009 23695015 24388011 25003011 25369009 25408022 27938013 28309001 28317009 28320043 28374026 28800001 28972001 29271008 29273001 29296001 29397001 29447001 29448001 29466001 29477001 29534001 29549001 29561016 29602001 29603001 29645001 29661037 29678001 29684001 29695007 29695021 29698037 29715022 29828013 30598014 30649001 30649020 30673016 30728039 31102001
Karimạkọ|2|29390001 29926018
Karpus|1|29884017
Karuane|1|30776006
Karěmasẹ̌ko|1|24241001
Karěngụ|2|23253002 29135005
Karěngụe|2|25247002 28223014
Karěngụewen|4|25066013 26340001 26446001 30578013
Karěngụeweng|3|28871001 28882001 30493001
Karạ|11|23595001 23595010 24035011 24411001 25669006 26300004 26328004 26348001 26516005 26533001 26564006
Karạu|1|27835018
Kasamuriange|3|23900001 24621028 27383027
Kasapuạko|2|23848038 24664009
Kasariange|1|30455001
Kasasal᷊amat'i|2|29238020 30821009
Kasasal᷊amatě|1|30385001
Kasasueěnge|1|30433001
Kasasusa|1|25009012
Kasatiane|1|28347004
Kasauange|1|27835001
Kasaụewen|1|29365001
Kasdim|1|27121007
Kasingkạ|6|23202015 27542023 27848018 27978014 28369017 29809021
Kasingkạko|13|23701001 23746001 23958001 23960013 23992001 24049008 24054005 24540001 24748001 25859001 26669012 26836012 30104016
Kastor|1|27911038
Kasuange|1|24682007
Kasuenge|1|25660003
Kasueěnge|7|23685001 27135001 27928001 28187001 29375001 29451001 30532015
Kasusiang'E|1|30114022
Kasusiange|9|30064028 30095012 30109012 30118006 30130010 30131011 30153018 30253018 30960017
Kasělahenge|1|29769018
Kasěllah'U|1|30951015
Kasěllaheng|2|25033033 25034037
Kasěllaheng'E|1|29922024
Kasěllahenge|54|24685005 24707042 24777015 24778015 24782026 24893020 24910011 24920012 24958011 24996026 24999020 25072013 25076012 25107025 25109020 25125038 25151017 25256017 25304016 25322025 25375025 25554035 25934014 27165003 27501020 28896008 28896013 28896028 28898014 28917020 28971020 29347040 29477005 29594032 29618021 29645019 29653014 29658014 29668018 29708014 29710021 29786013 30094021 30104018 30408023 30426023 30453038 30492024 30522027 30530011 30650016 30700018 30707048 30804007
Kasěllahu|1|29482031
Kasěllahě|1|31080001
Katakụben|1|30417013
Katanạe|1|26021009
Katatahuěnna|1|28402001
Katatoghas'u|1|26321008
Katatoghasu|1|30860001
Katatoghesě|1|27187031
Katatěntungu|1|28785014
Kate|8|24680012 26192005 26362011 26688001 26743001 26744022 26746018 28213015
Katewe|7|23313023 24351018 27099017 28154002 28266001 28729024 30669048
Katihokang|1|27197012
Katoghasu|1|30486027
Katoghasě|1|29711024
Katul᷊idě|1|27904041
Katěllun|1|26916001
Katěllune|1|30776010
Katěngadewen|1|28292007
Katěngadě|1|30503029
Kau|165|23213009 23216007 23219014 23219017 23292013 23292020 23296017 23485018 23695028 23843007 23850038 23850050 23917017 24077021 24080015 24090016 24117013 24117022 24118027 24123017 24141014 24143009 24143017 24170005 24170019 24176024 24218024 24227009 24227015 24240011 24240024 24240027 24300022 24669008 24669018 24815017 24815024 24816025 24820024 24829010 24831013 24831021 24856014 24861021 25003006 25022017 25022032 25048023 25048030 25067006 25070011 25071009 25073023 25074018 25075008 25098006 25098013 25098023 25098025 25105015 25223024 25385027 25408017 25408024 25550029 25700014 25701012 25782015 25782027 25823009 25929015 25932012 25935008 25939011 25973005 25975014 25978012 26114030 26116018 26327011 26333019 26349007 26349015 26395004 26407007 26430014 26434017 26435016 26435026 26439020 26506027 26515015 26515019 26515024 26546018 26565021 26566005 26566029 26615021 26808018 26819015 26821013 26823011 26835023 26836009 26836017 26836021 26948010 26977004 26977016 26978002 26978020 27047024 27048008 27051021 27222005 27231019 27396026 27398010 27713009 27724026 27839009 28153022 28213014 28307026 28313028 29969015 29973002 29973023 29973028 29974006 29974018 29975011 29976014 29976019 29977020 29984021 29985005 29985013 29990017 29990023 30036028 30037011 30082010 30086031 30139018 30139026 30140002 30142007 30142014 30780008 30780021 30789009 30789021 30790002 30804016 30890018 30890021 30891011 30891018 30891041 30951007 30951018 30951029 30961018
Kauda|1|27872017
Kaumburě|1|23842029
Kawahani|1|24268001
Kawal᷊o|1|30798008
Kawantugange|2|30295013 30497021
Kawanua|2|23726034 25890020
Kawanuan|1|28217005
Kawanuang|1|29208001
Kawanuạ|1|27360001
Kawasa|8|24817026 29054042 30706021 30888015 30890007 30950023 31033039 31076021
Kawasan|2|23571011 29226016
Kawasang|2|23573011 27329001
Kawawantug'i|1|30496025
Kawawantugu|1|27865005
Kawawantugě|1|26059016
Kawawinasa|1|28008001
Kawe|53|23372001 23391015 23394016 23550010 23684001 23711007 23847014 24065010 24117010 24153001 24269014 24277032 24279026 24285011 24345022 24364008 24364013 24365010 24404010 24491014 24513007 24518015 24550007 24551023 24567016 24607001 24672025 24672033 24689011 24709008 25023004 25130011 25149007 25188001 25271008 25516020 25517001 25708001 25806001 25911007 26184043 26348022 26374023 26425001 27048023 27160001 27311004 27712018 27789011 27838022 28204019 29107012 29515030
Kawing|2|28491001 29743001
Kawinge|1|24899027
Kawingu|1|24907015
Kawuka|1|24498019
Kawuạko|1|24936012
Kayafas|10|24058019 24112013 25028011 26573006 26575004 26799012 26799015 26810017 26814012 27029011
Kaělloěng|1|29580013
Kaěng|2|26285022 30045001
Kaěngko|1|25479024
Kaěngku|1|26191005
Kaěngkěhang|12|23932001 23933001 23934001 23948001 24776015 25377001 25448001 25449001 25450001 25452004 25453001 25458001
Kaěngu|1|23877018
Kaěnsạ|1|30810012
Kaěpạ|2|30777001 30778001
Kaẹ̌bụko|1|25658021
Kefas|2|26087031 26087032
Kenan|2|25062003 25063015
Kengkrea|2|27576035 28338016
Kere|17|23163001 24119004 24141019 25821006 25935015 26900015 27159028 28002001 28094001 28208020 28209010 28210009 28754012 29294007 29467016 29786014 30674019
Kerea|2|23915001 25390011
Kereapa|18|23395004 23519001 23740001 23952011 24912001 25040005 25189001 25487002 26093001 26130001 26255001 26300017 26310010 26344008 26457032 26458010 26958001 28913015
Kereapạ|2|28001002 28024014
Kereapạe|1|26580021
Kerene|140|23251001 23307030 23323015 23337001 23397001 23415001 23455016 23516001 23530014 23589001 23661001 23742001 23763009 23831001 23857014 23947001 23991001 23996014 23997014 24026001 24104001 24171001 24283001 24357001 24601001 24747001 24858001 25036011 25044001 25091001 25118001 25145001 25147001 25190008 25236015 25248001 25396001 25424001 25481001 25587005 25599001 25632001 25634026 25662001 25858001 25885001 25951001 26039001 26129026 26315014 26338001 26393004 26535001 26704022 26749001 26990001 27059001 27109001 27114001 27171001 27398001 27460024 27541023 27606001 27614001 27631024 27702001 27725001 27770006 27979001 28029001 28040019 28088037 28096001 28143001 28147001 28178001 28215001 28241001 28251001 28287027 28360031 28406017 28492017 28502021 28504026 28506022 28516010 28555001 28575001 28606034 28626001 28638020 28648001 28663001 28688001 28691001 28759001 28761001 28931027 29023015 29033008 29096001 29112008 29135001 29161017 29245026 29277007 29333001 29363018 29410001 29553010 29559015 29782021 29789001 29795001 29898016 29912001 29915001 30036001 30096014 30134001 30182023 30278024 30311001 30325001 30382022 30408024 30426001 30471001 30502015 30506001 30539039 30610033 30680001 30681001 30733001 30759048 30840033 30915012
Kereu|298|23248006 23260001 23264001 23265001 23276001 23277001 23305007 23355024 23377010 23429001 23430001 23432001 23441001 23443014 23497016 23523012 23564011 23626006 23705017 23736001 23740004 23743001 23743027 23745001 23780017 23784006 23830001 23852030 23890010 23897012 23935011 23937006 23984001 24001003 24010001 24170017 24172014 24256017 24280013 24315001 24317002 24337008 24350006 24354001 24355001 24418005 24463020 24475006 24539001 24562003 24582001 24586001 24665006 24667001 24693018 24746006 24859001 24892001 25176001 25176015 25177001 25179001 25196018 25204022 25235018 25243013 25328001 25370016 25372001 25377010 25408007 25411006 25423013 25427001 25440006 25442001 25471001 25486001 25496011 25499003 25514008 25515001 25518001 25524008 25528010 25537004 25539006 25559008 25562001 25580001 25582001 25585001 25586001 25593001 25652005 25655005 25656001 25658003 25659001 25662005 25763001 25772005 25785007 25808012 25846001 25847001 25857001 25973003 26070002 26126008 26167004 26182019 26205010 26242001 26257001 26311008 26333017 26352001 26360013 26389014 26398001 26413015 26424007 26426039 26428013 26435001 26474001 26519001 26605005 26639019 26648001 26663001 26666001 26676001 26684001 26689001 26697020 26707001 26708001 26710001 26718001 26719001 26720014 26720028 26726025 26735001 26748001 26809004 26837004 26838019 26891001 26891014 26893023 27214004 27472029 27499020 27564030 27572016 27579015 27598001 27624001 27778009 27808001 27877025 27887015 27989001 28025001 28058001 28074001 28076001 28077001 28094018 28095001 28112001 28123001 28128001 28148009 28226001 28263001 28270022 28289001 28296025 28332001 28333001 28415001 28425001 28428001 28429007 28446014 28458045 28493039 28499001 28514001 28515001 28515015 28524001 28527012 28536018 28538033 28544001 28550009 28595001 28598001 28605001 28635001 28635012 28650001 28654001 28661001 28685001 28687004 28688010 28695001 28705013 28706001 28707001 28714001 28716001 28721001 28731001 28738001 28748001 28748025 28751028 28752003 28755004 28773001 28781002 28784012 28787001 28807013 28830001 28835001 28851001 28853001 28863001 28891001 28945001 28979011 28985006 28999001 29019009 29038022 29047019 29068032 29100001 29103008 29118014 29132001 29174021 29192001 29193011 29409024 29428013 29616001 29754001 29839005 29840001 29840013 29841001 29884001 29916014 29957001 29981011 30003009 30011010 30022034 30048001 30122001 30179001 30221001 30238050 30265020 30269005 30272001 30280001 30293001 30309001 30323001 30333001 30353007 30368001 30368012 30369001 30374005 30465009 30488010 30514035 30547001 30554001 30566012 30570025 30575022 30624001 30641001 30750025 30767009 30878001
Kerẹe|2|28041024 28712015
Kerẹeng|1|30511014
Kerẹewe|20|23580001 23821001 24080020 24829014 25436001 25676001 25894001 26135001 26237001 26496005 26665013 26709001 26776001 26889010 27552001 28741001 28768001 29329001 29862001 30507001
Kerẹu|1|25932018
Kerub|1|30111007
Khios|1|27642016
Khuza|1|25249005
Kiamatě|24|23433005 23482005 23484005 23526006 23531003 23532003 23579015 23580014 23589005 25376004 25378015 25437003 25438003 26297031 26298029 26302028 26312019 26548022 26629027 26967006 27795017 27968020 29822040 29879012
Kibasịu|1|24757014
Kidron|1|26787017
Kilikia|8|27111035 27466032 27484008 27704015 27708017 27769029 27861010 29079010
Kinahiạen|1|27669023
Kinaěbakeng|1|27791001
Kirene|7|24162009 24848029 25962021 26960012 27111029 27328010 27364024
Kirenius|1|24976008
Kish|1|27384017
Kite|1|26781029
Kiwuạu|2|29001005 29043020
Klaudia|1|29892017
Klaudius|3|27336040 27560034 27761009
Klemen|1|29446029
Kleopas|2|26010007 26851016
Klo"e|1|28375008
Knidus|1|27863023
Kolose|1|29467009
Kombangeng|2|23479018 25230017
Komol᷊ẹ̌ko|3|23570014 26270010 28779020
Koměndang|4|27698001 27733001 27754001 27757001
Koměndangu|1|27735001
Korah|1|30684037
Korazim|2|23481004 25377004
Korintus|10|27559011 27560030 27566020 27569007 27576009 27587007 28365008 28802008 28824019 29891007
Korintusě|1|28910007
Kornelius|14|27261009 27263025 27264002 27267005 27267009 27268002 27277016 27282005 27284014 27285008 27287005 27290002 27291010 27320038
Korneliusě|1|27321004
Kos|1|27666025
Kosam|1|25054009
Koạe|1|28435001
Koạko|7|23355052 25884029 28625024 29356001 29404047 29452001 30750018
Kreskes|1|29881021
Kreta|8|26961019 27863059 27868044 27869037 27877036 29898006 29905007 29905011
Krisopras|1|31074026
Krispus|2|27566003 28378012
Kristus|684|23146012 23157043 23162039 23163007 23462010 24147030 24152013 24217008 24985014 25938035 26062020 26086028 26182015 26763024 26945037 26988017 27003026 27033037 27189022 27193023 27214022 27251009 27296029 27308012 27325031 27469017 27502031 27584046 27794037 27931016 27934010 27936017 27937022 27938024 27939007 27939035 27943013 27979021 28014016 28014029 28016027 28017005 28020032 28023010 28049029 28054009 28056011 28057011 28057026 28058039 28059018 28059024 28063055 28065028 28065059 28069054 28072017 28073010 28073017 28074008 28075015 28077008 28078007 28079004 28080026 28092013 28096027 28116060 28118014 28119012 28126027 28126033 28127004 28128008 28128023 28134033 28134048 28146019 28151009 28152006 28156033 28157014 28159022 28161010 28193004 28193010 28195039 28196014 28206020 28251025 28281004 28290002 28296027 28299005 28307003 28309022 28310014 28311018 28312005 28320009 28321008 28322011 28323018 28324014 28333012 28334005 28340012 28342023 28344024 28346015 28347006 28353013 28355009 28357027 28361006 28362022 28364023 28364030 28365025 28365040 28365070 28365085 28368019 28369008 28370006 28371019 28372002 28373021 28374011 28376036 28377004 28381002 28381027 28382010 28387009 28394013 28394017 28397024 28400009 28411028 28412040 28416031 28422010 28424010 28434007 28434010 28435007 28444002 28449032 28449047 28451014 28451046 28458032 28462041 28479034 28483013 28483023 28500029 28501014 28510029 28534032 28539019 28540035 28553049 28560029 28561018 28561058 28562030 28562051 28563023 28572031 28584022 28584049 28602007 28604023 28604035 28605027 28644019 28647002 28648035 28662008 28720029 28722032 28724009 28726004 28731007 28732011 28733005 28734029 28735011 28736004 28738005 28739004 28741021 28742010 28742024 28743011 28744002 28744014 28744018 28746039 28747010 28750029 28776020 28801009 28802022 28803015 28804012 28806006 28806019 28820004 28821028 28822010 28825021 28835038 28837011 28839016 28839031 28840013 28842046 28845014 28846017 28856037 28864029 28865018 28866038 28885011 28888011 28892003 28893002 28893021 28894023 28895007 28896010 28897009 28898008 28898022 28899002 28899027 28914004 28942013 28956038 28970030 28973040 28977026 28979021 28979038 28986007 28987048 28992036 28993014 29000018 29003021 29013004 29032053 29033017 29042035 29047013 29047021 29048035 29048049 29049018 29049026 29057003 29059031 29059056 29062009 29064015 29065012 29068041 29070022 29086038 29098017 29098030 29099013 29099040 29101022 29102010 29103024 29104019 29105031 29108036 29116003 29117002 29119042 29125026 29126007 29127013 29127026 29128009 29129006 29130009 29130022 29131031 29132006 29146031 29151028 29164009 29165011 29167014 29168022 29169008 29169028 29173021 29174032 29187007 29191016 29195006 29201035 29203012 29206021 29207006 29208010 29209008 29209025 29210011 29210027 29211013 29212012 29214004 29216025 29217019 29218034 29219011 29220025 29224009 29227005 29228003 29229009 29229012 29230006 29235025 29236008 29237031 29240013 29242011 29243011 29243023 29244003 29244031 29245014 29245029 29246006 29247005 29248003 29250016 29252007 29253010 29256012 29258046 29260030 29263012 29264004 29269007 29269010 29270022 29271013 29273015 29280012 29285020 29286029 29288029 29293003 29298026 29305030 29307009 29310039 29319027 29325021 29326004 29328013 29329006 29330014 29331002 29332005 29334016 29335013 29337015 29339006 29343031 29344024 29361008 29361019 29362013 29363016 29363037 29364011 29368022 29370015 29372021 29373013 29375020 29377010 29377022 29379006 29380021 29381015 29382043 29383008 29385016 29388017 29389014 29391014 29391020 29393010 29393017 29397009 29403008 29407074 29413016 29422004 29425037 29429004 29430029 29430033 29430054 29431038 29431053 29432011 29434022 29436027 29440028 29442020 29443013 29450021 29456007 29462013 29464011 29466004 29467015 29467020 29469012 29469045 29473018 29481002 29481016 29482038 29482041 29483007 29490024 29493019 29494002 29494048 29495020 29497038 29498002 29500029 29501009 29502013 29502021 29503028 29504009 29505006 29505015 29506004 29506021 29507012 29507023 29507033 29508026 29510007 29510028 29512018 29514007 29514013 29515006 29519008 29519023 29521012 29522009 29529036 29533011 29533035 29534004 29542036 29546019 29555015 29562017 29563053 29563073 29577023 29581017 29584054 29585019 29593023 29593047 29596020 29597020 29598028 29601028 29616018 29631021 29640026 29645047 29650006 29651021 29652009 29653033 29654031 29661058 29662028 29663009 29665028 29676037 29678006 29684016 29685010 29691006 29697006 29698019 29698032 29698049 29709005 29711034 29712013 29713013 29722018 29732018 29745020 29749018 29754020 29760038 29775024 29785005 29792020 29800030 29801042 29802016 29803016 29811026 29811044 29811064 29815007 29819036 29820017 29823030 29829015 29831011 29836011 29836018 29838027 29864027 29866013 29869031 29872002 29872038 29878019 29894021 29897018 29897025 29899018 29922020 29930011 29940021 29942014 29945029 29948029 29949015 29959020 29962012 29964004 30002004 30010011 30036004 30117003 30118002 30120017 30120026 30121005 30121043 30130003 30130021 30131023 30134004 30139006 30142003 30142029 30143004 30143032 30144003 30146003 30146024 30147007 30148007 30154027 30163031 30250003 30262010 30263028 30263044 30268025 30295011 30376026 30376071 30378012 30378031 30386018 30386039 30387033 30394009 30395002 30405036 30421014 30424002 30424035 30440019 30441031 30443003 30443025 30446054 30448003 30458037 30460011 30460016 30461012 30463029 30467031 30467039 30476048 30480030 30481014 30481051 30488032 30491021 30494018 30496016 30496026 30521010 30541009 30544033 30552034 30553005 30557017 30558031 30559017 30563015 30569016 30569031 30570004 30571016 30573025 30576006 30578007 30578060 30579009 30580007 30582032 30583008 30583021 30585006 30586007 30586019 30587021 30596014 30603016 30603026 30606021 30607025 30621036 30631004 30645039 30649016 30653019 30653037 30655007 30655018 30656013 30666006 30674018 30674024 30677039 30690019 30693019 30694016 30698015 30699010 30699022 30699038 30700023 30703005 30704017 30707024 31043077 31045043
Ku|4|24090018 24236007 24286048 27462001
Kuhạe|3|25209015 25903012 26895022
Kuieko|1|24638007
Kumbahang|54|23217011 23256015 23262009 23318001 23423011 23602012 23695022 23738003 23781012 24149014 24416009 24416020 24608010 25039004 25040020 25076009 25184001 25184015 25709009 26639001 27740027 27757004 28082001 28099034 28195021 28248001 28275001 28276006 28282017 28463025 28477019 28537004 28592001 29196001 29288001 29304015 29342009 29347020 29516001 29516004 29526025 29527001 29609001 30046028 30251001 30305005 30305012 30367005 30401017 30592001 30598003 30605006 31028017 31090008
Kumbahang-bahang|1|28265005
Kumbahangbe|30|23271001 23291001 23314001 26353001 28249017 28301001 28379001 28493001 28788001 28913001 28964008 29303001 29304009 29308019 29311001 29316001 29344001 29489017 29513001 29641001 29642001 29664001 29760001 29762001 30026016 30364001 30434001 30462001 30468032 31091006
Kumbahangbue|1|29938013
Kuměndagě|1|30652001
Kuring|2|24137017 24140010
Kuruise|9|24152020 24153015 24840004 24841018 25957006 25957009 26832016 26832019 26841013
Kutẹu|174|23164011 23192001 23215001 23378020 23407001 23502001 23532035 23567001 23586001 23603001 23611017 23622001 23628001 23633001 23650001 23695001 23706001 23769001 23776019 23823001 23840026 23862001 23863012 23874001 23876014 23878001 23893001 23914001 23918001 23960001 24056001 24069001 24127001 24155001 24247018 24276001 24285001 24363015 24441001 24504016 24521001 24522001 24541019 24572007 24647012 24668007 24677001 24678009 24681001 24702001 24773001 24796001 24928001 24975001 24980001 24999001 25001001 25019001 25020001 25028001 25075001 25101001 25102013 25105019 25106017 25120022 25126001 25138001 25142001 25145023 25149001 25155001 25156001 25198010 25202009 25233001 25236001 25246001 25251006 25254001 25273001 25278001 25279015 25283001 25284001 25287001 25291013 25293009 25295001 25313001 25315001 25322001 25323001 25331001 25336001 25337001 25344001 25347021 25359001 25395009 25438033 25488024 25526001 25570001 25609009 25623001 25626001 25646001 25652001 25667001 25736001 25746008 25765001 25768001 25778021 25787001 25790018 25800001 25824001 25911001 25913001 25916001 25925001 25989019 26003001 26023011 26161001 26208001 26276001 26370009 26443001 26505001 26597013 26902030 27024001 27045001 27064010 27096030 27111001 27122051 27142018 27152032 27190006 27218001 27279001 27372001 27423001 27558001 27572001 27693035 27764001 27795001 27839012 27886001 27968001 28028001 28229001 28856007 29102001 29119029 29139001 29587001 30085001 30132017 30137001 30146001 30570040 30625001 30641060 30720036 30791001 30900001 31030013 31048019
Kuịe|1|23801009
Kwartus|1|28360039
Kěbị|82|23219007 23315001 23671016 24221001 24243001 24253012 24407014 24464038 24487001 24501013 24720029 24741004 24748002 24805001 24960001 24977001 25092001 25100001 25225001 25260028 25345001 25710001 25715001 25739001 25798001 25954001 26048001 26073001 26233007 26303010 26317001 26402001 26490001 26694001 26711001 26728001 26752001 26770001 26972057 27117001 27139001 27238001 27256020 27383001 27705019 27717021 27773001 28004001 28015001 28301013 28308001 28356001 28564001 28688029 28797001 28896001 28931017 28999017 29318001 29413001 29461013 29461031 29465001 29497001 29512001 29517001 29570001 29586018 29870001 30079001 30098048 30233017 30327001 30354012 30380001 30539048 30586001 30671001 30705007 30740024 30925001 31011015
Kěbị-kěbị|5|24725013 28646001 29701019 29933015 30116015
Kěbịe|3|23574001 23877032 23960035
Kěllạe|3|23492012 25230014 25526010
Kěnang|7|24820018 25782005 25929009 26114013 28390005 28928001 29049001
Kěnangko|24|23576018 24123003 24446012 24689018 24722001 25783006 25804001 26909006 27068007 27119012 27211008 27706020 27732011 28614001 28770001 28918032 28991001 29105001 29191001 29764009 29842001 29843001 29997013 30402001
Kěndag'u|3|23910004 23912009 28276029
Kěndagu|1|30302019
Kěndagẹ̌ko|1|24705005
Kěndagẹ̌kon|2|24704001 25391004
Kěndị|1|24363012
Kěngkasingkạ|1|30265001
Kěngkasingkạko|6|24317001 25329001 25383001 25554012 26031006 26305001
Kěngkatakụ|1|25465012
Kěngkatakụbeng|1|30934008
Kěngkatanạbe|1|23429017
Kěngkatanạe|1|23183040
Kěngkatanạko|3|24093017 24789017 26709012
Kěngkawěnsing|1|28255005
Kěnnang|1|30216001
Kěnnangko|4|24857001 27456013 28569005 28583011
Kětạben|2|26350004 29773001
Kětạbeng|3|27035001 28390018 30630007
Kětạembeng|1|27789001
Kětạeng|17|23780013 24792022 25977001 26304012 26841030 28163016 28270012 28438019 29065007 29114019 29278001 29412001 29882001 29985001 30506029 30596001 31004025
Kětạengbeng|3|27472046 27900017 28516021
Kětạewen|1|30445029
Kětạeweng|2|29277001 30161001
Kẹ̌bị|1|29939001
Kẹ̌koạ|1|29763001
Kẹ̌kěndagẹ̌beng|1|29537005
Kẹ̌tạeng|1|28016001
Kẹ̌tạeweng|1|24791021
Kạadilě|1|23942037
Kạdal᷊enge|1|24877001
Kạdal᷊ikụ|1|30775017
Kạdingạ|2|30167001 30167010
Kạdiongeng|1|24393004
Kạděngụe|1|26506017
Kạguwạu|1|30912016
Kạkaiange|1|27204053
Kạngere|1|29170001
Kạpahumbisarane|1|26020001
Kạpahundal᷊enge|2|23389009 27213001
Kạpahundal᷊engete|1|25666022
Kạpaněntirone|2|24709001 26385001
Kạpia|3|23787001 24794001 29006001
Kạpěhengetang'E|1|24264001
Kạpẹ̌bisarane|1|24915001
Kạpẹ̌sẹ̌sal᷊iwange|1|25614001
Kạěngkěhang|10|23481001 23935001 23942001 23944001 23946001 23977001 25172001 25172013 25173001 30684001
Kịbasịu|1|25566033
Kụ|805|23157032 23162001 23170001 23170019 23178017 23179019 23182018 23193009 23207018 23260036 23261001 23267027 23282001 23285001 23292001 23306010 23331012 23340011 23343001 23344013 23349013 23355011 23359020 23362018 23395037 23405001 23417001 23434012 23436017 23474001 23486001 23502010 23506001 23518013 23526001 23535028 23535037 23544009 23567022 23583001 23583022 23591001 23600001 23600022 23627005 23634001 23634014 23637008 23640009 23665021 23670029 23671001 23681009 23683001 23689012 23692014 23713027 23728010 23737001 23741001 23743015 23745016 23753005 23758007 23761001 23762005 23768001 23769011 23772001 23790017 23792001 23792033 23799001 23807001 23827012 23834017 23849001 23851011 23855001 23858001 23862012 23870001 23873001 23895010 23901001 23919007 23934029 23940001 23949001 23950001 23965015 23966001 23972001 23981001 23983001 24024029 24039001 24080010 24085009 24103020 24121001 24130001 24140001 24183019 24194032 24205011 24210001 24216011 24231008 24237010 24246007 24253001 24257006 24263001 24277023 24289001 24305012 24313001 24314001 24326012 24351010 24353001 24378001 24380026 24385020 24396015 24410001 24413001 24419024 24428037 24435001 24441019 24448006 24449042 24452001 24456034 24501001 24566011 24576016 24577021 24590031 24597001 24619035 24635008 24638010 24641015 24644001 24657001 24666001 24679015 24680019 24699001 24708012 24714010 24719022 24727041 24729001 24744001 24751001 24770020 24781008 24786023 24819011 24827010 24861001 24871012 24881001 24887001 24894012 24916001 24926010 24927001 24986001 24992001 24995010 24996014 25016001 25021001 25025015 25034016 25036001 25047012 25078017 25093001 25096001 25103014 25110001 25125035 25134012 25143012 25154016 25166001 25171001 25203010 25222001 25234001 25237012 25238014 25271021 25283020 25306001 25307001 25311031 25313030 25315026 25319008 25344016 25347010 25350023 25364006 25370001 25371001 25375017 25398001 25406006 25413001 25415001 25446005 25447001 25454001 25459020 25460001 25477016 25489001 25506011 25508028 25514025 25515016 25523001 25535001 25594001 25609019 25616007 25617012 25618024 25620012 25628009 25637033 25641001 25644011 25646023 25655013 25669011 25759001 25818001 25827010 25834013 25840001 25850001 25884008 25892001 25895013 25897014 25950019 25959016 26033001 26033020 26034001 26118001 26150028 26194006 26215015 26218016 26223001 26225023 26227001 26236015 26241015 26246011 26250020 26297001 26298001 26303017 26304001 26321001 26329001 26357015 26365001 26387022 26400001 26406016 26407001 26408018 26411001 26415018 26417001 26421012 26452028 26460009 26510015 26517014 26572016 26576001 26578029 26584031 26615018 26616013 26644009 26651023 26661014 26678035 26682001 26683001 26688020 26700027 26704001 26717001 26758007 26794013 26800001 26807001 26821024 26850048 26910029 26912017 26928001 26943012 26948028 26973013 26981010 26988009 26988023 27005001 27008009 27010017 27012016 27015001 27017016 27025021 27026013 27030028 27048001 27052011 27057001 27058009 27065015 27070013 27070029 27072022 27074001 27082021 27098001 27102001 27105001 27115001 27117010 27125045 27130001 27137001 27146025 27169034 27178001 27202020 27213019 27217011 27223010 27225014 27231001 27236001 27255007 27265001 27267001 27289017 27292001 27293023 27302001 27307016 27323001 27325001 27326011 27328001 27331001 27336030 27343001 27353020 27374001 27384008 27385014 27386017 27388001 27392001 27395001 27397010 27397025 27409051 27418010 27422001 27424027 27440001 27451001 27453001 27458001 27470001 27490018 27492001 27502001 27520025 27520036 27521030 27543012 27544013 27547036 27564044 27573017 27585041 27586020 27592001 27603022 27605001 27607018 27612001 27643019 27649001 27649016 27652023 27655001 27655039 27656014 27659001 27681001 27686001 27687001 27687024 27689001 27695028 27715021 27721001 27731013 27745021 27750041 27756041 27765025 27797012 27802001 27814001 27829008 27830001 27831022 27834001 27837001 27850010 27864001 27880017 27886011 27890020 27917014 27920001 27927042 27931001 27937001 27975010 27990001 27995012 28011024 28033001 28034044 28039001 28040028 28049012 28059001 28066001 28067001 28069028 28093011 28095030 28109001 28132035 28142001 28147021 28152009 28168008 28172001 28174001 28186001 28190011 28192015 28193005 28195028 28217001 28217014 28223001 28226023 28227017 28228024 28230023 28232001 28233001 28234017 28235027 28248017 28269019 28273001 28274001 28274012 28275014 28277013 28279010 28285001 28285028 28289024 28291001 28293001 28304034 28321001 28331044 28336014 28356014 28359001 28377001 28384001 28395001 28418001 28421001 28429001 28441013 28441022 28455001 28458017 28463001 28470012 28476022 28480021 28482001 28483014 28505025 28509014 28512001 28516030 28535017 28539001 28557021 28607031 28611001 28619013 28623008 28623027 28627001 28629001 28651001 28655001 28679001 28694001 28701001 28705001 28710001 28720001 28730001 28733001 28737001 28753001 28757014 28781001 28806014 28808026 28811001 28811013 28812024 28818019 28821001 28842030 28843001 28859013 28860020 28860040 28873019 28883001 28898001 28901037 28912010 28916017 28918013 28926033 28927013 28929001 28944001 28944014 28955032 28957001 28960001 28960028 28961020 28970001 28973033 28976017 28978001 28985031 28986001 28994025 28997036 29009001 29026030 29037001 29041021 29046029 29055016 29068001 29084017 29104011 29107001 29110001 29120001 29123001 29124001 29132013 29139011 29141020 29157001 29163001 29164014 29165016 29167018 29169023 29170008 29173022 29190027 29199001 29217022 29235026 29238032 29283001 29286018 29289022 29308006 29312001 29323001 29337007 29338011 29383009 29407030 29430015 29431039 29433001 29442008 29486001 29489047 29502028 29505001 29511001 29515017 29522001 29528001 29533037 29534015 29535020 29543001 29584015 29587037 29590001 29591001 29595026 29597001 29614001 29625025 29635001 29653018 29655001 29696012 29712024 29724001 29724021 29731001 29747033 29797001 29802001 29809001 29815019 29820001 29823012 29854001 29873001 29873018 29878012 29879001 29906007 29916001 29922001 29958001 29967001 29967017 29986006 29995019 29996001 30009001 30011001 30013001 30013018 30015001 30016017 30021001 30024001 30034001 30038029 30051008 30069001 30078001 30083001 30091001 30098020 30113013 30113022 30120001 30120018 30127001 30143018 30147001 30152001 30154016 30155001 30186024 30214034 30215001 30220001 30222024 30226001 30245014 30261001 30263041 30292010 30305014 30313011 30314005 30318001 30320001 30342026 30350021 30359009 30362026 30363001 30365021 30382038 30387023 30392015 30395011 30396022 30426034 30432038 30433018 30446001 30447007 30464018 30478047 30484021 30502052 30503017 30510001 30527009 30549019 30572001 30576001 30578042 30579001 30601001 30602001 30622019 30634015 30641073 30652009 30677033 30684028 30695001 30696001 30706019 30752022 30756029 30774016 30778028 30792001 30794007 30796020 30798025 30799008 30800001 30801010 30802017 30802028 30816012 30828027 30851012 30856001 30858001 30860023 30885001 30886008 30893011 30902019 30902032 30913001 30913017 30923001 30923019 30945016 30948024 30950001 30955012 30961025 30985010 30987001 30996016 31000001 31002017 31012001 31031012 31039001 31049016 31052026
Laede|1|30864008
Lahaesang|1|24072008
Lahaesě|1|29172001
Lahạu|1|26125016
Laidopě|1|28596008
Lakụ|1|31031001
Lamekh|1|25062015
Lana|2|24064001 24760001
Lango|1|23943008
Langị|7|23993001 24749001 25860001 27166001 30808001 31050014 31055009
Laodikia|7|29496020 29556017 29558012 29559014 29559026 30709023 30761005
Laonggọ|2|28064001 28711001
Laorone|1|30603001
Lasea|1|27864025
Latin|1|26846026
Laud'u|1|27883013
Laudě|3|27153026 28569037 30202007
Lawọ|28|23198001 23200001 23357003 23765001 23887009 23969001 24715023 24910001 25109011 25137012 25208032 25388004 25420021 25543012 25835010 25930001 25963001 26360001 26502001 26569001 26579010 26739001 26846001 26898001 27536001 28786001 28869001 30653001
Lazarus|26|25641011 25644027 25645010 25646018 25648016 25649009 26525004 26526022 26529009 26530010 26535016 26536010 26537007 26537021 26538012 26539025 26541011 26548009 26560011 26561023 26567009 26582017 26583015 26590036 26591010 26598011
Lazuardi|1|31074030
Laěnsil'i|1|27764016
Legiun|2|24374017 25276012
Lelange|1|26704013
Lembong|2|24817025 30706020
Lempang|1|28007001
Lewi|18|24275015 24275034 24276007 25050006 25055015 25135013 25136003 25137005 25396007 26064010 27059026 30070013 30071005 30074006 30075003 30076007 30076021 30818002
Liaghan'E|1|25909012
Libia|1|26960010
Lida|4|27249018 27252004 27255006 27255024
Lidia|3|27498012 27499002 27524012
Lighạ|1|26658020
Lighạko|3|25611009 27255040 27723010
Likaonia|2|27421018 27426019
Likia|1|27861019
Lila|3|30326001 30328009 30329001
Lima|2|27633015 27771001
Liman'E|1|30714001
Limane|2|26568008 30980021
Limangkatau|2|24012001 24013001
Limembo|5|28234046 28437017 28734001 29777001 29981001
Limembol᷊ain|1|25222013
Limembong|8|27662032 29175001 30367001 30522001 30890006 30950022 31033038 31076020
Limemboweng|1|28442026
Limiung|2|28896009 29966014
Linus|1|29892015
Lisanias|1|25027038
Lisias|3|27761010 27777004 27792026
Listra|7|27421011 27423003 27434011 27436023 27485010 27486008 29865026
Liungkawasa|1|30969035
Lohoingkon|1|31000024
Lohoingkong|1|26103008
Lohon|1|30542001
Lohong|1|30699001
Lois|1|29815014
Lotě|5|25680004 25681004 25684008 30508004 30509008
Luhein|1|25611017
Luheko|1|27346006
Luhude|1|27542037
Luhudu|1|27609001
Lukadewe|1|30758005
Lukako|2|23829021 30855009
Lukas|3|29557003 29882003 29963014
Lukius|2|27364022 28358012
Lukạe|2|24643032 25762031
Lumiun|1|27936001
Luạko|1|27150006
Lěmping|1|30866018
Lěngkangko|1|30473001
Lěpase|2|23707001 24462001
Lěpasewe|1|24554001
Lěpasewen|1|27857001
Lẹ̌adate|1|30432021
Lẹ̌adateng|2|24869017 27772017
Lẹ̌haungko|1|30346001
Lẹ̌ontol᷊e|1|28339022
Lẹ̌pase|1|23561013
Lẹ̌pasewe|2|24559010 26658001
Lẹ̌ěnaěng|1|28542001
Lẹ̌ěnnaiko|1|27042007
Lẹ̌ěnnaěng|1|27118006
L᷊audu|1|31053015
L᷊awo|1|24895003
L᷊imembon|1|24816031
MAWU|1|27102007
Maat|1|25052003
Madiring|1|25562014
Madiriweng|1|28541023
Magadan|1|23673018
Magdalena|13|24186006 24191003 24197015 24867022 24874006 24875009 24883019 24884004 25248022 26002015 26851019 26869010 26879003
Mageng|8|23216012 23636012 25564028 28024001 29302001 29389016 29594001 30549001
Maghaghělle|1|25038001
Magog|1|31047020
Mahalaleel|1|25063012
Mahamụ|3|27153027 28569038 30202008
Mahan|1|28587005
Mahang|1|28864001
Mahasụ|1|25627004
Mahiko|4|24292010 25204039 26186001 31035024
Mahole|2|27007016 27864022
Mahuala|2|24010017 24921012
Mahuanenu|1|26547001
Mahunẹu|1|24919004
Mahịe|25|23229006 23321009 23718027 23865018 24202014 24681012 25268011 25595016 25598028 25659023 25673004 25794025 26084001 26088019 26540015 26558014 26850015 26911007 30378001 30795025 30797016 30799016 30801019 31025001 31036001
Maiet'i|2|27133001 27399022
Maitung|1|27364020
Makakasuě|1|31081023
Makakutụe|1|24129008
Makaumal᷊ě|2|24627015 24628001
Makawasa|6|24119026 24943004 28185010 30359033 30777032 30962010
Makawihua|1|24732007
Makaěnnawe|1|27208004
Makedonia|26|27493017 27493031 27494014 27496011 27563010 27607011 27608019 27615019 27628037 27629006 27630037 27858033 28330005 28782010 28817013 28838033 28922007 28934022 28959017 28961010 28999030 29458016 29568013 29569012 29614016 29700025
Makoạ|6|24280004 24538001 24891001 28570001 29339003 29529001
Makoạbe|2|26125001 29040001
Makạgěnggang|1|27613001
Makạhiborě|1|27059044
Makạl᷊ahěngking|1|24243020
Makạpate|1|25277017
Malaekatu|1|28578019
Malaekatě|2|23183017 31069001
Malkhi|2|25050009 25054003
Malkus|1|26796023
Malta|1|27901021
Mal᷊ahe|1|24128015
Mal᷊ahuwekae|1|23392009
Mal᷊aing|6|23809006 25682001 25683020 26923010 27107032 30775001
Mal᷊awọ|21|23542001 23664001 24274010 24296018 24389009 24649001 24724001 24811001 25033001 26196001 26369001 26408001 26523001 26543001 26590001 26991001 26993001 27604001 29665022 30658001 30672001
Mal᷊ighạ|1|27853001
Mal᷊intoị|1|24307014
Mal᷊iun|1|24193021
Mal᷊iung|1|28783018
Mal᷊owokangbe|1|25714001
Mal᷊owọkangbe|1|25131001
Mal᷊owọko|21|23292018 26781023 27551012 29219001 29269001 29645020 29650001 29697001 29826011 29887022 29893001 29893007 29897019 29939023 29964001 30263001 30263024 30267001 30456001 30480014 30482001
Mal᷊uasě|2|27930015 29053001
Mal᷊uka-l᷊ukadě|1|26014013
Mal᷊umbạko|1|29362001
Mal᷊ěnggihě|1|26999008
Malạekat'u|1|30201020
Malạekatewe|1|30936001
Malạekatu|1|27282026
Malạekatě|22|23190001 24201001 24905012 24913001 24922001 24929001 25908001 27079020 27147022 27264019 27345017 27880001 30814001 30835001 30868020 30933011 30934001 30935001 30956013 30957001 30991001 31082001
Mamacolě|1|25624016
Mamaměnsạe|1|26193001
Mambem|1|30539012
Mamben|19|23631016 25660001 26416001 26489007 28001015 28084031 28331010 28685021 28925015 29024001 29034001 29049019 29254001 29600001 29712001 29839001 30072001 30338001 30450017
Mambeng|36|23261003 23357001 23712004 24184023 24706013 24866019 25522001 25524001 25549001 25796001 25796027 26026005 26096005 26126004 26235001 26284004 26433001 26440004 26461009 26483001 26605001 26647001 26681001 26755001 27784001 27925026 27998001 28221015 28243008 28339009 28473001 28483030 29008001 29068013 29124013 29866001
Mananahani|17|23194007 23394007 23462003 23471010 23600015 23606013 23687009 23714011 24422027 24424018 25216014 25224017 25224030 25229003 25309023 25321011 25637017
Mananal᷊amat'i|4|27259018 29698026 29820014 30541013
Mananal᷊amatě|54|23689009 23693020 23915007 23916020 23918007 23929018 23963015 23981013 24118030 24123011 24530024 24580013 24709017 24711008 24739011 24816028 24859007 24985010 25000022 25004009 25105042 25322021 25821011 25824007 25932015 26070007 26086032 26182011 26186021 26199036 26355032 26356004 26360015 26370008 26370017 26371009 26506030 26551012 26986030 27015020 27017035 27182016 27527014 27527040 27563032 27586033 27847004 28236021 29442014 29720010 30521005 30525017 30888030 30902037
Mananěntiro|6|24073017 24606025 24769011 25401001 26644006 26884021
Mananěntirong|3|24277001 24553022 24702017
Mananěntironu|2|23725021 26645007
Mananẹ̌pase|1|30121007
Manason|2|27681018 27681028
Manasye|2|23151030 30817003
Mang|6|24424011 25011012 25939018 28364001 29369008 29419001
Manga|329|23247001 23373001 23378005 23383001 23439023 23492013 23545010 23547009 23576012 23578019 23687001 23711001 23805001 23816027 23843028 23858029 23921001 23944013 23956003 23956008 23987018 23999001 24017001 24063001 24074001 24114001 24136001 24182001 24208001 24229011 24311001 24356014 24360023 24362013 24377001 24379001 24396001 24421001 24422001 24438001 24459014 24472001 24491006 24505001 24515001 24571001 24613001 24613015 24655018 24659001 24730017 24743001 24750012 24756014 24810001 24820025 24830001 24946001 24950001 24952001 24994001 25075003 25085010 25086001 25105001 25110012 25115021 25129001 25170001 25207011 25214001 25245001 25255001 25270001 25277001 25278014 25280001 25308001 25315012 25317001 25338012 25425014 25464001 25490001 25553006 25558001 25653007 25657001 25689001 25779009 25781021 25799001 25814004 25859002 25867001 25928001 25946001 25963013 25964009 25972001 25991001 26002001 26011022 26012001 26111020 26114001 26146001 26229001 26249001 26289001 26321014 26344001 26355017 26375001 26449001 26482004 26509001 26536001 26653001 26664001 26801011 26828001 26841025 26847001 26850001 26881001 26937019 26940001 26964030 26967016 26967046 26972001 26979001 26987023 27013001 27014001 27021001 27022001 27031010 27033041 27036001 27044001 27049001 27078001 27095012 27101001 27103001 27103026 27119004 27126001 27170001 27174001 27191001 27239011 27296001 27309001 27330001 27378008 27378025 27379013 27389001 27415001 27426020 27434001 27450015 27456009 27465001 27514010 27520013 27522001 27542001 27611021 27645015 27706001 27736012 27741035 27849010 27866001 27877021 27896014 27898001 27915001 27917025 27928006 27944001 27957016 27958001 27958022 28013021 28090019 28093001 28186006 28190001 28212014 28235001 28247001 28252012 28265001 28318001 28354001 28365001 28374001 28390001 28396001 28440001 28483001 28569001 28608001 28610001 28636006 28658016 28699001 28750001 28760010 28796001 28802001 28809001 28910001 28918001 28934001 28976001 29013001 29059001 29069001 29095001 29104001 29118001 29144001 29149001 29151001 29153001 29160001 29190001 29201001 29241001 29327001 29333015 29339001 29342001 29343001 29347001 29363001 29439001 29441017 29446037 29458001 29467001 29501001 29503021 29524001 29544001 29562001 29572001 29585001 29617001 29623001 29634001 29651001 29653001 29659001 29675001 29685001 29726001 29766010 29791001 29861001 29980001 29983001 29997001 30008001 30073001 30223001 30231001 30268001 30269001 30295001 30308001 30321001 30332001 30349001 30351001 30356001 30365001 30374001 30376001 30411001 30418001 30459001 30479001 30481001 30505001 30518001 30520001 30524001 30527016 30552001 30558001 30569001 30570001 30582001 30587001 30598001 30605001 30609001 30611001 30615001 30646001 30659001 30670001 30673023 30674001 30676001 30702001 30741001 30807001 30822018 30844014 30846001 30858015 30903001 30947001 31008001 31009001 31017020 31073001 31078001 31079001 31084029 31087007
Mangal᷊en|1|25723009
Mangal᷊ene|2|26884020 28164001
Mangambang|1|25156026
Mangangawasa|1|29967056
Mangangawasang|1|26064001
Mangawe|14|23501004 23949006 25330001 25924001 26436004 26437013 26722001 26816005 27067001 27339001 27605022 28185007 28652001 30136001
Mangimang|2|23408029 26550013
Mangkewen|1|24470009
Mangạ|3|25602001 27509001 27883015
Mangạe|1|25980001
Mangạewe|3|26401022 30097001 30100001
Manilaing|17|24088008 24090004 24750001 24784005 24786006 26396004 26546001 26618001 26623001 28183009 28667001 28876010 29986028 30075001 30185001 30344001 30964021
Maning|15|23447008 23471011 23479026 24213013 25090001 25384001 25605013 25986032 27963017 28062001 28137019 28251005 28457001 29088001 29098001
Maningbe|25|23328001 25414009 25419001 25466009 25552001 27156001 27579001 28401001 28535001 28573001 28612001 28669001 28696001 28907012 28908018 28909001 28921012 28925001 29567011 29665001 29732001 29859001 29876001 30324006 30503001
Maningbeng|3|25231001 25693017 27391001
Maninglai|1|23356030
Manětạ|6|23958002 24655009 24942009 25118024 25512001 30940011
Manịeng|7|23400026 23648001 28593009 28595024 29173001 29826018 30559001
Mapaelě|1|25749001
Mapakawantug'u|1|26436016
Mapaị|1|30839006
Mapia|4|24030001 24032001 29074010 29471033
Mapiangbe|6|23736014 25194018 25335025 25465001 28256001 28258001
Mapiawe|8|23613019 24444001 24544017 25314021 27688001 28302001 28496017 30983012
Mapiaěngbe|4|23264016 24582010 24586011 24776023
Mapulu|1|26217022
Mapul᷊o|5|23235018 24385011 24495023 24520017 29083001
Maranatha|1|28799011
Marange|2|23836031 24651014
Maranin|1|24376001
Maranịeng|1|24660001
Mararatun|3|30978001 30997010 31003001
Marehokang|1|28492001
Maria|82|23157031 23157035 23163011 23163026 23164021 23165033 23166002 23169020 23170004 23181014 23191010 23595015 24186005 24186008 24191002 24191006 24197014 24197017 24411010 24867021 24867025 24874005 24874008 24875008 24875011 24883018 24883021 24884003 24885013 24921011 24922005 24923006 24924009 24928007 24932004 24932026 24933006 24935006 24940002 24950006 24979006 24980010 24990009 24993003 24996007 25001019 25008009 25013005 25248019 25403007 25403009 25404023 25406008 26002014 26002019 26525012 26526002 26529007 26543010 26544019 26552011 26553005 26555006 26555011 26556004 26556016 26557007 26557015 26569009 26584003 26851014 26851018 26869009 26879002 26881014 26883019 26884006 26884008 26886003 26938017 27350011 28343004
Mariadi|1|26091005
Markus|10|27350019 27363019 27368019 27376017 27480007 27481008 27482018 29553013 29963007 30479023
Markusě|1|29882009
Marohkě|2|28639004 28691015
Marta|19|25402022 25403002 25404003 25405001 25405002 26525014 26529005 26543008 26544003 26545003 26547010 26548002 26549015 26551004 26552003 26554018 26563009 26564005 26583009
Marěduhu|1|26851001
Marěngụ|2|24028001 27450001
Masahawụ-sahawụ|1|24547001
Masanggiden|1|24642001
Masasingkạ|1|28406022
Masatia|1|31029017
Masau|1|29016001
Mase|359|23174015 23177013 23179001 23186021 23210001 23216001 23219001 23350001 23356016 23359001 23365001 23367001 23400035 23409001 23487001 23519021 23535001 23538001 23543001 23568012 23592001 23609017 23612015 23626001 23630001 23633024 23646001 23662001 23667001 23670001 23704001 23705001 23714001 23719001 23731001 23757001 23766001 23770001 23778001 23778016 23786001 23790001 23799019 23802001 23809001 23811022 23825001 23834008 23840001 23846026 23852014 23854013 23887001 23892012 23920001 23972020 24024039 24031001 24043001 24046001 24050001 24053001 24077010 24080001 24092001 24110001 24113013 24117001 24133015 24137001 24151001 24153008 24156001 24166001 24178015 24188012 24190001 24196001 24250001 24259001 24260024 24263021 24269010 24271021 24288001 24293001 24294019 24326001 24345001 24348001 24360031 24364001 24374001 24379018 24382001 24402001 24408015 24412001 24431001 24436016 24446001 24447001 24459001 24463001 24464025 24473001 24478001 24484001 24493001 24497019 24500001 24509030 24514001 24527001 24535015 24560001 24577001 24617001 24655001 24672001 24674009 24678001 24683001 24690008 24706001 24788001 24801001 24816014 24823021 24826001 24831001 24844001 24864001 24873001 24889001 24956001 25069001 25073001 25084001 25099013 25122001 25127022 25132023 25144001 25144027 25152001 25186001 25189041 25215001 25227001 25244001 25271001 25281001 25344028 25350001 25361001 25380001 25387001 25398023 25414001 25432001 25475001 25476001 25482001 25532001 25542001 25557001 25566001 25613017 25630001 25668001 25671001 25717001 25731001 25741001 25756001 25767013 25795011 25810001 25830001 25838014 25856001 25880001 25906001 25915001 25916006 25926008 25970001 25978001 25982001 25995001 26009001 26010001 26015007 26017001 26037001 26038001 26191001 26209001 26226001 26240001 26269023 26271001 26275001 26279001 26286001 26290001 26301001 26311001 26323001 26325001 26364001 26392001 26405001 26424001 26434001 26439001 26441001 26447016 26452024 26465001 26467001 26469001 26513001 26516001 26524001 26559001 26611001 26625001 26643017 26658014 26674001 26756001 26798001 26813001 26824011 26856014 26889001 26948001 26953001 26964001 26987013 27002001 27004001 27007001 27069001 27141001 27158001 27194001 27201001 27208013 27215001 27225001 27258012 27270001 27273001 27278001 27294001 27306016 27315001 27320001 27324001 27357001 27358039 27411020 27449001 27499039 27516001 27523001 27533001 27543001 27557001 27590001 27602001 27713001 27715001 27760001 27780001 27792001 27793001 27819001 27821001 27838009 27852001 27856001 27921001 28427013 28487021 28501001 28666016 28701015 29091036 29206001 29354001 29357001 29683001 29888028 29898028 30058020 30373001 30502041 30539023 30604019 30631031 30639001 30771008 30782001 30785001 30793001 30795016 30798001 30799001 30805010 30806001 30809001 30813001 30815001 30821001 30830001 30836001 30840001 30841001 30844001 30865001 30867001 30885023 30895001 30897001 30902001 30910002 30911021 30915001 30920001 30929001 30933001 30940001 30949001 30953001 30956001 30962001 30965001 30968001 30973001 30979001 30982001 30998001 31021001 31023001 31027001 31035001 31038045 31041001 31043001 31051021 31055001 31057001 31059001 31060001 31091001
Masene|1|23570022
Masigěsạ|1|25713014
Masingkạ|3|23646010 28072001 28085001
Masuě|1|24643013
Masěllahe|1|27187032
Masěllahě|1|30981017
Mata|2|23305001 25440001
Matan|1|23157026
Matan'E|2|30712011 31030001
Matane|1|24526017
Matang|1|25084019
Matangěllo|3|26970001 30806013 30843020
Matat|2|25050003 25055012
Matata|1|25057009
Matias|2|26947022 26950013
Matica|2|25051003 25052006
Matius|7|23389024 23389033 23390008 23421012 24307005 25162002 26937037
Matul᷊idě|1|27228015
Matěngadě|1|31029020
Mawantugě|27|24058017 24112011 26810015 26857029 27029006 27737007 27739017 27771006 27837009 29804020 29995026 29997030 30029022 30030004 30036014 30041013 30042009 30065020 30091008 30093035 30094013 30095008 30096019 30117010 30117030 30262023 30470005
Mawinasa|1|27197006
Mawu|3453|23146010 23146026 23157010 23157038 23162037 23163005 23165021 23167009 23168023 23169012 23171001 23174027 23182002 23183009 23185013 23189014 23192033 23195008 23196023 23200040 23202020 23208002 23208027 23209003 23209017 23210004 23211003 23212012 23213011 23214001 23214023 23215004 23215019 23217001 23217015 23218005 23219005 23220001 23220016 23222007 23223001 23224002 23227004 23227017 23228002 23229001 23230009 23231001 23231032 23232015 23233003 23233020 23234003 23235006 23236003 23238011 23239005 23240006 23241008 23242006 23244009 23247022 23269024 23280013 23281016 23282022 23290012 23307037 23313012 23315010 23316004 23319010 23319029 23338007 23338008 23339011 23339012 23339018 23339024 23339031 23345003 23347002 23348014 23349002 23350003 23351002 23353002 23356002 23359002 23360001 23361002 23361015 23362016 23362023 23363001 23364005 23364009 23366001 23368002 23369001 23370019 23372007 23373003 23374001 23378003 23380006 23380013 23381001 23382014 23383015 23384001 23386019 23388010 23389004 23389038 23390003 23390029 23391013 23392001 23394012 23395001 23398003 23398025 23399002 23400041 23402005 23403003 23404023 23409002 23410007 23411008 23413001 23415003 23415030 23416002 23419001 23422015 23430010 23446016 23463009 23464001 23467009 23470016 23480003 23485004 23485010 23487002 23491008 23493001 23494008 23494018 23495022 23496013 23499001 23500015 23501001 23505001 23507007 23512016 23515001 23518017 23529011 23536002 23538002 23541005 23542006 23543002 23543020 23549005 23551001 23556008 23564001 23564012 23571001 23573001 23573012 23574003 23576003 23577001 23583006 23584002 23585002 23587002 23592002 23598002 23599013 23612002 23617028 23620003 23621005 23621017 23623010 23625002 23626007 23628020 23631019 23637001 23638002 23640023 23642005 23644002 23647001 23650002 23655003 23657001 23658001 23659012 23661003 23662002 23663002 23665026 23666002 23668005 23669002 23670014 23673003 23675001 23680004 23681001 23685008 23686001 23693003 23694005 23695016 23695021 23695029 23696002 23697003 23702004 23703005 23704014 23705006 23705008 23705018 23705030 23708002 23709012 23710009 23712001 23718001 23719002 23721001 23723009 23725002 23725014 23725027 23726010 23727009 23728042 23730001 23731002 23745037 23749010 23750001 23763001 23764002 23767001 23771001 23774001 23775033 23777002 23778002 23780001 23780030 23781009 23784001 23786002 23788007 23789001 23791001 23809002 23813015 23814007 23816001 23818005 23825002 23827001 23828012 23829008 23830012 23833011 23834018 23836026 23836028 23837003 23839003 23839009 23840015 23841015 23842028 23844003 23845007 23846027 23850003 23850008 23851001 23852010 23854014 23858023 23859017 23859055 23867001 23869002 23869033 23872012 23873021 23874002 23875003 23887002 23891001 23893002 23894006 23902001 23904009 23904016 23905011 23910001 23910005 23914009 23916022 23917001 23918010 23920002 23932022 23932030 23935017 23935033 23936016 23940008 23940017 23941017 23942025 23954038 23957003 23958027 23959002 23959007 23959021 23961003 23962001 23972006 23980003 23980019 24003002 24010010 24020012 24020013 24022002 24046005 24046011 24047007 24047017 24047026 24047036 24048005 24053008 24053015 24053036 24056008 24062021 24062034 24065001 24069008 24071012 24072011 24073001 24074008 24075003 24076005 24077016 24077022 24078001 24080016 24081005 24082012 24086026 24088005 24089003 24090009 24090017 24091003 24094003 24095003 24097003 24098003 24099003 24104011 24104022 24107001 24110002 24110033 24111024 24112004 24113004 24114017 24116014 24118002 24119001 24119024 24120029 24130006 24131012 24135008 24136030 24140015 24141022 24142017 24144002 24150020 24156012 24157022 24158005 24159017 24164014 24168002 24169010 24170009 24171017 24173005 24176006 24178027 24180002 24181006 24188010 24188019 24190007 24193003 24198007 24204020 24205002 24209010 24209018 24213005 24214001 24217006 24218016 24219011 24220018 24220032 24225005 24226002 24227005 24228008 24230005 24230014 24231003 24232002 24233001 24234013 24235001 24236001 24236031 24237001 24237015 24241003 24244003 24245001 24246011 24246020 24247002 24248021 24250002 24251004 24254001 24255004 24256010 24257001 24259002 24261014 24262005 24263022 24263028 24264016 24265019 24266002 24268011 24268020 24269005 24271022 24273021 24274001 24275003 24275028 24275040 24276002 24276027 24276040 24277011 24277030 24278001 24279021 24280001 24284009 24285008 24286001 24286040 24286046 24288002 24290001 24291009 24292001 24294001 24295019 24296001 24296016 24297028 24298006 24301002 24302003 24303031 24308008 24309003 24309016 24312002 24312025 24319001 24319009 24320020 24321008 24322001 24324005 24325001 24326002 24333005 24334002 24335002 24335018 24336031 24336034 24337003 24338009 24339016 24343022 24345002 24348002 24348023 24350001 24350007 24354002 24354015 24355002 24357003 24358001 24359005 24360002 24360032 24362005 24363001 24364002 24366003 24367002 24371008 24371021 24372009 24372020 24373006 24374002 24375010 24377006 24378002 24380004 24382010 24383002 24383016 24384002 24384021 24385016 24386001 24386015 24387022 24389002 24392007 24392018 24394006 24395006 24397002 24398019 24399002 24400002 24400030 24401008 24402002 24403008 24404003 24405005 24406001 24408002 24409004 24410022 24412002 24413003 24414010 24420004 24421003 24422014 24428035 24438005 24438013 24439011 24439020 24441033 24442002 24443006 24445002 24445038 24446002 24447002 24449003 24449020 24451009 24453003 24454007 24455013 24458021 24462013 24463018 24463025 24464002 24465014 24466006 24469013 24470001 24470022 24473002 24473014 24477017 24478002 24481003 24482002 24483021 24484002 24488003 24489014 24489021 24490004 24491001 24493002 24495003 24496017 24497001 24497020 24498003 24500002 24500016 24502018 24506007 24507002 24508010 24508014 24509020 24509031 24512010 24512022 24513001 24514002 24515003 24516012 24517004 24518001 24521016 24522009 24523016 24524002 24524017 24526001 24527002 24528001 24528016 24530014 24531003 24532003 24533003 24533015 24534002 24535003 24540003 24540018 24541005 24541024 24543009 24544007 24547021 24549019 24551001 24553003 24553030 24554006 24555011 24558002 24559008 24559014 24560002 24562008 24563007 24564002 24566002 24567003 24568001 24569001 24569015 24570018 24571007 24572012 24574001 24575003 24575015 24577006 24578002 24582015 24584017 24590003 24590029 24590034 24591011 24592001 24594014 24595007 24599012 24600001 24602010 24602024 24603004 24603035 24604017 24605005 24606003 24606014 24606021 24607010 24607015 24608008 24610001 24611003 24612002 24613007 24613011 24615003 24616001 24616017 24616026 24618002 24618037 24621001 24621009 24621029 24624011 24625011 24627011 24628006 24629020 24630006 24631002 24635011 24636009 24638002 24638029 24639014 24640011 24641003 24641027 24642026 24643009 24644016 24645002 24647008 24648004 24648015 24650015 24650024 24651011 24652002 24652011 24653008 24655002 24655020 24656009 24656015 24657013 24658003 24658021 24659020 24660003 24662015 24663001 24663006 24665015 24668010 24668016 24670001 24671009 24674010 24675003 24675022 24683002 24685004 24686012 24686022 24686039 24687014 24688006 24689001 24690009 24691005 24691016 24692012 24693007 24698001 24698019 24700032 24702009 24702022 24702034 24703001 24703012 24703017 24704002 24706007 24706023 24707006 24707041 24708001 24708013 24708024 24708036 24709004 24710012 24711011 24711028 24711031 24713010 24715009 24715011 24717002 24719002 24719006 24720001 24721003 24721015 24723004 24728004 24737015 24738003 24738018 24740025 24756028 24758003 24758042 24758061 24761002 24764009 24765011 24765020 24766025 24767019 24768002 24771003 24771019 24772003 24773006 24774005 24774016 24775001 24777006 24777014 24778014 24779004 24779013 24782002 24782025 24785004 24787010 24788002 24789008 24790001 24792003 24793002 24794002 24795033 24796002 24798002 24800009 24800020 24801010 24803003 24804008 24805006 24806012 24808001 24809004 24810013 24811007 24812012 24813012 24815013 24816002 24817007 24817023 24819024 24820006 24820030 24822022 24827015 24828026 24829005 24829017 24830011 24831007 24832002 24837010 24842022 24843001 24844008 24844023 24846007 24847003 24848010 24849001 24850013 24854002 24856008 24856019 24858012 24859027 24859032 24861006 24863030 24864002 24865006 24866012 24868011 24868032 24869023 24869052 24871007 24871023 24873013 24873026 24874016 24875025 24880012 24883002 24883024 24884013 24885007 24886003 24888002 24888047 24889002 24889015 24893002 24893019 24894008 24894013 24900007 24900019 24902018 24903017 24905005 24907009 24909009 24909030 24910010 24911007 24911051 24913010 24915022 24916040 24917007 24919005 24920011 24922013 24922016 24924016 24926012 24929015 24931004 24932011 24937009 24939008 24940007 24943002 24944005 24949001 24952010 24958010 24960021 24961017 24962004 24964007 24970008 24970015 24983005 24983011 24985015 24987010 24988017 24989032 24994012 24996025 24997005 24997017 24998023 24999019 24999024 25000025 25001011 25002015 25003003 25008018 25011016 25012011 25013013 25014013 25020015 25028016 25029038 25030020 25032009 25033032 25034036 25048018 25049003 25065001 25068002 25072012 25073016 25073025 25074008 25076011 25082003 25083005 25090004 25107008 25107024 25108003 25109019 25116019 25125037 25129021 25129030 25133016 25134009 25151007 25151016 25158020 25159020 25167020 25182042 25182045 25184012 25184028 25184035 25185006 25193007 25193008 25209003 25212010 25212025 25215006 25215020 25218039 25225023 25231004 25247018 25256016 25267012 25272001 25274018 25276001 25285009 25303001 25304015 25313024 25316010 25318020 25322024 25329021 25356019 25356021 25362020 25364022 25365003 25373013 25375024 25376012 25378008 25380002 25381013 25381034 25382001 25385019 25391005 25403013 25404017 25404019 25405004 25407020 25426013 25434014 25445003 25446008 25448026 25448034 25452001 25455005 25456001 25457018 25465014 25466015 25468027 25469026 25474001 25480002 25484020 25488012 25490009 25491007 25491019 25497013 25501001 25502001 25504002 25514001 25520024 25527014 25528015 25532020 25534001 25537005 25539007 25542015 25544022 25544027 25545015 25545017 25546002 25551001 25553008 25554004 25554034 25561001 25568018 25569019 25576005 25576007 25599004 25600001 25607015 25610011 25622001 25634035 25636018 25636037 25637024 25637040 25638015 25653001 25657006 25657008 25658001 25665004 25667017 25670011 25672011 25672019 25673015 25674003 25689010 25691001 25691013 25693021 25695003 25696003 25698001 25699012 25702022 25703016 25704010 25705033 25706017 25707009 25708010 25708018 25709007 25713011 25713020 25714014 25716012 25718022 25720001 25729001 25731002 25732018 25732033 25735008 25740013 25743026 25744001 25748006 25748012 25757006 25763013 25766004 25769025 25770015 25770021 25772001 25776029 25777001 25777006 25778011 25779008 25781012 25781020 25784009 25785015 25789001 25795012 25797001 25801036 25803002 25805017 25805021 25807009 25814001 25816015 25817024 25821001 25822011 25824009 25828003 25832009 25850026 25851017 25851026 25858016 25864006 25865009 25869017 25883017 25884003 25885020 25887008 25890009 25898004 25898014 25903001 25904001 25912001 25914015 25917015 25918010 25926012 25934013 25963019 25971035 25974005 25975008 25976015 25978005 25981006 25982002 25983012 25986025 25988011 25989007 25991024 25995015 26000008 26009002 26011011 26022014 26026007 26027021 26032001 26035001 26039019 26041029 26045004 26045008 26058013 26062002 26063003 26068020 26074006 26081006 26082014 26083001 26084005 26085012 26087008 26087010 26088002 26090025 26092001 26093012 26093014 26095001 26096001 26096018 26097017 26098001 26099010 26100001 26101004 26103001 26104003 26107007 26108003 26109008 26110003 26111001 26111019 26114008 26115001 26117003 26117006 26118005 26119002 26120002 26123008 26123035 26124001 26125014 26126001 26126026 26131001 26137002 26138002 26139016 26143003 26148011 26155004 26157030 26158006 26159003 26160002 26162002 26163005 26164004 26164021 26167001 26170012 26173008 26174013 26178003 26182005 26183008 26184006 26184014 26184041 26187013 26189002 26191002 26196010 26197008 26197022 26198008 26200007 26201001 26202035 26203003 26204006 26204020 26204025 26205001 26207001 26207017 26210012 26210033 26211008 26212008 26215003 26217001 26217017 26219002 26224014 26225003 26225012 26226014 26227008 26228002 26230001 26259004 26261001 26263003 26264001 26266005 26268005 26269003 26269011 26270004 26272009 26273001 26274006 26275017 26277014 26278002 26280024 26280033 26281025 26282008 26282029 26283007 26284001 26287001 26290002 26293009 26299008 26301002 26303015 26311002 26317005 26318006 26319001 26322009 26323002 26325002 26326001 26326019 26327012 26328001 26329003 26329024 26329031 26330003 26332007 26335007 26338004 26339013 26343003 26343009 26345001 26350001 26357004 26357009 26359008 26361012 26361031 26361034 26362001 26362009 26366010 26366017 26368001 26368031 26369007 26372008 26374005 26374008 26379018 26383002 26384008 26384016 26386004 26388019 26390003 26391005 26391021 26392002 26393008 26394001 26396001 26401009 26402006 26402015 26403002 26405002 26407012 26410003 26412002 26413003 26416006 26421021 26423018 26424002 26424008 26430006 26431001 26434008 26436001 26439007 26440001 26441010 26441013 26441020 26442002 26443004 26444001 26447004 26454007 26470006 26472005 26472018 26476001 26478010 26479003 26479012 26480001 26481008 26482001 26488001 26489002 26501002 26504011 26505002 26505011 26506010 26507001 26513010 26514002 26516002 26517016 26521007 26522001 26524007 26526012 26527006 26527008 26528002 26528019 26529001 26530004 26533009 26535003 26536003 26536007 26537002 26537015 26538003 26540013 26541003 26544006 26544015 26545005 26545007 26545010 26546019 26547007 26549012 26551001 26551008 26553011 26554004 26556009 26556023 26556026 26557003 26559002 26562001 26563006 26563015 26564001 26565009 26567004 26568033 26569012 26570017 26572025 26575023 26577012 26578003 26580004 26580012 26581022 26582006 26583002 26583023 26584023 26585008 26588001 26590006 26592014 26593013 26594022 26595001 26597006 26597015 26598007 26599009 26602017 26603015 26604001 26611002 26616001 26617023 26618008 26619007 26619018 26620016 26622011 26623012 26624013 26625002 26632007 26633001 26633027 26634001 26637010 26637013 26638001 26639002 26639007 26639016 26640008 26641010 26642001 26643001 26644008 26645005 26652002 26654003 26654010 26655012 26656006 26656014 26657001 26657019 26658015 26659013 26660005 26662006 26663002 26663020 26667001 26667002 26667011 26667014 26668001 26668008 26668018 26669001 26670008 26670014 26674007 26674009 26675001 26675010 26677007 26677009 26678002 26686013 26691009 26691011 26691013 26692001 26701003 26744006 26746001 26756004 26756013 26757007 26757021 26757028 26758001 26761005 26763022 26787002 26787023 26788012 26789019 26790001 26791014 26792003 26793003 26794011 26795011 26797002 26798017 26799005 26801009 26801026 26805006 26806001 26806025 26809001 26810009 26814008 26818010 26819009 26820001 26822002 26823013 26827012 26828017 26831002 26832010 26835012 26835029 26837001 26838011 26839012 26842006 26842015 26843001 26844024 26845004 26846011 26849006 26851003 26851009 26852002 26853003 26853020 26854001 26855029 26856001 26857033 26858012 26859007 26860003 26864018 26864025 26864047 26865010 26866008 26867005 26868016 26870012 26870018 26875006 26880019 26882012 26882025 26883001 26884001 26884012 26885006 26886010 26886018 26886020 26887011 26887031 26888015 26889002 26891008 26892013 26892022 26893004 26893017 26894006 26894024 26895003 26896006 26897002 26898010 26899011 26900003 26903006 26903019 26904001 26905001 26906003 26906011 26906022 26909001 26911001 26911037 26912002 26913006 26914006 26914027 26914031 26914037 26914039 26915004 26915019 26915023 26915029 26915031 26916003 26916023 26916037 26916038 26916044 26916050 26916054 26918005 26918019 26919013 26919021 26919028 26919035 26920008 26920010 26921001 26922009 26922018 26924008 26927038 26930016 26930020 26931001 26933002 26935019 26945011 26945049 26948008 26948039 26955024 26961041 26966008 26970012 26971008 26972012 26972046 26974002 26975011 26980001 26980017 26984014 26986018 26986027 26989025 26990036 26996010 26997005 26997022 26998011 26999030 27000014 27005022 27007019 27009049 27013026 27013033 27014021 27016017 27017001 27017017 27018018 27019007 27021008 27023003 27024020 27033050 27034002 27036042 27044030 27047016 27047021 27048028 27049013 27052003 27054025 27056008 27056014 27064035 27069015 27072038 27074008 27080005 27081017 27084006 27085031 27086005 27090001 27091002 27099025 27100016 27101010 27103003 27104030 27106015 27107023 27109011 27109026 27113021 27115028 27115036 27116018 27121019 27122014 27122030 27123006 27124012 27126021 27127009 27134005 27142009 27148025 27150003 27152037 27154012 27159002 27161004 27161033 27165002 27167010 27168025 27169021 27169029 27169043 27170007 27172019 27173018 27176012 27177009 27181012 27189012 27191016 27197016 27198020 27199011 27201014 27202009 27203006 27204043 27217021 27218011 27219023 27227007 27227016 27227028 27228002 27230004 27232002 27234020 27236016 27238023 27243036 27244024 27244032 27245020 27248018 27252019 27259015 27262005 27262017 27263018 27264029 27264033 27274006 27275013 27282019 27282027 27291011 27293037 27294011 27295016 27296012 27298006 27302020 27303016 27305018 27309023 27316006 27317012 27324005 27325004 27325029 27325041 27326018 27327008 27327037 27329002 27329018 27331010 27331037 27332020 27332025 27334034 27343021 27349020 27355019 27361006 27361016 27362004 27365006 27368009 27370035 27371032 27374006 27375013 27375025 27379029 27383020 27384009 27385002 27385020 27386006 27389016 27393002 27397001 27397029 27399017 27406042 27407014 27409017 27410006 27410010 27411018 27412003 27413013 27416034 27417024 27418018 27418020 27431005 27436015 27437021 27438028 27440008 27441021 27446036 27447035 27450030 27451002 27454015 27455032 27457008 27459008 27460008 27460027 27462024 27478015 27479023 27479035 27483024 27485028 27490013 27491017 27494027 27498020 27498023 27499033 27501019 27509014 27514011 27515008 27516008 27518033 27527018 27535023 27536007 27537014 27541016 27542057 27551001 27553010 27558012 27566014 27566031 27567008 27569019 27576048 27579016 27584039 27585017 27585063 27585069 27587029 27588018 27591013 27594029 27595031 27595052 27596033 27599025 27599044 27603025 27604008 27606005 27609016 27616013 27629018 27646017 27648026 27648031 27651021 27651042 27652016 27655053 27657026 27659009 27659026 27659028 27662030 27669012 27674011 27678033 27679018 27681039 27684016 27685011 27685033 27688016 27690014 27691031 27692028 27693032 27693048 27694037 27695026 27695035 27708064 27715012 27715013 27719040 27721012 27722012 27723003 27724004 27726002 27738010 27746005 27776011 27782018 27784021 27785010 27786014 27787023 27788015 27792011 27805021 27826017 27827003 27832013 27834029 27839011 27839013 27842023 27843017 27844023 27845012 27853011 27879009 27881019 27891014 27914010 27915011 27915048 27923064 27926001 27931014 27932007 27932015 27932020 27932033 27936004 27938014 27938022 27939011 27940012 27940028 27941006 27943011 27948006 27948017 27948028 27948046 27948051 27949004 27949023 27950006 27951004 27951010 27952004 27955003 27956001 27957006 27963007 27965005 27965018 27966028 27967021 27968022 27969002 27970001 27971010 27971024 27973017 27974002 27979017 27980032 27981015 27987017 27989017 27992037 27994012 27995016 27996005 27997004 27997027 27998005 27999014 28000041 28003013 28004006 28010004 28011040 28012008 28013003 28014002 28014017 28015008 28016005 28016014 28017022 28017034 28018029 28021002 28022014 28025009 28028025 28029025 28030012 28031009 28033004 28034012 28034027 28034064 28036001 28036017 28037018 28038007 28039048 28040002 28040020 28050006 28050016 28050049 28053015 28053019 28054019 28054030 28056002 28057023 28058008 28058026 28059035 28065032 28066020 28067021 28068006 28069013 28069033 28070014 28080019 28082026 28082043 28083023 28084029 28085043 28086004 28092023 28096051 28104005 28104017 28105043 28116011 28116049 28120018 28120020 28121001 28132045 28146005 28147002 28148010 28156022 28160007 28160035 28163011 28167006 28167015 28168001 28169007 28171002 28173008 28174002 28174010 28174016 28175011 28179001 28181008 28182021 28184002 28186032 28188017 28192006 28197007 28198011 28198020 28199007 28202010 28203005 28203018 28203033 28205013 28210012 28212002 28212036 28213001 28217034 28218010 28222010 28222025 28222032 28226019 28238041 28244015 28245009 28247005 28249001 28257007 28258006 28260003 28260017 28265009 28265030 28269017 28281002 28284027 28285036 28287016 28287022 28287040 28287044 28289011 28289023 28289032 28292010 28295005 28298024 28309002 28311025 28312013 28313001 28317001 28324007 28329015 28330021 28334027 28335029 28336005 28337002 28339008 28339015 28345016 28349010 28349024 28350020 28354021 28357001 28362015 28365006 28365013 28365068 28368005 28373001 28382024 28382033 28383006 28384023 28385011 28385017 28388007 28391017 28392001 28393011 28394039 28395022 28396014 28402010 28403028 28406021 28406026 28407016 28407026 28411012 28414038 28416022 28416039 28417009 28418005 28420009 28420018 28420026 28422002 28427012 28428005 28428007 28428015 28428020 28430013 28430020 28431006 28438020 28439021 28439056 28453003 28454003 28456027 28458030 28460019 28463023 28465017 28469015 28477018 28478022 28479032 28481020 28481039 28481041 28482002 28482007 28485006 28487022 28487043 28488020 28495025 28498023 28500013 28502067 28503037 28504011 28505006 28505010 28505016 28506011 28506033 28507020 28510008 28510012 28510023 28511001 28512022 28513019 28513028 28520024 28520032 28522020 28523046 28531008 28534025 28536015 28542036 28546019 28550027 28555003 28557014 28558027 28564009 28573003 28577007 28581016 28584010 28588012 28589009 28589027 28590005 28590015 28594016 28598010 28598032 28599018 28600024 28604038 28605011 28606013 28608015 28613024 28617017 28621015 28623022 28624012 28625010 28627017 28628008 28628013 28628024 28630014 28630021 28634016 28635028 28637010 28638018 28638030 28640006 28640009 28640015 28641006 28641020 28644017 28645020 28653005 28653021 28659017 28663007 28668008 28674018 28675013 28676004 28678040 28681017 28685044 28692013 28695006 28696006 28697005 28700009 28701018 28703009 28705018 28705029 28707029 28709004 28710020 28712021 28715009 28716033 28728005 28728020 28729048 28734014 28734022 28744007 28746009 28746027 28753020 28757002 28776005 28777018 28777035 28784013 28787029 28792031 28799005 28800002 28802006 28802027 28804003 28810026 28812025 28812049 28813057 28814044 28819002 28821023 28837013 28839003 28842013 28846012 28855019 28858007 28859002 28860018 28860052 28861011 28862024 28862029 28865023 28866001 28867031 28870006 28874010 28875023 28879032 28883008 28884041 28886022 28889007 28889019 28891013 28896007 28896012 28896027 28897038 28898013 28899007 28900010 28901005 28903015 28905019 28906006 28906017 28913009 28915005 28915015 28915018 28915021 28916008 28917019 28918038 28923004 28934017 28937019 28938019 28945007 28949003 28951025 28952032 28954011 28964016 28965001 28966010 28967001 28968035 28969014 28969026 28970018 28971019 28980017 28985026 28987018 28987035 28989020 28990009 28992007 29001014 29007010 29021004 29025035 29026027 29031006 29032002 29042022 29044011 29051006 29054038 29055025 29057001 29057007 29059022 29059029 29059058 29071023 29073005 29074001 29077015 29084006 29098035 29109017 29109027 29109033 29138009 29146026 29168023 29184036 29205014 29208008 29211005 29219009 29220007 29220023 29222012 29223007 29238001 29238031 29240007 29240014 29246016 29249028 29251014 29258018 29259001 29260004 29261013 29263001 29264015 29274012 29278003 29285014 29290005 29291014 29291027 29305020 29306008 29306021 29307027 29309022 29310041 29311016 29313016 29315008 29322008 29324020 29327010 29340012 29342029 29344027 29345015 29346018 29347039 29348014 29352008 29354009 29355010 29357014 29359013 29361006 29363007 29364009 29369029 29370013 29376015 29376020 29381013 29387032 29389048 29397007 29398006 29400010 29402004 29403011 29407072 29411007 29413014 29414019 29416006 29423016 29431036 29431051 29442018 29444016 29446025 29447013 29448013 29449025 29452020 29453008 29462001 29466002 29467007 29467024 29469010 29472002 29472031 29475026 29475045 29477004 29482005 29485002 29485013 29486007 29486026 29487008 29488007 29493001 29494037 29501011 29507029 29508021 29508027 29509019 29514025 29519026 29521015 29530006 29531019 29535018 29535026 29538024 29540044 29541016 29542009 29542013 29543012 29544025 29546006 29550021 29554018 29554034 29560013 29561017 29562010 29562015 29562029 29563008 29567010 29569007 29569029 29570034 29575016 29576024 29581027 29583029 29583032 29583047 29584013 29584022 29584042 29585013 29585035 29586006 29587014 29587049 29590014 29593045 29594031 29599020 29600012 29600021 29603002 29604003 29605021 29605035 29606018 29608015 29609014 29610026 29611001 29612013 29613024 29618020 29619008 29619018 29620018 29621020 29621031 29624011 29630025 29630034 29631001 29634027 29640011 29645002 29645018 29645021 29646001 29649003 29651011 29651019 29652007 29653013 29654019 29656001 29657024 29658013 29659016 29660023 29661018 29661038 29663019 29664012 29666023 29666043 29668017 29670009 29673004 29675006 29675015 29675028 29675051 29676003 29676015 29680012 29681004 29681021 29682002 29683008 29684002 29684010 29685008 29691004 29695001 29695022 29698008 29706025 29708013 29710020 29714001 29715012 29717027 29718018 29720007 29723021 29727020 29731013 29732028 29737015 29741019 29747024 29747029 29747042 29752023 29754034 29758018 29760036 29762031 29768045 29769017 29786012 29790018 29800026 29804010 29804027 29806025 29810024 29813004 29813024 29816013 29817007 29818026 29826012 29828014 29828022 29835007 29837018 29847016 29847028 29850034 29852005 29853012 29858019 29864025 29865036 29871008 29873006 29879014 29879046 29885013 29887023 29888002 29889003 29893002 29893008 29894015 29896004 29896024 29897020 29900009 29909007 29911021 29919013 29928002 29930001 29932022 29939024 29942012 29944012 29952034 29955054 29959005 29964002 29965007 29966025 29967054 29969029 29970012 29971005 29972009 29974008 29977001 29981022 29982003 29983008 29984018 29986011 29987008 29988028 29989001 29989028 29990001 29990005 29991001 29991010 29992013 29997017 29997021 29998026 29999002 30001011 30001019 30002013 30002023 30003018 30004020 30005015 30011040 30012008 30013006 30014002 30014025 30014035 30015021 30018011 30018022 30019018 30023017 30025008 30025021 30026038 30027002 30029029 30031009 30031017 30032038 30036015 30037005 30038021 30038036 30039001 30041002 30043025 30046056 30048002 30049021 30050010 30055001 30058003 30058028 30062001 30063006 30063028 30065001 30066011 30071034 30086002 30086013 30086019 30087004 30090006 30090015 30090031 30092031 30093019 30094020 30095017 30095022 30096012 30098024 30098038 30098040 30099005 30099024 30101002 30101011 30103021 30104017 30108026 30110044 30111017 30113031 30115018 30116025 30117021 30120031 30120055 30125008 30125039 30126014 30127015 30130035 30131015 30133001 30133016 30139015 30141007 30143009 30143019 30146028 30147010 30150018 30151001 30153008 30154001 30155017 30156014 30159034 30160006 30164028 30165008 30166020 30173019 30175009 30176014 30177020 30177029 30178016 30178054 30179023 30179028 30180007 30180023 30181007 30181011 30181023 30182012 30182037 30183010 30184028 30189020 30190023 30191001 30194024 30198008 30200027 30204017 30206024 30213002 30215008 30215025 30215064 30216007 30218005 30218021 30219002 30223024 30227011 30227018 30228012 30235013 30237005 30238033 30241009 30241031 30246033 30247016 30248009 30249011 30250001 30252013 30254005 30257004 30257013 30259033 30261017 30262001 30262036 30263002 30263026 30263030 30267002 30268008 30268019 30268023 30270012 30272014 30272032 30274028 30276009 30277010 30279031 30280017 30280019 30287012 30290006 30292002 30292037 30294007 30295009 30295012 30303015 30304009 30305029 30306012 30307002 30315028 30317012 30317036 30319012 30329009 30329025 30334030 30340036 30343018 30344005 30345006 30346003 30348007 30348009 30349034 30349043 30353008 30359031 30362009 30363014 30364011 30365012 30366024 30366032 30369029 30370004 30374030 30376007 30376029 30376047 30380011 30382012 30387005 30389003 30389015 30390011 30392042 30394016 30396011 30396032 30397008 30398004 30400003 30403015 30404007 30405043 30408022 30409021 30410019 30412031 30413002 30415002 30416021 30417014 30419001 30420034 30421005 30423028 30426022 30429028 30430014 30437002 30437012 30437022 30440017 30440023 30443036 30444012 30447016 30450016 30451007 30452012 30453037 30457010 30458010 30458023 30458030 30463019 30464014 30464020 30464040 30465026 30466009 30466025 30468012 30468026 30471036 30472009 30473007 30476009 30476033 30478043 30479011 30480015 30482002 30482019 30491012 30492023 30499011 30500011 30501014 30501037 30505008 30506009 30506016 30507009 30508012 30510002 30510023 30511012 30512026 30518016 30521003 30522026 30525015 30527004 30530010 30531019 30532001 30533004 30534019 30536008 30537031 30541010 30548010 30549020 30551015 30551027 30553003 30554008 30556007 30556013 30558036 30565046 30580030 30582014 30584007 30584016 30589012 30600018 30610009 30611019 30612010 30613001 30614010 30614015 30615007 30616008 30617002 30617023 30617026 30619025 30620009 30620014 30620032 30620035 30622005 30622029 30623006 30624006 30624037 30625014 30626005 30626012 30627019 30634009 30634023 30635024 30635041 30636005 30639009 30641031 30641035 30641086 30643014 30644011 30645029 30647004 30647030 30648002 30650015 30650020 30652007 30659008 30662042 30663020 30665026 30670020 30670031 30671009 30673018 30674016 30676047 30677037 30678017 30679018 30682043 30687020 30688005 30694007 30694014 30699017 30700017 30702023 30703025 30706009 30707047 30707051 30708003 30748020 30761013 30761024 30777030 30780002 30780009 30786046 30804006 30804017 30813016 30823007 30826023 30830012 30832020 30845026 30854022 30868006 30869009 30873010 30874017 30875008 30875021 30876019 30879021 30889017 30890004 30891004 30892003 30897033 30902014 30902023 30902057 30909027 30909033 30910044 30914011 30915016 30934009 30934017 30939016 30940022 30942010 30944014 30948032 30949047 30950009 30950020 30951008 30952008 30952013 30954023 30955010 30956023 30960016 30961007 30962008 30966006 30974015 30974023 30974033 30976023 30979041 30982014 30993002 30993015 30993039 30999010 31002026 31014017 31020023 31020036 31023018 31024031 31028046 31034016 31035032 31043035 31045037 31056017 31057014 31060019 31065005 31076006 31076013 31076017 31077012 31086018 31087016 31088006 31090015 31093005 31094010 31099028 31100011 31101021 31102002
Mawuku|10|23917005 24007001 24710016 25505011 25624011 25822015 26881020 26896008 26984018 29430030
Mawum|2|28201022 28290014
Mawun|7|27296031 27548011 28021005 28365043 29279014 30881016 31034014
Mawune|1|31061017
Mawung|74|24972001 27469013 27934006 28047028 28049025 28059014 28069055 28092015 28156035 28310010 28334002 28355010 28357028 28361002 28365036 28365046 28371015 28373022 28374007 28458060 28542024 28624023 28750031 28776016 28799012 28803011 28804008 28942014 29203009 29207002 29209021 29210007 29224005 29263014 29325022 29362009 29469041 29563070 29602009 29604025 29631017 29645043 29650002 29658022 29662003 29662024 29663005 29676033 29678002 29697002 29698050 29709007 29711008 29792016 29803012 29804025 29811022 29818007 30078006 30079006 30262006 30378008 30482024 30488034 30494014 30496012 30538004 30677043 30690016 30694017 30698011 30877015 30888026 30990032
Mawunu|2|24000011 27838045
Mawěhạ|2|24460012 24612011
Mazmur|3|25822010 26036039 27396020
Mazmurě|2|26944007 29534030
Maěndokangbe|1|25378001
Media|1|26959007
Melea|1|25057003
Melkisedek|15|30037019 30041016 30065026 30066002 30066028 30067011 30068002 30069014 30071002 30073020 30074034 30075025 30076046 30080017 30082019
Meselu|2|31068001 31072001
Meselě|1|31066001
Mesias|2|26086023 26086024
Mesopotamia|2|26959010 27119035
Metilene|1|27641018
Metusalah|1|25063003
Midian|1|27146024
Mihino|3|26841019 28451011 29417001
Mihinọewe|1|28513001
Mikhael|4|30682002 30682029 30899009 30899026
Mikhaelě|1|30682039
Miletus|3|27642030 27644002 29891015
Milombọko|3|28357018 28361001 28364012
Milumbạko|3|28337001 29207001 29361001
Milumbạu|2|28220001 30675002
Mina|1|25057006
Mira|1|27861017
Misa|5|24197011 24883009 25993003 26869003 26887003
Misia|2|27491005 27492005
Misirě|39|23183039 23184017 23185022 23189011 26960006 27126019 27127026 27127037 27128009 27129011 27130029 27131023 27132007 27134016 27135016 27139006 27141013 27141024 27145015 27146017 27151014 27151038 27153012 27153024 27156025 27157042 27380024 27380036 27703007 28173014 30012025 30102023 30195018 30197015 30199022 30200007 30202019 30678023 30881026
Mohong|1|28006001
Mohonge|1|24559030
Mohongi|1|29904001
Molokhě|1|27160004
Momọ|1|24406014
Munara|1|29345001
Munarang|1|28424001
Murit'E|1|24212001
Murit'i|1|25141007
Murit'u|1|24645001
Muritě|5|23442001 26654001 26906001 26907001 26923001
Musa|130|23252008 23329018 23350031 23473006 23495011 23704009 23705033 23770012 23771005 23897007 23913006 23921014 24260032 24474002 24543015 24544028 24592005 24593002 24594002 24693010 24700018 24700037 24996013 25122036 25332009 25335036 25637005 25650011 25652011 25808004 25817002 26019020 26036035 26062010 26090019 26135003 26256016 26257006 26258012 26290011 26348004 26351002 26351016 26351024 26352014 26378011 26387004 26399004 26469023 26470011 27019002 27113019 27115038 27116026 27137007 27140003 27142002 27144010 27146004 27146014 27147015 27148002 27149018 27152002 27152007 27153002 27154006 27155003 27157033 27161027 27161037 27378004 27401051 27444024 27448031 27464004 27571021 27685043 27686028 27689048 27693027 27708039 27717020 27738031 27784042 27805017 27846040 27923046 27986009 28013024 28062008 28171006 28194002 28208016 28208018 28275023 28550005 28561024 28562017 28569026 28570004 28849018 28849031 28855007 28857011 29153029 29862009 29998017 29999011 30001002 30012022 30079015 30098028 30098033 30098043 30125003 30125016 30126006 30127007 30162007 30196006 30197005 30199002 30199027 30200005 30200016 30201005 30234011 30682027 30950007
Mědeạu|4|23523001 24966001 29326001 30684011
Mědẹ̌deạ|1|26793014
Měkoạ|1|25156021
Měkẹ̌koạ|1|29904021
Mělahukung|1|29879015
Mělahukunge|1|30364014
Mělal᷊ukadě|2|30262022 30470004
Mělisange|1|24361009
Měloarạen|1|26343001
Měmanda|1|23469009
Měmpẹ̌nẹ̌nahosọu|1|25941006
Měnahem|1|27364026
Měnanahani|8|23398011 23859004 24279008 24279030 24432023 24433017 24435013 24529009
Měnanahimata|1|30425024
Měnanal᷊amat'u|1|30618022
Měnanal᷊amati|1|30481020
Měnanal᷊amatě|20|25005001 25041016 26065010 26149012 26463033 26615011 26899016 26981017 27049016 27050041 27091016 27102031 27189024 27239026 27386013 27386024 27920022 30093040 30199013 30573013
Měnanal᷊amatẹ̌ku|1|24941008
Měnanal᷊oara|1|30237007
Měnanawuhě|2|23577004 24338001
Měndal᷊ukad'u|1|25890019
Měndal᷊ukadě|4|23379001 26485001 26493005 30425021
Měndariadi|4|23767014 27956012 27956027 30466026
Měndariadine|1|29528017
Měngambang|1|24293027
Měngangahạ|2|23929007 29781001
Měngangambang|4|29896026 29919015 29928005 30491016
Měngangawasa|2|30502047 30677040
Měnggaghaghuta|1|27755020
Měnggaghoghahě|1|30852032
Měnggaghuta|11|25931021 25986037 27028004 27093003 27095009 27114033 27171003 27710008 27735033 27790018 30423030
Měngkaherang|1|26962001
Měngkai|6|24100014 24439001 24796016 25434005 27877001 29638001
Měngkate|14|23235001 23364001 24736001 25575029 25747011 25841001 26017011 26101010 26381011 27232007 27535014 27567015 27727023 30367019
Měngkateko|1|23208005
Měngkatewe|5|24204001 25275015 25323008 25461001 26639009
Měngẹ̌ngambang|1|29758024
Měnningu|1|24343011
Měnsang|5|25528001 25615011 28285017 28614011 30331001
Mẹ̌deạu|1|28490001
Mẹ̌dorong|1|25563014
Mẹ̌kakoạ|3|24137016 24140009 28177001
Mẹ̌koạ|1|24293022
Mẹ̌sasuange|1|28418013
Mẹ̌sul᷊ungkewelai|1|27708048
Mẹ̌sul᷊ungkewelain|1|25680001
Mẹ̌sul᷊ungkewen|3|24220001 26778001 30686001
Mẹ̌sul᷊ungu|4|24972016 27552021 27785001 28567010
Mẹ̌takaewen|1|25754010
Mẹ̌tatangkiange|1|29918001
Mẹ̌tatul᷊ung|3|26685013 26726005 26734022
Mẹ̌tul᷊ungu|1|30248012
Mẹ̌těngkahal᷊i|1|23744019
Mẹ̌těngkarange|1|29036014
Mạanum|1|29877001
Mạanun|1|28189001
Mạanung|2|29255011 30068001
Mạanụeng|1|29971001
Mạanụeweng|1|30020001
Mạdiri|1|23856001
Mạdiringbe|1|28440041
Mạeng|25|23800013 23852041 23854019 23916001 23951001 25755001 25785022 25805001 26066001 26067001 26078023 26572001 26823007 27689024 27993001 28070001 28099001 28175008 28232041 29019001 29978001 30021020 30597001 30723024 30734009
Mạherang|1|26957001
Mạl᷊owokangbe|1|24614001
Mạmaehě|1|23726004
Mạpiangbe|4|23737012 25654001 28000008 29118005
Mạpiaěngbe|1|24584012
Mạěndokangbe|2|28475018 30442001
Naaman|1|25091025
Nabi|30|23187006 23196006 23224010 23363013 23507011 23529036 23554007 23641009 23677030 23838004 23973010 24139007 24218007 25030008 25081005 25091005 25435044 25436002 26066018 26068010 26619004 26966011 27021012 27204062 27378009 27383033 27923052 27925035 28181006 28183001
Nadehọ|3|23864001 24115015 27621001
Naftali|3|23223018 23225004 30817002
Nagai|1|25051015
Nagạ|4|30896015 30899018 30901001 30909001
Nahason|2|23147025 25058015
Nahor|1|25060015
Nahum|1|25051009
Nahumpạ|1|27534016
Nain|1|25207010
Nakal᷊aherang|1|26471004
Nakaringihe|2|23680001 24611001
Nakaringihě|8|23607001 24077001 24774001 24923001 25711001 25796019 26553001 27731001
Nakasilo|2|23960007 26920001
Nakasilọe|1|24603001
Nakaěnna|1|23591010
Nal᷊ahe|7|23600009 24680030 26807018 28746019 29435001 29955034 29994001
Nal᷊ahẹu|10|23740019 23864013 23868004 24683013 28207013 28225025 29099045 29171001 29706001 29958014
Nal᷊ikụ|1|24652012
Nal᷊iun|2|26200001 27911001
Nal᷊iung|2|24091001 30770001
Nal᷊iụ|1|27240001
Nal᷊iụen|2|27797001 30884001
Nal᷊iụeng|2|27342022 27917001
Nangělembo|1|28700024
Nangělembong|1|28063031
Nanihing|1|25205017
Nanětạ|6|23227001 23694001 24071001 26324001 26577001 26853012
Napal᷊useng|1|27633001
Napiri|1|23989001
Naral᷊e|1|26391019
Nararěnnạ|1|26259001
Narkisus|1|28348021
Narěntạe|2|26051001 26260001
Nasongọ|1|27256010
Nasongọe|1|24648001
Nasueẹng|1|23549001
Nasuẹen|1|27456001
Natan|1|25057012
Natanael|6|26090005 26091003 26092005 26093010 26094005 26901012
Natarangke|1|24334001
Natuhụewe|1|26973001
Naung|7|23842016 26670001 26747014 27960001 28856001 28924001 30251015
Naung-Ku|2|24789001 26608001
Naungku|3|24093007 24940004 29444017
Nawawěllọe|1|23801001
Nazaret|31|23193008 23193026 23223004 23838008 24126031 24225009 24240004 24636012 24822025 24880015 24920018 24978007 25013021 25025010 25080007 25098004 25726003 26011014 26090038 26091012 26791003 26793018 26845015 26972015 27003028 27033039 27116013 27298014 27713018 27775032 27833016
Neapolis|1|27495017
Nereus|1|28352007
Neri|1|25053015
Niapataking|1|28951001
Nidatingken|1|25872001
Nihindọ|1|30832001
Nihino-hino|1|23641006
Nikanor|1|27107039
Nikaěbakengi|1|25994001
Nikodemus|7|26122012 26125012 26130006 26379009 26379021 26865002 26865021
Nikolaus|3|27107046 30724020 30733015
Nikopolis|1|29936016
Nimbụe|1|29535001
Nimfa|1|29558015
Ninang|6|26852022 30647002 30647009 30651003 30659005 30659016
Ninange|1|30650011
Niniwe|5|23531006 23531019 25436010 25438005 25438019
Nirolohě|1|26448013
Nisunatě|1|29204001
Nitěgone|1|24082014
Noakě|9|25678013 25679014 30180005 30180020 30180048 30445015 30445026 30506031 30506041
Nuh|3|23995012 23996020 25062012
Něgara|1|24726008
Něgěllịu|1|28068001
Němpẹ̌tingang|1|25222009
Něndiadi|2|29261015 30284014
Něngalembo|1|28222019
Něngalembong|1|26734008
Něngalembọ|2|27075001 28471015
Něngalembọe|1|23313019
Něngalembọewe|3|23328018 27665001 29382001
Něnggạe|1|28060014
Nẹ̌bangungke|1|24273001
Nẹ̌berạete|1|27143018
Nẹ̌konti|1|30573001
Nẹ̌koạ|1|26467014
Nẹ̌sal᷊a|1|28064020
Nẹ̌sarětạ|2|25395001 27319001
Nẹ̌saụ|2|23877001 24118007
Nẹ̌sion|2|24854001 28955001
Nẹ̌tatěntangu|1|28685025
Nạdehọ|4|23212016 23221001 24154001 25812001
Nạung|16|23860009 23898001 24694001 24964001 26940014 27833001 28240001 28413001 29231001 29257001 29487001 29525001 29965001 30049012 30410001 30425001
Nịdatingken|1|24951001
O|14|23213006 23485007 24047001 24094015 24097008 24176018 24501019 25702021 26469009 27311014 27740004 28116026 29039016 30780001
Obed|2|23147032 25058006
Ogore|1|26895017
Oh|1|25700009
Oi|1|24646010
Olimpas|1|28352011
Ol᷊ohẹ̌ko|1|26568023
Onesiforus|3|29826005 29826026 29890010
Onesimus|4|29552002 29949010 29954003 29956018
Onggọ|1|27196003
Opọ|3|26883034 26883039 26883054
Orasě|38|25121016 25217001 25290012 25623014 25925012 26025001 26084015 26147028 26176001 26662009 27070001 27349015 27530046 28084001 28118001 28241007 28674011 28674027 28674045 28677031 28678025 28814018 28832001 28857001 28860001 28973001 29128001 29431021 29490001 29951001 29955001 30215055 30431015 30451001 30530018 30582006 31057011 31059012
Ore|22|23272002 23454001 23843013 24155005 24411021 24525010 25222012 27732019 28021016 28229007 28260014 28380001 28380014 28818037 28819013 28820022 28820032 28821010 29960019 30367022 30705032 30731023
Orelai|1|30387050
Oroiko|1|25645008
Padul᷊ie|1|25399017
Pafos|2|27369009 27376002
Pahiakengkon|1|24017009
Pahul᷊iagě|1|29159016
Pahul᷊uasě|2|28261001 29159008
Pahul᷊uasẹ̌ko|2|28314006 29447018
Pahungkaiangko|2|24091019 24787016
Pahunsangịen|1|25964016
Pai|4|23811007 25720017 26081014 27369010
Paise|2|24622009 30979019
Pakaadatě|1|29767001
Pakahunggeě|1|28274032
Pakahuntinambangkom|1|29502015
Pakaingatě|1|29693013
Pakakakěhagẹ̌ko|1|29545001
Pakakakěllai|1|30286001
Pakakakěndagẹ̌ko|1|30243001
Pakakasu|1|28686001
Pakakěhagě|1|29353001
Pakakẹ̌dang|1|29876013
Pakal᷊aingatě|1|24712006
Pakal᷊audupẹ̌ko|1|30412001
Pakal᷊enehẹ̌ko|1|23625011
Pakal᷊ukare|1|29764001
Pakapapia|3|23962004 25835004 29637001
Pakapapiako|1|29544009
Pakapia|2|23738001 30098046
Pakapiako|1|25178001
Pakapiangkon|1|23426001
Pakaral᷊uasẹ̌ko|1|29324013
Pakaral᷊ukadě|2|24096001 29352001
Pakaral᷊ukadẹ̌ko|1|24793007
Pakaral᷊ěndị|2|23435001 30388006
Pakararading|1|28257001
Pakarariagạ|4|25863001 29356024 30271001 30474001
Pakarariahi|1|25495001
Pakarol᷊ạko|1|29880001
Pakarěmmasẹ̌ko|2|24458028 25099001
Pakasabarẹ̌ko|1|23757008
Pakasasanạ|1|29275001
Pakasasuměllung|1|29536006
Pakasasuměllungko|1|30471005
Pakasasěngkanaung|1|29055020
Pakasau|1|29356031
Pakasauko|1|29325001
Pakasue|1|26112012
Pakasueweng|1|29560005
Pakasusiko|1|30391007
Pakatahěndung|1|23350007
Pakatanure|3|29786024 30228001 30229001
Pakatarimạ|2|23402015 27746015
Pakatarimạe|1|23382031
Pakatatahuěnna|1|24723001
Pakatatal᷊ěntụko|1|25183001
Pakatatape|1|24638024
Pakatateghang|6|23332001 23679006 23684017 25826001 29424001 29503001
Pakatatuhụ|2|29540005 30259001
Pakatatuhụko|1|29343008
Pakatoelě|1|30475001
Pakatuhụko|1|30389001
Pakawantugeng|1|26761018
Pakawawahani|1|28790015
Pakeang|6|25970019 26849014 30357006 30820035 30953016 31026010
Pakeange|3|24542001 25640006 31026001
Pakeangu|1|27291001
Pakẹko|3|25630009 29321001 29349001
Pakitarimakasẹko|1|30463017
Pakiwal᷊oko|1|27228016
Pakiwal᷊ọe|1|26807009
Pakiwal᷊ọewe|1|26462025
Pal᷊ahamawung|1|28247037
Pal᷊ěndih'i|1|25099002
Pamehọ|1|23696009
Pamehọe|2|23220004 24050010
Pamiahẹ̌ko|1|23426003
Pampilia|5|26960004 27376013 27439016 27481018 27861012
Pamělliko|1|30765021
Paměnsakenge|1|23417008
Pananusi|1|26504009
Pangadatě|2|23638006 24474008
Pangahạe|1|27091014
Pangal᷊ingko|1|23721033
Pangal᷊ạko|1|24746001
Pangambungko|1|25966018
Pangangimang|2|29598024 30174001
Panganginumang|1|25885015
Pangimangke|21|23731005 23858028 23955001 24005001 24068001 24084001 25686001 25697001 25703001 25718001 25772004 25899001 25979001 26124004 26132001 26178001 26230008 26236001 26311007 26680001 27515006
Pangimangko|1|26670012
Panginumẹen|1|24082019
Pangirol᷊oko|1|25479023
Pangonggọko|1|23294001
Pangěnsueěnge|7|24429001 24652001 24696005 24888001 27450008 29423001 29680001
Papahang|1|25849008
Papakawantugeng|1|26765002
Papanidu|1|30111020
Paparentang|1|24975011
Papasihing|1|26194001
Papasilo|1|27276001
Papate|12|28079001 28578020 28773036 30201021 30802016 30802025 31045021 31052012 31052015 31053004 31053007 31058010
Papatene|1|30262028
Papateng|1|29104018
Papehe|2|23197009 24222009
Paringangko|1|27752012
Parmenas|1|27107043
Partia|1|26959006
Paska'ng|2|28462033 28462045
Paskah|31|24057010 24072028 24073027 24074017 24145006 24756007 24767015 24767031 24769024 24771027 24833003 25015014 25866008 25872014 25873011 25876018 25878019 25879006 25880015 25953004 26119012 26202026 26582005 26593010 26632005 26814040 26825016 26840014 27342024 28463031 30201007
Paskang|3|26109003 26262008 26579005
Pasěllangeng|1|31075001
Patara|2|27666045 27667002
Pate|5|25759019 25954007 26841005 26841009 27701011
Patikụ|61|23167001 23487005 23783001 23913001 23924001 23967013 24041001 24214009 24391001 24726024 25032001 25070001 25386001 25723001 26095022 26721001 26742001 26760001 26773009 27006001 27039013 27055001 27107001 27252001 27303001 27621019 27828001 27932001 28136001 28202007 28246007 28276018 28353011 28574001 28579001 28647015 28704001 28875001 28903018 28910016 28918006 29056016 29177001 29643001 29752001 29908001 29975001 30028011 30121030 30186001 30246001 30399008 30454001 30488001 30583001 30604001 30642001 30678001 30705022 30975001 31008010
Patikụe|2|24562010 29625006
Patmos|1|30707041
Patriot|1|25162013
Patrobas|1|28351007
Paulus|277|27370003 27372007 27376004 27378020 27379002 27405004 27406008 27408020 27409006 27413026 27416002 27418004 27424007 27424010 27424029 27425006 27426012 27427012 27429005 27434035 27436004 27438007 27439004 27443005 27445002 27445017 27455017 27465026 27468034 27478002 27479007 27481003 27482003 27483002 27485002 27487002 27490007 27493006 27494003 27501008 27503020 27504004 27506008 27509005 27512003 27513020 27515002 27516003 27518006 27519019 27520009 27521003 27522025 27523007 27524002 27524026 27525002 27526003 27527047 27528007 27529040 27529050 27530009 27534010 27534020 27535041 27537010 27538012 27539004 27539018 27540003 27541005 27542053 27543006 27546004 27546015 27556018 27557003 27558008 27559004 27560045 27561016 27562007 27563012 27564014 27565004 27566025 27567012 27569004 27570016 27572004 27576004 27576037 27577006 27587009 27589013 27590003 27592005 27594006 27595042 27597010 27598010 27599047 27607006 27607026 27615023 27616002 27617010 27617017 27628010 27634019 27634036 27636014 27637003 27637019 27638004 27638027 27640017 27641006 27643002 27644004 27645009 27663004 27664011 27665008 27669034 27676010 27677020 27679002 27683003 27684008 27685018 27685019 27691003 27692024 27692041 27694021 27694029 27695019 27696011 27697043 27698006 27699042 27702009 27704002 27705004 27705010 27705026 27705034 27707006 27707019 27708008 27727007 27729011 27730005 27730012 27732008 27732022 27733017 27734029 27735019 27735040 27736003 27737003 27737016 27737020 27738003 27739009 27740002 27741002 27745014 27745030 27746011 27747022 27749034 27750029 27751024 27752002 27753013 27755018 27756040 27759005 27766014 27767012 27768023 27769012 27770032 27771037 27772011 27780006 27780011 27793009 27794025 27794032 27795004 27796012 27796025 27797027 27799018 27800014 27801005 27803030 27804004 27805006 27806016 27807002 27811013 27817019 27825006 27825018 27848012 27849003 27852007 27853006 27857011 27859008 27867016 27880009 27889015 27891005 27899017 27903002 27904012 27915039 27916012 27917005 27923008 27923022 27923029 27923055 27924006 27925017 27929003 27930006 28364027 28365051 28376011 28377007 28377021 28415008 28416016 28433001 28798013 28801014 28802019 28973006 28982007 29057023 29059011 29165024 29207015 29209005 29253006 29362020 29363030 29466011 29489053 29561003 29561024 29562022 29650013 29651026 29696005 29697013 29698016 29810035 29811006 29893015 29894007 29939032 29940015 29949003 29958010 29964010 30538015 30539006 30539038
Paulusě|28|27498035 27502015 27601015 27612016 27685004 27698026 27700020 27734011 27734025 27739005 27751005 27769025 27779009 27816025 27818003 27820034 27848003 27865030 27877013 27887003 27889005 27905003 27906007 27906047 27908019 27909016 27928003 27931018
Paul᷊ike|1|29925001
Paul᷊ikeko|1|29701001
Paul᷊ịko|1|30673034
Paul᷊ịkong|1|30266001
Paul᷊ịkọ|1|26506023
Paị|10|23374010 23382001 24585001 24587001 24881022 25120009 25673010 26025012 27587018 27670038
Paịse|2|23594006 24808009
Peleg|1|25061009
Pelesa|1|27961014
Pentakosta|2|26951005 27643032
Peres|2|23147011 25059015
Perga|3|27376011 27377002 27440011
Pergamus|2|30709018 30730005
Perkius|1|27797005
Persis|1|28349013
Peti|3|30110024 30111003 30111028
Peting|2|30110017 30892013
Petrus|261|23228022 23360007 23360015 23420012 23626003 23627007 23628005 23629014 23629015 23649003 23689003 23691010 23695003 23696008 23702008 23705003 23706003 23725018 23726002 23726007 23727005 23749004 23790003 24088002 24090002 24092006 24095023 24113002 24113015 24124003 24124018 24125003 24125021 24126015 24127005 24127015 24128012 24129003 24130003 24130029 24305017 24402018 24530017 24533013 24534014 24541008 24544003 24545004 24617003 24662003 24662012 24721018 24784004 24786002 24788006 24792016 24809002 24821003 24822004 24822014 24823003 24823023 24824008 24825003 24825016 24826003 24827012 24827037 24881012 25161007 25291015 25297017 25322015 25330012 25334005 25335011 25335043 25336003 25501015 25717003 25873005 25878004 25898002 25899002 25919013 25920010 25921007 25921019 25922003 25923008 25923019 25925003 25925017 25926007 25926010 25927004 26004003 26004023 26085023 26087035 26089011 26266017 26326005 26637006 26639005 26640003 26641013 26655004 26667009 26668012 26796003 26797006 26801003 26802003 26802024 26803010 26803025 26804022 26811003 26811024 26812013 26813003 26870008 26871004 26901005 26902004 26906008 26906016 26910003 26914011 26914030 26915022 26916018 26916034 26918010 26918023 26919004 26920005 26937022 26939020 26964003 26987018 26988002 26990004 26991007 26998005 27000007 27001013 27003003 27004003 27005025 27008006 27009003 27024003 27024028 27025006 27026020 27030002 27031002 27036008 27037019 27042003 27044009 27046003 27063003 27068002 27069003 27070012 27075025 27075031 27089002 27191023 27192003 27194003 27195029 27197003 27201007 27202013 27249002 27251002 27255019 27255035 27256002 27256026 27257002 27257035 27258004 27258014 27260002 27265013 27269010 27273008 27274002 27277002 27277011 27278019 27279003 27279021 27281003 27283003 27283013 27285003 27286003 27287007 27292010 27294003 27304003 27305010 27306018 27308003 27308020 27310004 27310015 27312004 27312018 27315010 27321030 27323010 27341028 27342005 27342020 27342032 27343003 27343024 27344007 27344013 27345022 27345046 27346014 27347003 27347013 27347027 27348040 27349005 27350007 27351002 27352006 27352029 27353019 27354003 27354018 27355002 27355046 27356019 27357008 27450010 28376027 28433003 28546028 28724019 29076012 29089028 29090009 29091004 29093003 29095013 29096016 30376023 30480033 30481045 30541036
Petrusě|2|26872014 26874003
Pẹbangungke|1|24272001
Piane|2|24796023 29302011
Piawe|4|28699005 28752001 29924014 30247001
Pilatus|72|24132016 24141005 24141011 24143004 24147008 24148002 24149003 24152017 24153007 24154003 24156003 24157005 24188006 24188014 24192017 24195010 24828037 24829002 24831003 24832011 24835008 24836002 24837003 24838012 24839003 24841010 24842002 24869048 24871003 24872008 25027010 25937011 25939004 25940003 25942003 25943013 25947024 25948008 25949002 25953006 25956002 25958007 25960003 25988006 26815004 26817002 26819002 26821002 26823003 26824002 26824013 26827004 26830004 26831017 26832023 26834003 26836003 26838003 26839003 26841017 26842003 26845008 26847006 26857047 26864009 26864035 27010035 27010039 27011019 27050009 27391022 29802026
Pilatusě|5|24833005 25520015 26835017 26840016 26848003
Pinilen|1|28167014
Pinẹ̌kapuraneng|1|26467008
Pira|1|24262001
Pira-pira|1|28327011
Pira-pirang|3|24591001 28452001 28479001
Pirambaụ|1|23668001
Piran|1|23683013
Pirang|19|23500009 23682023 24177001 24520010 24687001 24862001 25154001 25771001 25807001 25819001 26016001 26457001 26744001 27283021 27444001 27528001 27542012 27617001 27744005
Pirong|4|27127024 27127029 27127042 27138014
Pirua|4|25774002 31004014 31010004 31013021
Pirus|1|27631005
Pirạ|1|25626018
Pisidia|4|27377012 27434015 27436032 27439013
Pitu|1|24521026
Pitumbaụ|2|23668010 24506009
Piạ|165|23196014 23266001 23390001 23391001 23398001 23412001 23491001 23545001 23547001 23564022 23611001 23678001 23710001 23715001 23723001 23752001 23804001 23810001 24045001 24045012 24061001 24102001 24141001 24207001 24213001 24219001 24275001 24284001 24286024 24327002 24387018 24422021 24423013 24424001 24446023 24512001 24524034 24529004 24553001 24606001 24675025 24902001 25010020 25030010 25040001 25100013 25120001 25233010 25237004 25251001 25288017 25321004 25363001 25394003 25420001 25422001 25451001 25476007 25600005 25622007 25649001 25664001 25672001 25699004 25704001 25725001 25743001 25744004 25781001 25809001 25832001 25851001 25968001 25986001 26081001 26122001 26123001 26189007 26263001 26282001 26283001 26341016 26373001 26374001 26377001 26450001 26526018 26541001 26556001 26557001 26660001 26772001 26792001 26808001 26859001 26879012 26906012 26930001 26934001 26939001 26944025 26998001 27000001 27140001 27216001 27247001 27249008 27263001 27285001 27314001 27327021 27359001 27365001 27411001 27426002 27429001 27447001 27522013 27537001 27556019 27570001 27600001 27618012 27696001 27700001 27707001 27711001 27737001 27748001 27772001 27812001 27924001 28151001 28215005 28221004 28286001 28314001 28398001 28431001 28456016 28480001 28481001 28584001 28677001 28687001 28763027 28922001 29022001 29281007 29459001 29703001 29799009 30014001 30058001 30066013 30423001 30543001 30732016 30851001 30852001 30895008 30920011 30982016 31067001 31071001
Piạbe|6|23775017 23953030 24841001 26498001 28283001 29584001
Piạben|8|23235011 26341009 28423001 28535009 29848010 29848023 30208015 30312005
Piạbeng|3|24329001 28645048 30209001
Piạewe|1|24243017
Piạko|14|23674001 23751013 23776001 23855014 25252001 25253001 25310001 25321012 25789011 26844007 27599001 27599018 29905001 30088001
Piạkon|1|29716013
Piạu|2|28591001 29860001
Poluks|1|27911040
Pontius|3|25027009 27050008 29802025
Pontus|3|26959015 27560013 30376014
Prigia|3|26960002 27490026 27581015
Priskila|7|27560025 27576029 27577008 27584016 28340004 28796016 29890003
Prokhorus|1|27107037
Ptolemais|1|27672009
Publius|1|27907010
Publiusě|1|27908007
Pudes|1|29892013
Pukul᷊ě|2|23796001 23798005
Pulu|1|26349005
Pundal᷊ẹ̌ko|1|25112013
Putioli|1|27913033
Putunge|1|28424025
Pěbangungke|1|27286013
Pědalọ|3|31021008 31022032 31024027
Pědeạko|1|30227007
Pěhabarẹ̌ko|2|23832001 23961022
Pěhaghuko|1|29850008
Pělaharap'i|1|30064001
Pělaharapě|1|30064021
Pělahukung|2|30505031 30621017
Pělahukung'E|1|31020001
Pělahukunge|2|30510038 30622039
Pěllọ|2|25954011 30538001
Pěllọko|1|25660010
Pěluhengkon|1|25660012
Pěmamal᷊angoěng|1|27868001
Pěmamantugu|1|27633002
Pěmamantugě|2|26202025 26632004
Pěmamaringang|1|29574001
Pěmanda|1|24732017
Pěmandạ|1|26355001
Pěmandạe|1|26091013
Pěmehọe|1|24534015
Pěmohẹko|1|31027007
Pěmotọ|1|27315011
Pěmotọe|1|27273010
Pěmpahul᷊uasě|1|23247012
Pěmpahul᷊uasẹ̌kong|1|31014003
Pěmpahunsangị|1|30356009
Pěmpamehọe|1|25546015
Pěmpamunara|1|28257005
Pěmpamunarako|1|26285010
Pěmpanarimạ|1|25371007
Pěmpangal᷊amatě|1|25175001
Pěmpangal᷊ạe|1|24081029
Pěmpangimangke|10|23791006 24618004 24663004 24764001 24780001 25465028 26290008 26617001 26747001 26750014
Pěmpangimangko|5|25457020 25497012 25504001 25519001 25599015
Pěmpangonggọ|1|25185001
Pěmpaul᷊ikon|1|28342001
Pěmpaul᷊ịkon|5|28340001 28344001 28346001 28351001 29558001
Pěmpědeạ|1|23324006
Pěmpěhabarẹ̌ko|1|23877012
Pěmpěhal᷊ẹ̌ko|1|28777015
Pěmpěluhe|1|30310010
Pěmpělukadě|1|30468017
Pěmpěmunarako|1|29615009
Pěmpěnarimạe|1|26890012
Pěmpěnengkel᷊ě|1|23324011
Pěmpěngumbelẹbe|1|28440034
Pěmpěnẹ̌naungbe|1|29520001
Pěmpẹ̌bal᷊ịe|1|23464004
Pěmpẹ̌bangungke|3|24101001 24797001 25911012
Pěmpẹ̌berạe|1|30306001
Pěmpẹ̌biahe|1|24589019
Pěmpẹ̌biahě|1|28262001
Pěmpẹ̌biahẹ̌ko|3|28601001 29615001 29635013
Pěmpẹ̌dagangken|1|25745017
Pěmpẹ̌dalo|1|28315004
Pěmpẹ̌dalọ|1|31023012
Pěmpẹ̌damahịe|1|24043011
Pěmpẹ̌daringihě|1|24546021
Pěmpẹ̌daringihẹ̌ko|8|23644011 23860001 24327001 24478014 24622001 25630008 27379031 30356007
Pěmpẹ̌deạko|1|23316001
Pěmpẹ̌dorong|1|23324001
Pěmpẹ̌dorongke|2|25415006 26751013
Pěmpẹ̌gause|2|28260001 29719011
Pěmpẹ̌kakakěndagẹ̌ko|1|30433006
Pěmpẹ̌kakěndagě|1|26717007
Pěmpẹ̌kal᷊iomaneng|3|25905009 29546001 29680009
Pěmpẹ̌kal᷊iomanengko|2|23978001 29547001
Pěmpẹ̌kantarikon|1|29534029
Pěmpẹ̌koạ|1|28263011
Pěmpẹ̌koạko|1|23329001
Pěmpẹ̌papangadatě|3|28353001 28797012 29056001
Pěmpẹ̌papangadatẹ̌be|1|29648001
Pěmpẹ̌papangadatẹ̌ko|1|30480001
Pěmpẹ̌pěndang|1|28249026
Pěmpẹ̌sasahandaẹkon|1|29324001
Pěmpẹ̌sasapatu|1|24417001
Pěmpẹ̌sasěsilẹ̌ko|1|30347001
Pěmpẹ̌subako|1|30934023
Pěmpẹ̌sul᷊e|1|25218005
Pěmpẹ̌suě|3|23330001 24043018 24050017
Pěmpẹ̌sẹ̌bangke|1|25099008
Pěmpẹ̌tahěndung|2|25684001 30245001
Pěmpẹ̌tahěndungko|2|25468001 30299001
Pěmpẹ̌tal᷊ikudě|1|28354031
Pěmpẹ̌tatětehě|1|25543001
Pěmpẹ̌tawakal᷊iko|1|28680001
Pěmpẹ̌teghang|4|24516001 25461024 25475011 28354009
Pěmpẹ̌tiněnnako|1|27095018
Pěmpẹ̌tobate|5|23195001 23227007 25029026 26988004 30723010
Pěmpẹ̌tol᷊e|1|24768025
Pěmpẹ̌tol᷊eko|2|23489001 24233006
Pěmpẹ̌tuměgal᷊ẹ̌ko|1|30227001
Pěmpẹ̌těngkasanạkon|1|30348001
Pěmpẹ̌těnoko|2|28602001 29439006
Pěnaghipọe|1|26031011
Pěnanahani|1|30446046
Pěnasako|1|29911001
Pěndal᷊ěbingang|1|26562012
Pěndangengku|1|28995001
Pěndarol᷊ě|1|24976001
Pěndiagạ|1|25861001
Pěndolohẹ̌kon|1|27321020
Pěngadatě|1|29340001
Pěngal᷊ạko|1|23990001
Pěngampal᷊ě|1|26928023
Pěngampal᷊ẹ̌ko|2|24179005 28439018
Pěngampungko|1|25184031
Pěngangagama|1|30294001
Pěngangimang|1|30693020
Pěnganguruisě|1|24852001
Pěngarěgawen|1|29421014
Pěngarẹ̌gawem|1|30417001
Pěnggaghutaěng|1|23257018
Pěnggaghutaěngu|2|27101005 27763020
Pěnggaingko|1|26104008
Pěnggeako|1|29933001
Pěngorọ|1|27521043
Pěngěnsueěnge|7|25587001 25606001 25793001 26372001 27077001 27445011 27854001
Pěnodẹkong|1|29275011
Pěněnsomahẹ̌ko|1|29882007
Pěrwira|1|27753001
Pětahěndung|2|25646005 29544019
Pẹ̌bangkuadẹ̌ko|2|29801001 29843013
Pẹ̌bangungke|12|23385010 23386026 23708009 24270010 25131014 25132031 25300011 26219007 27251012 27715016 27721006 27840001
Pẹ̌bangungko|1|27315009
Pẹ̌bawiah'i|3|24900001 29307001 29373001
Pẹ̌bawiahu|1|29441001
Pẹ̌bawiahě|3|23308021 25483001 29811052
Pẹ̌bera|1|24881013
Pẹ̌berako|1|29926001
Pẹ̌berạe|1|23272001
Pẹ̌biahe|1|29850026
Pẹ̌biahẹ̌ko|2|28600001 29394012
Pẹ̌buạ|2|25671008 27228005
Pẹ̌dalo|2|24650014 24651010
Pẹ̌daloko|1|23836027
Pẹ̌dalọ|1|31019015
Pẹ̌darame|2|25770016 26028014
Pẹ̌daramen|1|27865006
Pẹ̌dararendehě|1|27745001
Pẹ̌darariahi|1|24869034
Pẹ̌dariandi|5|27022044 28856024 30107001 30110018 30892014
Pẹ̌daringihě|1|25337012
Pẹ̌daringihẹ̌ko|7|23434001 23558001 23811001 26972007 30970001 31088001 31093001
Pẹ̌dorongke|1|24432019
Pẹ̌dung|1|29299010
Pẹ̌gaghaghutaěng|1|27624025
Pẹ̌habarẹ̌ko|1|23425001
Pẹ̌kakakire|1|27338001
Pẹ̌kakakomol᷊u|1|28618010
Pẹ̌kakakědo|1|27831001
Pẹ̌kakakěndagẹ̌ko|3|26665007 26712005 28255001
Pẹ̌kakauhě|1|29431006
Pẹ̌kakingkaengken|1|27346029
Pẹ̌kakoạ|1|29407001
Pẹ̌kakěllako|1|25346001
Pẹ̌kakěllạewe|1|28586001
Pẹ̌kal᷊iomaneng|1|28335001
Pẹ̌kal᷊iomanengko|2|29358014 30261015
Pẹ̌koạko|4|25204049 25392007 25493013 27157006
Pẹ̌kuiko|1|27721010
Pẹ̌laharapě|1|28053001
Pẹ̌mpẹ̌kal᷊iomaneng|1|29681001
Pẹ̌pakẹkom|1|29917001
Pẹ̌papangontol᷊ě|1|28259001
Pẹ̌paparenta|1|23875002
Pẹ̌papẹ̌gongkong|1|29352005
Pẹ̌sal᷊imae|1|30654016
Pẹ̌salụe|1|26465014
Pẹ̌sasal᷊aine|1|23604017
Pẹ̌sasal᷊an|1|29788001
Pẹ̌sipirẹ̌ko|1|24348007
Pẹ̌subawe|1|31090013
Pẹ̌subạe|1|25072010
Pẹ̌sěngkatau|1|28268001
Pẹ̌tahěndung|13|23471001 23482001 23484001 24930001 25034029 26759001 27388030 27658006 29542001 30364013 30728013 30740001 30756001
Pẹ̌tahěndungke|4|24580001 25088005 26720001 28637001
Pẹ̌tahěndungko|14|23284001 23557001 24001001 25224001 25376001 25499001 25578001 28901028 28963001 29241008 29346001 29347023 29667001 30166001
Pẹ̌tatěnoko|1|30670010
Pẹ̌tatětehẹ̌ko|1|29276001
Pẹ̌tawakal᷊iko|3|29315001 29800017 29892001
Pẹ̌teghangben|1|29809010
Pẹ̌teghangkon|2|29844001 29850001
Pẹ̌teghangkong|1|29755001
Pẹ̌tiněnna|1|25695005
Pẹ̌tohạe|1|29716001
Pẹ̌těngkagheako|2|28486001 29859010
Pẹ̌těngkagheangkom|1|29644001
Pẹ̌těngkakuatẹ̌kon|1|29829004
Pẹ̌těngkawihingko|1|29755007
Rabi|1|26083032
Rabuni|1|26884019
Rahab|3|23147031 30204006 30319004
Rahasia|2|29258001 29493014
Rahel|1|23188011
Raki|1|31097033
Rakọ|1|24768009
Rakọko|1|25204028
Ralakị|1|29670018
Ral᷊akisě|1|26775027
Ral᷊akị|1|29682015
Ral᷊eng|1|27228014
Ral᷊iune|5|27454001 27952020 27992001 28903001 30030017
Ral᷊ugě|1|23366004
Ram|1|23147023
Rama|1|23188002
Ramahịe|1|25343029
Ranong|8|23223011 23228007 23663011 24232007 24274008 24325007 25109009 26900009
Raran|2|24163013 26843013
Rariọ|13|23172010 23178014 23178019 23179039 23181010 23181022 23183034 23184010 23190009 23190017 23191007 25007006 25008012
Ratu|85|23147039 23195018 23227024 23425012 23689008 23693019 23701016 23916019 23918006 23929017 23963014 23981012 24049002 24050002 24118029 24123010 24350013 24422009 24530023 24580012 24709016 24711007 24816027 24869029 24926019 24978016 25000021 25041015 25105041 25322020 25487019 25569027 25637029 25743033 25770008 25821010 25824006 25858024 25932014 25978017 25986031 26065009 26070006 26086031 26149011 26182010 26186020 26355031 26356003 26360014 26370007 26370016 26371008 26463032 26899015 26927044 26981016 26986029 27015019 27049015 27102030 27239025 27339005 27364030 27386012 27386023 27527013 27527039 27563031 27594035 27652022 27826018 27827004 27847003 27923039 29872024 30199012 30481019 30491015 30525016 30541012 30573012 30888029 30902031 30985033
Ratu'n|1|29922025
Ratun|11|23174025 25974012 25975015 26018002 26038014 26039006 26094016 26594024 26847010 26847021 30626009
Ratung|3|30067016 30067030 30990037
Ratunu|1|26596008
Ratě|1|26571014
Raukalu|1|26331010
Refan|1|27160018
Regium|1|27913013
Rehabeam|1|23151021
Rehu|1|25061006
Ren|1|30677045
Resa|1|25053006
Resimeng|1|27857029
Riahiko|1|24219008
Ribka|3|28166005 28167034 28168007
Ringangi|1|24102016
Ringangkewelain|1|27466001
Ringangu|23|23257021 23275001 23483001 23852034 24673007 25249020 25250010 26014001 26039025 27555030 28281011 28387037 28391016 28394023 28729015 28897032 28956018 29212023 29332001 29597045 30515016 30670022 30985026
Rode|2|27351012 27353010
Rodos|1|27666034
Rohkě|285|23163041 23165045 23204027 23209020 23211007 23438012 23518010 23521023 23522021 23916010 24215025 24224018 24226015 24228003 24318005 24373011 24564020 24568004 24710007 24729051 24793015 24909028 24929005 24935018 24961008 24999029 25000003 25001002 25042046 25048002 25065005 25065018 25078013 25082001 25341020 25385008 25470020 25472009 26077008 26078027 26078043 26126016 26127016 26129033 26155010 26180011 26181005 26181010 26321005 26321026 26368006 26368023 26686005 26695002 26726017 26740003 26742016 26890013 26926019 26929020 26932008 26940021 26954006 26954023 26983013 26983032 26988032 27031005 27048003 27054016 27063021 27069013 27092015 27105017 27107028 27112011 27172005 27192018 27193002 27194018 27195014 27196021 27206001 27216009 27234048 27248012 27279013 27298017 27304006 27307009 27320002 27323013 27324023 27332012 27336013 27365009 27367004 27372009 27415011 27451028 27471001 27490001 27491015 27588010 27588030 27592010 27649006 27650010 27655020 27669026 27676028 27722018 27925030 27942014 27992022 28098050 28106010 28119003 28121025 28122022 28122030 28123014 28126013 28126025 28127017 28128002 28130018 28131006 28132002 28132023 28132038 28133001 28140021 28143003 28143029 28144013 28144016 28157024 28257010 28298033 28317031 28320044 28323013 28334009 28399021 28405009 28405011 28406031 28407013 28408015 28408031 28409005 28409015 28410004 28412012 28427014 28479038 28485008 28487011 28487014 28487028 28528021 28638008 28638037 28639012 28642001 28643004 28643017 28644001 28644025 28645027 28645036 28645044 28646004 28646015 28648025 28648043 28681026 28695025 28711003 28716013 28763024 28764024 28785015 28823015 28845029 28848017 28848033 28850007 28859009 28859015 28860046 28860048 28905028 28994036 29057013 29105013 29106015 29117029 29138012 29138024 29161014 29168011 29179007 29180008 29180013 29181003 29185004 29188001 29190017 29197027 29197037 29221001 29224018 29248017 29257015 29276011 29277005 29303003 29303011 29303015 29323014 29355016 29356018 29381011 29393023 29425023 29474012 29475030 29566019 29567037 29612019 29641003 29642008 29675042 29748024 29749001 29762007 29817002 29817013 29817020 29824003 29929027 29982025 30003005 30049034 30114004 30120021 30149005 30149015 30163041 30343022 30376054 30386016 30386031 30387044 30461017 30501027 30571009 30604036 30605015 30606033 30607014 30608017 30610035 30631032 30631045 30632005 30692015 30693034 30708008 30725008 30729010 30735008 30747008 30753009 30760009 30769008 30771005 30774030 30940026 30969012 30979002 31064002 31098001
Rohkẹ̌'E|17|25419026 27305024 28053025 28128039 28883015 29108005 29220037 29224015 29252024 29268014 29930005 30578010 30578014 30578028 30578052 30617008 31087021
Rohkẹ̌-Ku|3|23508015 26967012 26968013
Rohkẹ̌be|1|30606012
Rolohe|1|24377008
Roma|45|23351012 24132019 24975013 25198005 26572019 26798004 26960018 27496019 27504013 27505015 27519008 27521016 27522012 27522030 27531019 27560043 27607031 27696020 27729005 27730026 27731026 27732015 27732026 27733009 27733027 27734034 27735004 27746037 27750021 27762040 27805026 27807013 27813007 27857026 27914023 27915006 27916009 27917065 27919019 27930009 27932010 27937014 27946020 29015005 29827005
Romawi|1|26789014
Ruata|2037|23163043 23165047 23168024 23174028 23182003 23195009 23200041 23202021 23204029 23209022 23210005 23211009 23213012 23214024 23216010 23227018 23233021 23239006 23240007 23241009 23242007 23243010 23244010 23258013 23259028 23269025 23280014 23281017 23282023 23292015 23307038 23313013 23315011 23316005 23316018 23318011 23319011 23319030 23339025 23375011 23383016 23388011 23425005 23446017 23461026 23463010 23470017 23482015 23484014 23494009 23507008 23518012 23518018 23521025 23522023 23551016 23554010 23557009 23559013 23562012 23564013 23584003 23585003 23587003 23617029 23631023 23638003 23639026 23640024 23689011 23695017 23736019 23737017 23745038 23751003 23769019 23774018 23775034 23780031 23789018 23794003 23818023 23836029 23840016 23852011 23875004 23894022 23894025 23904010 23904017 23905012 23916012 23940021 23941020 23956011 23957004 23972007 23980004 23980020 24082013 24086027 24118032 24119025 24120030 24170022 24173006 24173013 24184030 24215027 24217010 24218017 24220019 24220033 24224020 24226017 24227006 24228005 24230015 24231004 24231020 24263029 24268012 24268021 24273022 24286047 24300025 24303032 24318007 24324006 24335019 24336032 24338010 24339017 24343023 24348024 24350008 24354003 24355003 24372010 24372021 24428036 24449021 24470023 24473015 24475026 24477018 24507021 24508015 24536020 24540019 24584018 24595008 24595014 24598005 24603036 24604018 24607016 24608009 24616018 24616027 24618038 24629021 24650016 24651012 24658022 24663007 24665016 24671010 24691017 24691020 24698020 24700033 24701001 24706024 24706031 24707007 24708025 24710009 24728005 24729053 24737016 24738004 24738019 24740026 24764010 24779014 24791014 24816030 24817024 24866025 24889016 24894009 24902019 24907010 24913011 24926009 24926013 24929007 24929016 24929033 24931005 24935020 24941006 24943003 24961010 24971012 24987011 24994013 24999025 24999031 25000005 25001004 25002016 25008019 25008033 25011022 25012012 25012024 25014014 25026010 25028017 25029018 25029039 25032010 25042048 25048004 25048019 25064012 25065007 25065020 25073026 25074009 25078015 25090005 25098028 25105017 25107009 25129022 25133017 25134010 25159021 25167021 25182046 25184013 25184029 25184036 25185007 25212011 25212026 25215021 25218040 25223015 25225024 25226014 25231005 25247019 25257011 25267013 25274019 25285010 25313025 25318021 25329022 25362021 25364023 25373014 25376013 25378009 25385010 25408019 25426014 25446009 25448027 25448035 25455006 25456002 25457019 25465015 25466016 25468028 25469027 25470022 25472011 25480003 25484021 25488013 25490010 25491008 25491020 25506027 25520025 25532021 25537006 25539008 25553009 25554005 25568019 25569020 25599005 25634036 25636019 25636038 25637025 25637041 25667018 25670012 25672012 25672020 25673016 25691014 25693022 25696004 25700010 25702023 25703017 25705034 25706018 25708019 25709008 25713021 25714015 25716013 25718023 25732019 25732034 25743027 25769026 25770022 25776030 25778012 25781013 25784010 25785016 25801037 25805018 25805022 25816016 25818016 25832018 25840011 25858017 25882015 25883018 25885021 25887009 25890010 25935012 25971036 25976016 25983013 25986026 26011032 26022015 26039020 26041030 26045005 26046016 26046022 26047007 26051004 26057020 26059030 26063004 26063020 26077010 26078011 26078029 26078045 26079019 26094011 26123021 26123036 26126018 26127018 26129035 26137003 26138003 26139024 26154011 26155012 26167009 26177007 26177023 26179006 26180013 26180022 26181002 26181012 26229039 26229049 26236014 26253012 26255020 26269012 26287019 26291006 26303016 26321007 26321028 26346017 26368008 26368025 26414006 26422007 26424009 26429012 26470007 26472006 26517017 26518017 26528020 26528028 26546010 26551010 26576018 26624014 26634005 26663003 26663015 26663021 26670015 26675011 26686007 26686014 26695004 26729030 26735026 26738003 26754024 26782009 26833022 26837005 26890015 26891009 26891024 26899018 26926021 26927039 26929022 26932010 26940023 26954008 26955025 26961042 26966009 26972047 26974003 26974017 26980002 26980018 26981009 26982010 26983009 26983015 26988034 26990037 26997006 27005033 27006010 27009050 27012017 27015011 27016018 27017032 27018019 27022020 27023004 27031007 27033051 27047017 27048005 27054018 27056015 27063023 27091003 27092017 27099026 27101011 27105019 27107030 27109004 27110006 27112013 27113022 27121020 27122015 27122031 27124013 27126022 27127010 27134006 27142010 27152038 27154013 27159003 27161005 27161034 27162033 27163007 27163019 27164008 27172007 27172017 27172028 27173019 27179006 27187027 27189013 27192020 27193004 27194020 27195016 27196023 27197017 27198021 27204044 27206003 27214026 27216011 27234050 27237018 27248014 27262006 27262018 27262033 27263019 27264030 27264034 27279015 27282020 27288029 27294012 27295006 27296013 27298007 27298019 27298045 27300005 27302021 27304008 27305019 27306015 27307011 27317013 27320004 27323015 27324025 27325005 27325042 27326019 27331011 27332014 27336015 27361017 27365011 27367006 27368010 27370036 27372011 27379030 27383021 27384010 27385003 27385021 27386007 27389017 27393003 27397002 27397030 27399018 27400007 27406043 27415013 27431006 27440009 27441022 27442019 27442030 27446037 27447036 27450031 27451003 27451030 27455033 27457009 27462025 27471003 27490003 27494028 27498021 27509015 27518034 27527019 27528019 27547032 27547039 27551002 27551026 27553018 27555041 27565030 27571015 27579017 27585064 27588012 27588032 27592012 27594030 27595032 27648027 27649008 27651043 27652017 27655022 27655045 27659010 27659027 27659029 27669028 27674012 27674016 27676030 27684017 27719031 27722020 27738011 27739016 27785011 27787024 27830016 27831018 27832014 27834030 27842024 27843018 27844024 27846009 27853012 27879010 27879016 27880021 27881020 27915049 27923035 27925032 27926002 27932008 27932016 27932021 27932034 27934005 27935010 27936005 27938015 27939012 27940013 27940029 27941007 27942016 27948007 27948018 27948029 27948047 27948052 27949005 27949024 27950007 27950017 27951005 27951011 27952005 27952014 27954002 27955004 27956002 27957007 27959010 27959012 27961009 27963008 27965006 27965019 27966029 27967008 27967022 27968023 27969003 27970002 27971011 27971025 27973018 27974003 27976007 27979018 27980033 27981016 27987018 27989018 27992024 27992038 27994013 27995017 27996006 27997005 27997028 27998006 27999015 28000042 28003014 28004007 28010005 28011041 28012009 28013004 28014003 28014018 28015009 28016006 28016015 28017023 28017035 28018030 28020012 28021003 28022002 28022015 28025010 28025017 28026010 28026019 28026025 28028013 28028026 28028034 28029026 28030013 28032036 28032046 28033005 28034013 28034023 28034028 28034033 28034056 28034065 28035037 28036002 28036018 28036037 28036043 28037019 28038008 28039011 28039049 28040003 28040021 28040037 28043022 28044006 28045007 28045014 28046008 28047017 28047023 28048026 28049023 28050017 28053016 28053020 28054020 28054031 28056003 28057024 28058009 28058027 28059036 28063011 28063038 28064003 28064030 28065033 28066021 28067022 28067027 28068007 28068033 28069014 28069034 28070015 28079024 28080020 28082027 28082044 28083024 28084030 28085044 28086005 28091014 28091023 28092024 28096052 28098052 28104006 28104018 28105044 28106012 28114007 28116012 28116050 28119005 28120019 28120021 28121002 28121027 28122024 28122032 28123016 28123024 28124021 28124030 28125012 28126015 28127019 28127028 28128004 28130020 28131008 28132005 28132025 28132034 28132040 28132046 28133003 28133019 28134010 28136010 28137015 28138023 28140023 28140026 28143005 28144002 28144020 28145005 28146006 28147003 28147034 28148011 28150012 28151033 28156023 28157026 28160008 28160036 28161027 28163009 28163012 28164011 28167007 28167016 28168002 28169008 28170007 28170015 28171003 28172004 28172019 28173009 28174003 28174011 28174017 28174025 28175012 28176017 28178005 28179002 28181009 28182022 28185009 28186021 28186033 28187013 28188018 28190019 28191011 28191022 28192007 28192035 28193013 28195013 28197008 28198021 28199008 28203019 28208024 28209015 28211004 28212003 28212037 28214003 28214006 28216028 28217035 28218011 28222011 28222018 28225007 28225012 28225024 28226009 28226020 28226032 28231003 28232010 28233021 28234050 28238009 28238016 28238042 28239003 28239011 28240011 28241015 28242002 28243007 28246002 28246017 28246020 28247006 28247033 28247040 28248007 28249002 28249037 28252017 28252039 28257012 28260004 28265010 28268019 28269018 28271007 28271038 28271043 28273018 28284028 28287023 28287045 28292025 28293014 28298003 28298025 28298035 28299013 28301012 28308033 28309003 28310007 28311026 28312014 28313009 28315005 28317002 28317033 28317040 28319016 28320027 28320038 28320046 28321018 28322022 28323015 28331043 28334011 28334028 28335003 28337003 28356013 28357002 28362003 28362016 28362031 28363030 28364005 28365014 28365062 28365089 28368006 28368016 28373002 28373009 28381014 28384024 28385018 28388008 28388024 28389003 28391018 28392002 28392018 28393012 28394028 28399023 28402011 28405002 28405013 28405021 28406027 28406033 28407017 28407027 28408017 28408033 28409007 28410006 28412014 28414039 28417010 28418006 28421006 28422003 28427016 28434014 28435014 28443011 28454004 28463024 28465018 28467013 28478023 28479026 28481021 28482003 28482013 28485010 28487013 28487044 28488001 28488021 28495026 28502009 28502020 28502029 28502040 28503038 28505017 28511002 28512023 28522034 28528023 28531009 28532025 28534006 28536016 28550028 28557015 28558028 28564010 28573004 28581017 28584011 28588013 28598011 28598033 28599019 28604039 28608016 28613025 28614018 28632015 28633007 28638010 28638039 28642003 28643026 28645021 28645038 28645046 28653006 28653022 28659018 28663008 28668022 28676005 28678041 28681018 28681028 28681039 28683016 28684025 28685031 28692014 28695007 28695027 28697006 28704015 28704021 28705030 28712004 28715010 28716015 28729004 28729019 28729049 28734015 28734023 28734033 28743033 28744008 28746010 28746028 28747017 28747023 28747032 28753021 28757003 28763026 28763038 28776006 28785017 28803004 28804004 28804025 28805022 28810027 28812014 28812026 28812050 28813058 28819003 28820006 28821005 28821024 28821035 28823004 28839004 28840015 28845031 28846013 28847019 28848019 28848035 28849012 28850009 28859011 28859017 28861012 28864034 28866002 28866033 28867032 28874006 28875012 28875019 28875024 28879033 28883009 28889020 28891014 28897011 28897039 28898033 28899008 28900011 28900028 28901006 28903016 28905030 28906018 28915019 28915022 28918039 28923005 28934018 28945008 28949004 28951026 28964017 28965002 28966011 28968036 28969027 28970019 28970040 28972008 28976015 28985027 28987019 28987036 28994038 29001015 29024015 29025036 29026028 29042023 29044012 29051007 29055026 29056018 29057008 29057015 29059023 29059059 29063003 29064023 29066018 29067035 29073006 29074002 29078009 29082005 29084007 29088032 29089010 29090003 29091015 29098011 29098036 29101017 29102027 29103006 29103012 29105015 29105027 29106017 29108001 29109018 29109028 29109034 29110016 29111008 29111040 29114007 29114023 29114027 29117025 29119007 29121005 29121017 29121023 29123011 29129023 29136005 29137021 29138008 29138010 29139018 29139020 29140023 29141010 29160012 29161016 29167028 29168013 29171007 29173034 29179009 29180010 29180015 29181005 29185006 29188003 29190019 29197029 29197039 29209015 29210003 29211006 29211029 29213003 29214010 29217029 29219013 29220028 29221025 29221032 29222020 29223008 29224004 29224028 29225004 29225022 29226005 29227015 29233038 29234006 29235031 29237018 29237022 29238002 29242032 29248019 29249029 29252019 29252022 29254008 29257017 29259002 29260012 29261014 29262022 29263002 29264016 29268005 29273002 29273019 29274025 29276013 29286017 29291015 29294018 29297011 29303005 29303014 29305021 29306009 29307028 29309023 29310042 29311017 29314015 29323016 29325014 29331026 29340013 29344028 29349006 29351010 29352009 29354010 29355018 29356009 29356020 29361002 29362002 29364003 29365009 29367004 29367022 29369030 29371012 29373016 29378010 29378018 29389049 29390032 29391002 29393025 29398007 29400011 29401005 29403015 29404039 29404055 29405002 29405017 29407014 29409015 29419010 29425017 29425025 29431009 29431031 29431046 29436022 29437025 29446026 29449015 29449026 29450004 29452021 29461049 29461053 29462002 29463003 29467025 29467040 29469037 29472003 29472032 29474014 29475027 29475032 29475046 29481010 29482006 29485003 29485014 29486027 29487009 29488008 29489033 29491019 29492012 29493002 29493031 29498012 29504005 29507030 29508022 29508028 29509020 29514026 29519027 29521016 29524008 29528020 29528027 29530007 29533020 29534038 29535027 29538025 29545008 29546007 29554035 29555030 29562011 29563009 29563019 29565009 29566021 29567039 29569030 29571012 29571032 29575017 29576025 29581028 29583030 29583033 29583048 29584014 29584041 29584043 29586027 29587015 29587050 29602002 29611002 29612014 29612021 29630035 29631002 29640012 29641005 29642010 29645003 29646002 29651012 29652003 29655012 29656002 29657015 29661019 29661039 29673005 29675016 29675029 29675044 29675064 29676004 29676016 29676022 29678009 29678030 29684011 29698043 29701030 29706026 29713006 29714002 29715013 29717028 29718019 29719020 29720008 29722002 29722012 29723022 29727021 29732029 29741020 29747025 29747030 29747043 29748026 29749003 29752024 29753004 29754035 29758019 29762009 29762032 29768046 29769026 29790019 29800008 29800027 29801023 29804011 29806026 29811018 29813005 29813025 29816014 29817004 29817008 29818027 29820005 29821006 29824005 29843011 29844008 29847005 29858020 29871009 29877013 29887024 29894016 29895029 29896005 29896025 29897021 29911022 29912022 29919014 29920002 29921002 29921039 29922023 29928003 29929029 29930002 29942005 29943013 29965008 29966018 29967007 29967015 29967055 29968013 29969030 29970013 29971006 29972005 29973018 29977002 29978022 29982004 29982027 29983009 29986012 29987026 29988003 29988020 29990006 29991011 29991029 29997010 29997022 29998005 30000013 30001020 30003007 30005016 30011018 30011041 30012009 30013007 30014003 30014026 30014036 30015022 30018012 30018023 30019019 30022002 30022043 30023018 30025009 30025022 30026039 30027003 30029030 30029038 30031010 30031018 30032039 30035020 30036016 30037006 30038022 30038037 30039006 30041003 30043026 30046057 30049022 30049036 30050011 30051030 30052028 30053018 30055002 30055005 30058004 30058029 30062002 30063007 30063029 30068036 30071035 30086014 30090016 30090032 30093020 30096013 30098025 30099025 30101003 30101012 30108027 30111018 30113032 30114006 30115019 30116026 30120032 30120056 30121018 30125009 30125040 30126015 30130036 30133002 30133017 30135029 30136006 30139016 30143020 30146029 30147011 30149007 30149017 30151002 30155018 30156015 30157011 30160007 30161013 30163014 30165009 30166021 30173020 30175010 30177021 30177030 30178017 30178032 30178055 30179011 30179024 30179029 30180008 30183011 30184029 30189021 30189035 30190018 30190024 30191002 30192005 30198009 30200028 30204018 30206025 30213003 30215065 30218006 30220008 30223025 30235014 30236011 30241010 30241032 30246034 30247017 30249012 30251023 30252014 30257014 30258017 30259034 30261018 30262002 30262037 30263003 30263031 30268020 30272015 30272033 30276010 30277011 30279032 30279037 30284013 30284022 30288017 30289007 30294008 30307003 30313005 30315029 30317013 30317018 30317037 30318010 30319013 30329026 30340037 30342039 30343019 30344042 30345007 30346004 30350016 30359032 30364012 30368023 30374031 30376008 30376030 30376050 30376056 30376064 30378005 30380012 30385018 30387006 30387046 30389004 30389016 30390012 30392043 30394017 30396024 30396033 30397009 30398005 30405031 30405044 30408027 30409017 30409022 30410020 30412032 30415003 30416022 30417015 30419002 30420035 30421006 30423029 30429029 30430015 30434020 30445010 30445019 30446037 30447017 30452013 30457011 30457022 30458011 30458024 30458031 30461019 30463020 30464004 30464021 30464041 30468013 30468027 30471037 30472010 30473008 30476010 30476034 30478044 30479012 30481017 30482003 30482020 30483001 30484005 30497013 30499012 30501015 30501029 30501038 30502007 30505009 30506010 30506017 30507010 30508013 30511013 30518017 30522013 30528013 30534020 30536009 30537032 30538038 30548011 30554009 30554016 30555007 30556008 30556027 30557010 30571011 30580031 30581004 30581026 30582015 30584017 30587018 30587024 30588026 30589005 30589013 30590008 30590032 30597030 30599013 30600019 30604012 30604014 30604024 30605017 30605033 30606014 30607016 30608008 30610010 30610016 30610027 30611020 30611029 30612008 30612011 30613002 30614011 30614016 30615008 30616009 30616018 30617003 30617024 30617027 30618008 30619008 30619011 30619026 30620010 30620015 30620033 30620036 30622006 30622030 30623007 30624007 30624038 30625015 30626013 30626020 30627015 30627020 30628003 30629005 30630014 30631034 30632007 30634010 30634024 30635009 30635025 30635029 30635042 30636006 30637005 30638007 30639010 30641032 30641036 30641087 30643022 30644012 30645007 30645021 30645030 30645043 30647005 30647031 30648003 30654024 30655022 30655026 30659009 30662043 30663021 30665027 30667025 30670021 30671010 30674010 30675003 30676048 30692017 30693036 30694008 30698005 30698019 30699018 30702024 30706010 30708010 30725010 30725027 30729012 30735010 30736016 30738022 30747010 30748021 30753011 30760011 30761025 30769010 30771007 30774032 30777031 30786047 30789043 30813017 30813036 30815014 30822030 30826010 30830013 30832021 30845027 30854023 30868007 30869010 30876020 30879022 30884012 30886039 30889018 30889023 30890005 30892004 30897034 30902015 30902024 30903022 30909028 30910045 30915011 30915017 30934010 30934018 30937006 30939012 30940028 30946027 30948033 30949048 30950021 30954024 30955011 30956024 30962009 30964012 30964039 30966007 30974016 30974024 30976024 30979004 30979042 30993003 30993016 30993040 30999011 31002027 31014018 31019017 31019022 31019027 31020024 31020037 31021010 31022020 31022034 31023014 31023019 31023027 31024029 31027032 31028024 31031017 31033037 31035033 31043040 31045020 31045038 31048018 31056018 31057015 31064004 31064035 31065006 31077013 31082024 31084017 31086019 31087017 31090016 31092035 31092043 31098003 31099029 31100012
Ruata-Ku|3|24861017 26113013 30759026
Ruatae|1|29486008
Ruataku|3|24176019 24176021 26896010
Ruatan|10|23905016 23905022 24701004 24701010 24910012 25818005 25818011 27149012 28021012 30189031
Ruatan'U|1|29973019
Ruatang|22|23665027 23905004 23905009 24700041 24700046 24703013 24962005 24988003 25817026 26436028 26989026 27019008 27149004 27784013 28479040 29573031 29662021 30242002 30677025 30780004 30823008 31024032
Ruatanu|6|23217016 23220017 23910006 24704003 25076013 25391006
Ruatạe|1|23583017
Ruben|1|30816017
Rufus|3|24848035 28350003 28350016
Runia|1|24084019
Runia'n|1|24614012
Runian|6|23357023 23692008 23787017 27437037 28769020 29655018
Runiang|1|30802024
Rutě|1|23147036
Sabatě|61|23491005 23492025 23495015 23495027 23498009 23500026 23501016 23502019 23978015 24192006 24197004 24237013 24284005 24285030 24288009 24288018 24289011 24291031 24293020 24410004 24869040 24875003 25080013 25095021 25148005 25149023 25152011 25153004 25154029 25156020 25529003 25533013 25533038 25534011 25535032 25555003 25557028 25559023 25990010 25992020 26220023 26221021 26227017 26229030 26350010 26351029 26352031 26454005 26457028 26857020 26857023 26857040 26868013 27377017 27390037 27405024 27407003 27464013 27497003 27526043 27562004
Sadiako|1|25877015
Saduki|13|23200006 23674005 23684024 23685028 23896008 23907015 24692009 24702015 25807005 27024024 27077012 27741015 27742010
Safira|1|27061014
Sahani|71|27334041 27852016 28259007 28353010 28444019 28449015 28466012 28466018 28467008 28473022 28474006 28474012 28474016 28500019 28500038 28501006 28503014 28504032 28527029 28540012 28543024 28546011 28612009 28620016 28702031 28703017 28737006 28778008 28790014 28792018 28796034 28797017 28914014 28914017 28970012 29016047 29025005 29041015 29056015 29059017 29080006 29376009 29536018 29558010 29568011 29620029 29648009 29790003 29791006 29791019 29799022 29801009 29956012 29958036 30046017 30243010 30276002 30277003 30349025 30417012 30463011 30475019 30478023 30480012 30641012 30662012 30664016 30664021 30667007 30667014 30669035
Sahanie|1|28475005
Sahaniko|1|24215015
Sahidi|2|30761015 30877001
Sahěllo|4|23676009 26221016 26454001 26632001
Sakaenge|1|23622013
Sakị|3|26528010 29030023 29793009
Salamis|1|27368004
Salem|2|30066007 30067024
Salim|1|26144015
Salmon|3|23147026 25058012 25061015
Salmone|1|27863062
Salome|2|24867019 24875017
Salomo|11|23151015 23312004 23532034 23532042 25437023 25437043 25487021 26505007 27008019 27072034 27164003
Sal᷊a|3|28023019 29428001 29666026
Sal᷊amat'i|1|29922026
Sal᷊amate|2|23877035 25571019
Sal᷊amati|2|29897028 29930013
Sal᷊amatě|7|25971032 25975016 26018003 26038015 26039007 29328024 30626010
Sal᷊imbang|2|23881010 24145004
Sal᷊imbangu|8|24833002 25015013 26262007 26331008 26579004 26582004 26825015 26840013
Sal᷊iwang|2|25866001 25872004
Sal᷊iwangu|3|24072005 24756009 24767005
Sal᷊ạ|1|29791020
Sal᷊ạanune|2|28760016 30460001
Sal᷊ụ|16|23198013 23199014 23206010 23225011 23764019 24221027 24225021 24590018 25029011 26073011 26147019 26522008 26787015 30855014 30967009 31082013
Samaria|26|23423026 25354022 25397008 25663011 25668018 26161007 26162008 26164016 26166002 26166012 26166028 26179004 26196003 26197005 26430018 26932029 27178035 27182007 27185006 27186020 27191009 27192012 27194011 27202032 27248008 27446017
Samatang|1|30780006
Same|1|24799023
Samos|1|27642023
Samotrake|1|27495012
Samuel|2|27021014 27383035
Samuelě|1|30205032
Samurin|8|23467001 24223008 26143001 26382001 26672001 27383013 27406001 29559001
Samurine|7|24283018 24851001 26019001 29055001 29348001 29592001 29605001
Samuring|8|24779001 26281001 26354001 27121014 27459001 27607001 28743001 31019001
Sanhedrin|4|24114007 24810006 24828006 24869015
Sapi|2|23877022 29782008
Sara|6|28042028 28165018 30184009 30184020 30431002 30431024
Sarakangke|1|28082037
Saral᷊aing|4|25375001 25467001 27657001 30671008
Sarang|18|23473001 23749028 23785001 23823012 24434001 24822001 25296001 25666001 26310001 26751001 26877001 27065001 27634033 27677001 27736017 27742001 28445001 29080001
Sarangkatewe|1|28062014
Sarangke|16|23492001 24341014 25017001 25116001 25274001 25614007 25712001 26838001 26927001 27202001 27494001 27511008 27628001 27680001 27873001 31089011
Sarangken|1|30865012
Sarangkeng|1|27476001
Sardis|4|30709020 30748005 30751006 30772009
Sarfat|1|25090025
Saron|1|27252006
Sarung|8|23439001 25274021 25514023 25515014 25674009 25675001 26236002 28676001
Sarạeng|130|23169001 23177001 23186001 23189001 23192028 23351001 23362001 23364008 23403012 23408001 23461001 23566001 23588001 23621001 23624001 23677032 23709001 23725001 23726005 23788001 23795001 23861001 23880001 23895001 23906001 23959001 23997001 24019010 24226001 24230001 24266001 24403001 24454001 24461001 24599001 24605001 24636001 24676001 24719001 24800001 24872001 24875001 24883001 24893001 24897001 24906001 24917001 24989001 24995001 24996001 25013001 25018011 25106001 25112001 25254016 25297001 25309001 25314001 25338001 25397012 25407010 25420012 25433001 25443001 25571001 25603001 25704020 25729013 25732020 25733001 25737001 25760001 25761001 25773001 25879001 25905001 25914001 25942001 25943001 25969001 25983001 26001001 26099001 26109001 26160001 26204001 26270001 26272001 26274001 26277001 26318001 26339001 26389001 26391001 26486001 26528001 26544001 26552001 26652001 26662001 26761001 26787001 26951001 27009001 27046001 27047001 27254012 27326001 27327001 27334001 27350001 27363001 27368001 27378001 27442001 27474001 27556001 27638016 27641001 27675001 27769001 27787001 27811001 27855001 27894001 27918001 29093001 30291001 30866001 30880001
Sasahani|1|30446017
Sasahidi|1|26399009
Sasaiko|1|29807001
Sasaliling|1|30881019
Sasal᷊ukạ|1|30280010
Sasal᷊ěntihọ|1|27099028
Sasimbange|1|29122010
Sasimbangi|2|25536001 25819006
Sasimbangu|1|25392001
Sasukạ|2|24348012 31071019
Sasěmbane|1|23938009
Saul|1|27384014
Saulus|41|27175026 27178003 27180003 27218003 27220019 27221012 27221013 27222009 27224005 27225003 27228021 27234015 27234016 27235014 27236009 27238007 27239003 27240014 27242007 27243002 27244022 27244042 27245005 27247014 27333010 27334004 27334009 27338011 27363005 27364034 27365021 27366012 27367012 27370027 27371005 27372003 27712016 27712017 27718014 27838020 27838021
Sawadě|1|29511027
Sawohị|2|25627009 25628023
Saụ|2|24097001 26793001
Sealtiel|2|23157017 25053012
Seke|4|30569014 30573023 30607023 30653035
Sekundus|1|27631016
Selain|1|23700001
Selaing|1|23723014
Seleukia|1|27367016
Selo|5|26331009 27161001 27161019 27162037 30108001
Selon|1|30127014
Selong|3|30095016 30098037 30117020
Sem|1|25062009
Sembaụ|1|25601001
Sembelaing|1|24825017
Semben|5|23248015 25593016 28170012 29489001 29613001
Sembeng|7|24706009 25589001 25610015 25793018 28984001 29988001 30542019
Sen|2|28001017 31093007
Sene|61|23193001 23358019 23360008 23590012 23686010 23828011 23886021 24039014 24091013 24112014 24185001 24203029 24290008 24291001 24410012 24496001 24523007 24583001 24642017 24656017 24809015 24850001 25066001 25164021 25198001 25402016 25530001 25555015 25602022 25938001 26042013 26163001 26213015 26583001 26787018 27250001 27284008 27287012 27350020 27376014 27446018 27473011 27485011 27496020 27525018 27560001 27584027 27595060 27633028 27672010 27673011 27799001 27862001 27872020 27914001 29154001 29162009 30005001 30108012 30740012 30773019
Seng|76|23292011 23312001 23354001 23443001 23666016 23956017 24003013 24120014 24300020 24345006 24369001 24443011 24503010 24560009 24561001 24706019 24724009 24796025 24817001 24868001 24936003 25215011 25273020 25311025 25477008 25553019 25618006 25835023 26060010 26068005 26468004 26507004 26604006 26678005 26768001 26791007 26792009 26794001 26856012 26919015 27034001 27154001 27155001 27155030 27188001 27222013 27281010 27299001 27334026 27385041 27394026 27396024 27470015 27693006 27829001 27889018 27940024 28032026 29014001 29045001 30190019 30301001 30464001 30569008 30716001 30738024 30739001 30891022 30891045 30901007 30902010 30935008 30972023 30973027 31044001 31060006
Sepah|1|31074005
Sergius|1|27370002
Serug|1|25061003
Set|1|25064006
Setang|5|23213001 25067001 26426001 26633013 31047021
Setange|1|25896004
Si|10|24515011 25315016 25650004 27364019 28437001 28498001 28500001 28542022 28948008 30647001
Sidon|11|23481024 23482009 23655015 24297021 24495012 25090028 25164045 25377027 25378005 27358010 27859006
Sie|1602|23166018 23170025 23172040 23178035 23193022 23196028 23204033 23206017 23209031 23210013 23212018 23215013 23216005 23218021 23220021 23221012 23228011 23233016 23233027 23236009 23236016 23237003 23280028 23287015 23301015 23328025 23328034 23346003 23347009 23351017 23356012 23356018 23356025 23360010 23363017 23364017 23365008 23371008 23372020 23373021 23374013 23377008 23380022 23382024 23384009 23403014 23404002 23405008 23407009 23408013 23414016 23415018 23415032 23458018 23461015 23461020 23479007 23480011 23492011 23500020 23505012 23505014 23505025 23506003 23506007 23508008 23508020 23509002 23510013 23511007 23513010 23514029 23515010 23536024 23539004 23542011 23550009 23593012 23594009 23594021 23594033 23594044 23595009 23596013 23600027 23611008 23612012 23612017 23613010 23617004 23617013 23617033 23620012 23620019 23621011 23624006 23631012 23634006 23635018 23646009 23649006 23657012 23663017 23664025 23667007 23670003 23673010 23674014 23674020 23680015 23681011 23686012 23693017 23694014 23694033 23694041 23695013 23700019 23706027 23706034 23711006 23720008 23720013 23724002 23724010 23729009 23764008 23765005 23765008 23766009 23768005 23770006 23773007 23778018 23810013 23810026 23811024 23812013 23812016 23812019 23812025 23821007 23832010 23832016 23836020 23838002 23839018 23840003 23841018 23846002 23846010 23850017 23850030 23852038 23852049 23873007 23891010 23892020 23905020 23915013 23918015 23919019 23958022 23959014 23959024 23961013 23961037 23981019 23984009 23984026 24010008 24040014 24041013 24053007 24056011 24059013 24065008 24072015 24081016 24082004 24091015 24092003 24092015 24093002 24094009 24095020 24100004 24103024 24108015 24112007 24117009 24118014 24120011 24121014 24122010 24122016 24132005 24132009 24132014 24134016 24139028 24142021 24143007 24149028 24152022 24153017 24156017 24158012 24159034 24160005 24160014 24161004 24161018 24164021 24165007 24166007 24167010 24172002 24172010 24172016 24172024 24172034 24173002 24173010 24173025 24174009 24177010 24179016 24184026 24185020 24193016 24194025 24202002 24202006 24203010 24203020 24203035 24205016 24205023 24213012 24224011 24225018 24226010 24226026 24229007 24229018 24229027 24232011 24235007 24238012 24243024 24243035 24250019 24250035 24251012 24252010 24253007 24257008 24261025 24262016 24264003 24266010 24268008 24269012 24274015 24274018 24275008 24291013 24291021 24291024 24293003 24294021 24298014 24298018 24299002 24299017 24300012 24301015 24303003 24310004 24310023 24311011 24311025 24321014 24323004 24325014 24325018 24326014 24334027 24358009 24358017 24358024 24362017 24365015 24365025 24367008 24384028 24389013 24395016 24397013 24402008 24402015 24405009 24405017 24410006 24410044 24410048 24411003 24411034 24414002 24415002 24416002 24418002 24422036 24423009 24423018 24438019 24442008 24442013 24442027 24443010 24449025 24453012 24453020 24456002 24456025 24456036 24457007 24457018 24458015 24459003 24481017 24488018 24488030 24488036 24489017 24495017 24501021 24507012 24507025 24511003 24512029 24517015 24518011 24523022 24532030 24532038 24533022 24535017 24539027 24546023 24548010 24550006 24551032 24554016 24564013 24569025 24570003 24570022 24570030 24571015 24574014 24576032 24602014 24603009 24605014 24622024 24623006 24623009 24623012 24623016 24623022 24634010 24650019 24652015 24652025 24654004 24654012 24654027 24656019 24656032 24658011 24659026 24668032 24672030 24689009 24691027 24701008 24711018 24712002 24716009 24721029 24722011 24724013 24739019 24745002 24756034 24758025 24758027 24767023 24769018 24778004 24778010 24788014 24790016 24790022 24792013 24795004 24796014 24799021 24799026 24801015 24810019 24816008 24816022 24817005 24819029 24820016 24828031 24828035 24840006 24841007 24841020 24845007 24846014 24847017 24850011 24851005 24853010 24855013 24858021 24859003 24859010 24859022 24862011 24863045 24868016 24880021 24880025 24880037 24881015 24881029 24883013 24885018 24888018 24893009 24893016 24913016 24926002 24926016 24927003 24942002 24944012 24945006 24948002 24949007 24962008 24963002 24967002 24967028 24969004 24970019 24972014 24973003 24973018 24995024 25008028 25014009 25014019 25018005 25018022 25019018 25020011 25020017 25021006 25022007 25022012 25030025 25042040 25047016 25048008 25049021 25065012 25065024 25066003 25066017 25066025 25067004 25069022 25072018 25073010 25073021 25078011 25078020 25079002 25079013 25080018 25080024 25081008 25082009 25082022 25084017 25084030 25086013 25086023 25093026 25095015 25096011 25100018 25105039 25106025 25106033 25106039 25112003 25112009 25123019 25128012 25130009 25154015 25154023 25155011 25159016 25160007 25160022 25199023 25199027 25200015 25205007 25205016 25207019 25209010 25230006 25235012 25235026 25235035 25255006 25265018 25270006 25270010 25271042 25273008 25286009 25286022 25296007 25304004 25311024 25311030 25313015 25313032 25314013 25318026 25324026 25328020 25330009 25334024 25337014 25347029 25349009 25350003 25350033 25353011 25354003 25354008 25355016 25365019 25366022 25380025 25385014 25402025 25419022 25419032 25421006 25422017 25422027 25423009 25435012 25443011 25459028 25459031 25460009 25465021 25465032 25542006 25554029 25561015 25569023 25635014 25664008 25666008 25668012 25677004 25696015 25696020 25697003 25697020 25704014 25721002 25721017 25722008 25722014 25723018 25733008 25737009 25739013 25743011 25743020 25760009 25761011 25768003 25769030 25773012 25779025 25780016 25785019 25785031 25799023 25800034 25803011 25818009 25824014 25825009 25829002 25835021 25864013 25880003 25885006 25887016 25902011 25904019 25905005 25906003 25908005 25909008 25910013 25911003 25912031 25916008 25917025 25928011 25929008 25930010 25932009 25938008 25938020 25938032 25940028 25941010 25945009 25947014 25947020 25950016 25950029 25950043 25952006 25954010 25957008 25957011 25958021 25958031 25971017 25971024 25971029 25972005 25972014 25976025 25977012 25982018 25983020 25985013 25998002 25998007 25998021 25999018 26008016 26011019 26012013 26012023 26013008 26021008 26021016 26023013 26024018 26026013 26027025 26034010 26036004 26042015 26043002 26043007 26044006 26047005 26048005 26048018 26055009 26056002 26056012 26057008 26057012 26059026 26060012 26060019 26060035 26061002 26061009 26063018 26072002 26075003 26075024 26076006 26076019 26078009 26078039 26079016 26083012 26083014 26084011 26088010 26090033 26107010 26107024 26107032 26110007 26112004 26119017 26120012 26121009 26121012 26134010 26136007 26137012 26137023 26139005 26143013 26147031 26149018 26151003 26152027 26153002 26155016 26156012 26160014 26163012 26167027 26167030 26179018 26181021 26182021 26182024 26183006 26186017 26190014 26191011 26196018 26197017 26199028 26199033 26202005 26203013 26211014 26227012 26229015 26229024 26229036 26229045 26230018 26235014 26237008 26238002 26238012 26260011 26263009 26263020 26264010 26269016 26269025 26273011 26273020 26279009 26283017 26285034 26286006 26287015 26289020 26291011 26296016 26297005 26298017 26299012 26300020 26300025 26303027 26304014 26317009 26319013 26322029 26324011 26324019 26326007 26330012 26330027 26332012 26334012 26338014 26340012 26340018 26341008 26341013 26341022 26342010 26344019 26345013 26347016 26355004 26355016 26355027 26357011 26357039 26357047 26357056 26358005 26358012 26358017 26359015 26360009 26360020 26362026 26364027 26364030 26365013 26365030 26368018 26373006 26373014 26374026 26375014 26377018 26384004 26384015 26388010 26388017 26389007 26395013 26402011 26402029 26404010 26404016 26406038 26408012 26408031 26409007 26410026 26411003 26411011 26411024 26412014 26413014 26424038 26432019 26437007 26437012 26437022 26437036 26442006 26443009 26445011 26456018 26457023 26458020 26466003 26467013 26467017 26471013 26474009 26476017 26477008 26477016 26478007 26478013 26481017 26502007 26502013 26502022 26506016 26521011 26523006 26528008 26530013 26531006 26535008 26546022 26552022 26554012 26556014 26557024 26558003 26561010 26561019 26562008 26572006 26572015 26578016 26578032 26580027 26581030 26585014 26590043 26594013 26594018 26597029 26597039 26599018 26600024 26610027 26614002 26615006 26617028 26618021 26622016 26625021 26626009 26630016 26632014 26632024 26634014 26634016 26634021 26635007 26636004 26637003 26642009 26642015 26643009 26643019 26650029 26651032 26652014 26662022 26663008 26663011 26663027 26676021 26676026 26679043 26685009 26686002 26686020 26686031 26686034 26686041 26695016 26716036 26721018 26726015 26726027 26726030 26732009 26734040 26735003 26735007 26736002 26740009 26740026 26740040 26741002 26744018 26745015 26746010 26746013 26754009 26756009 26762013 26762027 26787008 26790013 26791011 26792013 26794009 26808012 26812026 26813005 26816007 26816016 26817008 26818016 26823006 26824005 26824031 26826009 26829020 26830017 26830033 26832018 26832021 26832030 26832044 26833010 26833017 26835021 26838023 26841008 26841012 26841015 26844005 26852014 26854022 26856016 26859017 26863014 26870032 26877018 26881027 26883033 26883042 26883057 26888005 26890004 26899023 26911035 26912019 26913016 26919027 26925019 26926005 26926012 26926024 26927003 26927012 26927022 26927030 26927033 26928006 26928013 26930015 26933007 26933020 26973017 26973024 26973033 26974006 26974013 26974020 26974025 26975018 26981032 26983002 27010043 27011002 27011014 27012005 27012009 27012021 27016021 27017028 27018002 27019022 27023011 27023019 27023026 27033055 27091008 27102028 27122037 27154031 27163011 27170018 27199014 27209028 27210002 27234035 27298036 27298050 27299030 27300008 27300015 27301025 27302003 27302017 27303006 27381002 27390019 27391010 27391025 27393006 27394009 27394036 27397006 27397015 27401035 27418033 27432003 27432016 27432029 27451016 27451021 27452011 27527037 27547052 27548017 27549002 27549013 27550006 27550019 27551011 27554013 27555004 27659013 27723006 27847028 27934014 27935007 27936002 27940026 27941010 27952011 27952019 27967029 27997034 27998014 27999020 28013011 28014009 28017021 28017045 28018005 28021011 28021019 28022007 28022022 28039055 28040033 28040035 28040043 28048014 28050010 28058014 28062034 28065031 28069027 28069041 28074015 28074022 28074030 28078014 28096032 28096040 28116052 28128020 28128035 28134040 28145017 28149014 28151017 28151024 28154015 28160023 28161020 28178007 28178017 28178026 28189043 28201026 28201037 28203028 28216002 28231020 28232019 28232021 28232029 28236028 28242012 28244021 28260007 28290012 28315014 28316020 28317011 28317027 28320002 28320042 28320055 28325014 28362005 28364003 28364007 28364014 28372013 28373007 28385024 28385032 28394026 28397028 28411019 28418010 28439025 28439036 28505024 28534011 28534019 28534035 28534042 28581024 28581042 28624028 28625004 28627021 28633009 28712009 28734038 28742015 28743024 28746018 28747013 28747030 28767022 28768025 28776010 28804014 28804023 28805002 28811004 28811016 28811027 28820028 28821004 28822014 28822022 28823027 28824007 28839006 28848003 28860032 28865021 28865034 28883013 28899011 28918047 28923017 28942018 28966014 28967013 29047028 29047033 29048006 29048009 29048018 29051010 29059067 29073008 29073022 29089024 29111024 29116011 29123020 29129013 29137004 29188013 29203020 29210013 29212003 29212014 29213011 29214013 29215002 29215007 29216015 29218016 29218023 29224036 29230009 29234008 29235018 29235036 29238009 29244010 29251004 29267003 29279013 29281009 29281015 29282005 29282009 29283003 29283010 29284003 29294006 29307014 29311024 29328020 29331008 29331021 29347045 29368013 29398004 29398010 29399004 29399014 29400002 29401008 29401015 29402021 29409023 29431005 29432026 29434028 29442025 29443021 29443026 29479002 29482004 29483014 29484002 29484012 29484019 29484031 29486016 29502005 29522013 29522025 29524015 29529043 29542033 29570041 29573043 29590022 29601008 29632002 29632010 29646016 29656007 29658006 29660008 29661033 29666041 29670014 29678040 29682006 29695009 29709017 29710013 29711011 29711019 29713036 29714016 29721002 29723002 29723029 29748013 29748037 29758022 29804019 29805002 29805010 29805032 29818019 29819016 29822033 29836016 29840018 29840020 29841008 29841016 29872018 29888009 29889016 29889029 29923002 29929002 29929018 29929023 29966007 29967004 29967011 29967021 29967033 29967045 29968015 29969049 29987014 29987029 29987039 29987050 29988033 29989011 29991014 29992029 29992036 29993006 29995006 29995023 29996004 29996012 29996019 29997025 29998002 29998010 30012014 30018052 30028029 30029034 30030019 30030034 30036006 30036021 30036026 30038010 30038026 30038032 30038044 30039011 30040003 30040008 30040019 30041009 30051035 30055009 30055017 30055027 30057032 30058009 30058014 30058032 30059002 30062014 30062024 30078009 30086018 30086025 30090018 30090021 30091014 30091019 30091028 30092002 30092045 30093028 30095002 30096022 30097003 30097010 30117025 30118018 30118032 30118041 30130030 30132007 30132023 30134016 30139012 30147015 30157016 30161025 30164011 30164024 30171015 30171024 30179039 30189030 30215013 30215033 30215046 30215059 30218030 30219011 30222044 30238015 30238025 30238046 30239014 30241018 30257026 30262019 30284020 30285006 30285015 30299034 30305008 30350014 30378014 30378021 30383005 30383020 30392014 30395022 30396004 30396016 30404009 30406029 30421025 30422002 30422013 30423004 30423007 30423015 30423018 30423023 30434034 30443030 30443038 30444008 30447011 30458040 30466030 30473012 30476019 30476030 30477002 30481032 30483015 30483023 30497009 30497024 30497032 30527015 30531034 30532017 30532025 30541024 30541027 30546026 30550014 30550025 30552030 30552039 30564016 30579019 30582042 30582050 30600030 30602007 30604033 30613006 30614025 30618015 30625009 30631017 30637014 30639017 30640007 30640017 30640026 30640036 30643034 30671018 30698004 30698018 30699025 30702026 30703010 30703019 30703033 30705003 30705013 30705021 30705031 30711014 30711025 30715006 30715018 30716005 30719012 30726014 30730014 30748015 30754013 30754020 30778014 30778023 30779020 30781009 30786033 30792028 30793028 30810021 30823014 30823022 30826015 30826026 30828017 30888034 30934025 30935017 30990031 31019025 31020007 31028012 31029022 31030025 31031005 31031014 31032008 31033012 31033018 31033027 31037021 31050010 31057023 31058002 31059003 31059021 31060003 31084034 31101002
Sigěsạ|2|23317015 28809022
Sih|2|25591013 25739011
Sikem|2|27133009 27133026
Sikhar|2|26162011 26200006
Silakạ|3|30841017 30841018 30853001
Silakạete|1|30841019
Silas|35|27465034 27470008 27475004 27476005 27477003 27483006 27490009 27503022 27504006 27506010 27509007 27513022 27515004 27516005 27518008 27519021 27522027 27523009 27524004 27524028 27525004 27528009 27529042 27529052 27530011 27534012 27534022 27538017 27539021 27540006 27563004 28820014 29562023 29651027 30478012
Siloam|4|25523012 26448010 26448011 26452023
Simbahẹ̌ko|1|24670011
Simbul᷊u|1|30332018
Simei|1|25052009
Simeon|9|24999012 25001007 25002003 25007013 25008002 25056003 27364017 30205026 30818001
Simon|88|23228017 23420008 23422004 23595026 23690004 23726016 24061009 24162012 24232018 24245014 24246003 24247009 24252003 24305011 24307012 24411020 24758010 24792017 24848027 25102012 25102016 25103021 25111010 25111014 25112012 25113004 25116003 25117002 25118006 25118021 25119002 25161002 25161011 25162010 25232007 25236006 25236007 25236019 25239014 25240013 25896001 25896002 25897008 25962017 26026019 26085022 26086008 26087005 26087015 26087022 26266016 26326004 26329012 26633023 26637005 26640002 26655003 26657036 26667008 26796002 26801002 26811002 26870007 26874002 26901004 26902003 26906015 26910002 26914010 26914012 26915009 26916008 26937042 27186010 27190002 27195002 27195025 27201003 27260013 27265012 27266013 27277019 27278018 27292009 27292023 27321029 27457002 30481044
Simong|2|27190025 27265008
Sinai|5|27147021 27155022 29156019 29157007 30231027
Singa|1|30785013
Singongon'E|1|27210006
Sini|4|26638004 27811021 30316001 30927001
Sintike|1|29445008
Sion|7|23832003 26596004 28189017 28236026 30235009 30406020 30928014
Sipirang|1|29291001
Sipireko|1|29835001
Siprus|8|27059031 27327030 27328008 27367024 27482023 27668010 27681032 27860022
Sirakusa|1|27912007
Sire|1|24362019
Siria|10|23234010 24490024 24976013 25091027 27466030 27484006 27576033 27630015 27668022 29079008
Sirtis|1|27873026
Sirungengkong|1|26771024
Siạ|208|23229008 23368009 23372015 23389030 23436016 23456012 23457017 23487012 23489007 23520014 23520020 23529017 23642014 23643006 23696022 23697014 23697027 23734016 23741009 23742018 23780012 23784038 23891021 23892003 23958012 24045019 24049029 24052031 24110025 24110040 24206028 24214020 24233008 24275026 24303023 24364020 24399014 24470030 24471006 24513015 24535025 24535037 24581016 24610040 24641010 24689017 24689020 24797011 24803023 24804018 25023012 25082006 25082013 25087017 25135024 25174008 25193006 25241005 25246014 25271015 25291007 25292008 25294012 25325016 25325029 25361011 25380014 25386008 25429008 25429015 25435032 25474008 25554022 25581008 25671018 25711034 25731014 25783009 25804004 25884034 25894008 25907011 25917042 25918015 26031026 26088021 26100008 26189011 26191022 26247021 26249015 26257013 26284010 26293030 26294015 26295008 26297017 26335005 26348028 26352020 26363007 26367006 26394019 26398023 26401017 26401027 26403019 26410055 26411008 26413027 26419019 26422015 26427015 26428012 26428025 26431021 26490005 26509014 26511009 26514013 26514022 26514038 26518006 26519015 26520020 26549021 26550007 26565026 26566010 26588018 26607006 26607010 26607017 26607026 26608034 26625009 26625013 26626005 26627015 26630019 26631020 26644005 26649038 26664015 26667023 26667030 26670020 26678027 26680003 26681009 26688011 26688019 26697005 26700026 26702004 26716006 26720020 26736009 26737023 26743010 26743020 26744032 26744043 26746027 26746038 26750012 26764017 26766018 26766033 26767013 26768013 26769022 26771038 26772027 26780018 26782013 26784013 26784033 26786024 26795023 26797033 26807008 26807016 26809027 26823049 26885004 26897015 26897026 26918027 26921028 27124026 27221018 27232020 27838030 27840018 27842029 28209021 28625029 28626035 29032058 29991032 30005009 30005012 30497035 30728044 30731022 30731053 30755025
Skewa|1|27600015
Smirna|2|30709017 30726005
Soa|9|23235017 23249006 24385010 24495022 30974001 31056019 31065007 31070001 31077001
Soan|3|24495006 26542001 30935010
Sodom|10|23433014 23483036 23483038 23484008 25376006 25681007 28185027 30507006 30680005 30881024
Soma|1|26910014
Sopater|1|27631002
Sordado|2|24200001 27342010
Sorga|30|23251021 23280010 23283004 23284031 23287013 23292010 23297014 23298014 23309022 23315016 23328022 23338022 23438016 23450017 23451019 23540007 23647012 23690023 23738026 23742006 23747027 23763014 23928025 24666026 24667013 25419020 29402009 29889026 29967051 30681021
Sosipater|1|28358017
Sostenes|2|27575006 28365059
Spanyol|2|28328008 28332026
Spanyolě|1|28328037
Stefanus|21|27107018 27110002 27111040 27112009 27114026 27115015 27117009 27117016 27118005 27119002 27171009 27172003 27173004 27174015 27176007 27179010 27327003 27725007 28380004 28792007 28794006
Stefanusě|1|27176010
Stoa|1|27542008
Su|502|23165012 23171016 23175005 23183001 23188001 23194001 23205001 23206001 23206013 23214004 23220008 23233001 23236001 23274019 23303001 23342001 23344001 23370016 23380008 23402001 23471002 23485001 23497001 23531001 23532001 23541001 23565001 23599001 23604001 23623001 23700015 23703001 23728019 23729001 23779001 23789008 23791007 23791020 23813013 23819008 23836030 23840008 23896001 23968001 23974001 23979001 23988011 23996001 23998001 24024010 24024019 24058001 24068002 24072001 24086008 24118015 24129014 24145001 24146001 24149001 24162001 24164001 24167001 24186001 24225001 24239001 24258001 24269001 24281012 24321001 24359001 24362001 24372018 24386008 24390001 24429011 24430001 24494005 24505004 24528013 24616008 24658013 24697001 24700025 24732021 24739001 24742001 24758001 24764002 24767001 24790012 24827001 24834001 24847014 24848001 24853001 24860001 24867014 24874001 24879009 24899001 24905001 24958001 24982001 24985001 25001012 25027001 25028012 25041001 25043001 25049001 25068005 25072004 25076004 25080011 25089025 25095011 25125001 25199001 25205022 25220001 25239001 25269001 25286001 25320001 25334001 25345013 25348001 25385001 25394011 25407001 25431001 25437001 25438001 25458027 25478029 25511001 25520001 25523020 25529001 25534009 25544001 25547001 25550001 25555001 25569001 25570008 25590001 25598001 25626013 25644001 25678001 25683001 25686002 25691004 25692001 25696017 25724001 25732001 25734001 25741005 25751001 25769001 25778001 25790001 25813001 25817011 25828001 25838001 25848001 25852013 25854001 25875003 25893001 25920001 25948001 25962006 25966001 25974001 25982008 25992018 25993001 26005001 26022001 26038007 26046001 26074001 26107019 26110001 26144001 26184001 26188001 26203018 26213001 26216001 26225001 26262001 26268007 26303001 26331001 26357001 26359001 26366001 26371001 26387001 26399001 26403029 26404020 26448020 26481018 26504012 26554001 26579001 26582012 26597001 26671001 26673001 26750001 26753001 26756010 26760014 26804001 26810001 26827001 26839027 26843015 26844001 26845001 26855001 26863001 26867001 26867010 26869001 26887001 26888010 26901001 26915001 26917004 26919001 26925004 26937001 26955001 26967004 26968001 26971001 27003022 27022014 27083001 27084001 27103009 27122001 27178008 27186001 27227001 27227012 27235001 27251016 27253001 27254001 27261001 27272001 27284001 27335001 27344001 27344026 27345035 27347024 27348001 27361001 27364001 27374025 27375001 27407001 27431001 27436001 27437001 27443001 27466014 27493010 27497001 27500001 27502028 27517001 27527001 27534001 27546001 27547031 27567001 27576034 27595019 27599042 27634001 27635001 27656001 27662001 27667001 27669001 27697025 27718021 27746001 27761001 27772018 27775012 27788001 27805001 27850025 27851016 27852008 27865001 27869001 27908001 27923011 27979010 27987001 27996016 28026001 28054001 28089001 28090001 28097010 28105039 28153001 28165008 28169001 28189016 28200001 28202001 28204011 28244001 28292001 28306001 28307012 28313015 28325001 28396005 28404001 28411001 28430015 28439048 28449025 28458028 28464001 28466001 28467036 28496001 28513006 28529001 28532001 28550001 28575016 28581034 28618001 28643001 28643014 28645001 28645022 28657001 28682001 28689001 28699014 28700001 28727001 28743007 28746001 28762001 28763001 28764001 28779001 28837001 28849001 28873001 28880001 28898019 28901001 28901010 28928041 28948001 28966001 28989001 28997001 28998001 29007017 29018001 29045011 29072001 29074021 29089001 29111036 29115008 29119014 29131001 29146001 29161001 29176024 29184008 29185001 29205001 29232001 29233027 29242001 29281001 29301008 29305001 29336001 29382018 29395013 29399001 29426001 29427021 29446001 29449004 29453001 29510001 29514010 29532001 29548001 29595001 29619001 29619016 29629001 29640001 29663001 29689001 29691001 29727001 29760015 29785001 29842013 29847010 29848001 29855003 29879010 29887001 29896001 29982001 30019015 30037001 30038001 30042001 30070001 30076001 30109001 30110001 30110022 30111001 30118014 30149001 30166015 30178034 30239001 30278001 30326005 30336001 30343012 30386028 30387001 30390001 30391001 30399001 30403001 30423012 30435001 30444001 30445016 30450001 30465001 30496001 30502001 30524013 30533010 30535010 30539001 30660001 30682010 30685001 30696015 30708001 30711022 30735037 30810001 30847001 30848011 30864001 30871033 30872015 30873001 30893028 30895020 30905001 30921001 30922010 30930001 30939001 30941012 30941022 30981001 30996028 31034001 31040010 31045012 31083006 31084001
Suapa|4|25689005 25874001 25876010 26263025
Suapan|11|23222001 23356001 23986001 24833001 25689013 26214001 26667016 28840016 29563014 30910030 31066017
Suapang|4|24024001 24737001 28626023 31068011
Suapạe|2|24767024 26392011
Suapạewen|1|27488001
Sude|5|23385001 23936010 23938006 24270001 26231013
Suhị|1|26797007
Suhịe|1|24107007
Sukiral᷊ingku|1|30658013
Sul᷊ikudeweng|1|28278001
Sul᷊iun|2|28930010 28952001
Sul᷊iung|1|30485015
Sumasahe|1|24856001
Sumasaken'E|1|31029013
Sumasakene|4|30796012 30798013 30799025 30802013
Sumbalai|2|28788008 29937001
Sumbal᷊iau|3|25490011 25822001 27467026
Sumbal᷊iu|1|28539017
Sumpinị|2|24331012 25191008
Sumpinịe|1|23333011
Sunaung|1|30514015
Sunge|2|30988001 30992001
Sural᷊ungken|1|28028021
Suraral᷊eng|1|25541001
Suraral᷊engang|1|25663001
Suratě|5|28845020 29698009 30123015 30481038 30647010
Suratẹ̌ku|1|30478001
Susamurine|2|26802008 29005018
Susana|1|25249013
Susi|166|23214007 23216020 23217008 23220011 23393007 23470009 23497004 23744017 23767012 23840011 23843026 23869018 23902015 24079013 24086023 24109016 24111017 24551027 24552026 24658016 24684012 24698015 24776013 24782020 24804031 24816032 24855010 24929031 25068008 25072007 25074005 25076007 25080029 25085013 25223008 25390010 25778004 25797015 25849022 25902005 25902027 26019012 26024028 26037014 26038010 26113007 26118031 26250005 26250022 26289018 26367012 26371004 26381015 26517009 26595016 26597036 26649025 26772061 26850037 26854018 26862012 26863004 26877015 26940010 27034012 27168040 27392013 27526033 27527005 27535033 27582024 27586027 27740023 27933018 27948041 27987004 27996019 28002006 28026004 28041029 28153004 28169004 28173005 28189009 28195016 28200004 28202004 28204014 28207020 28212024 28218005 28236015 28244004 28265016 28292004 28307015 28308007 28308021 28313018 28325004 28383004 28395008 28404012 28411003 28430018 28467039 28484026 28549018 28575019 28594005 28700004 28722024 28723016 28746004 28764004 28773034 28873004 28901004 28948004 28966004 28989004 29045014 29109008 29111002 29113017 29114018 29115011 29116025 29119017 29125005 29159005 29162008 29281004 29336004 29761013 29782006 29869017 29869020 29870007 29871003 29984009 30009039 30011009 30019012 30073017 30082005 30108011 30130018 30141024 30171005 30178037 30302017 30317006 30343009 30344027 30391004 30399004 30403004 30406005 30407022 30435004 30465004 30471031 30677057 30759014 30777027
Susěmběkane|1|29316009
Susěmbẹ̌kane|1|28536033
Sutal᷊oaran|3|25889001 28563001 29260001
Sutal᷊oarang|3|25417001 30509001 30711001
Sutampạ|1|30898019
Sutimonakue|1|28538001
Suwụ|2|23721004 23933033
Suwụe|1|29902014
Suě|2|24030024 24032024
Sěbangke|1|25550018
Sěbangko|1|30998010
Sěbạ|1|30850001
Sědụ|1|23579001
Sěhiwu|1|25628019
Sěhěbi|3|24772001 25480010 27493001
Sěmbahageang|3|25843020 27699001 28227001
Sěmbal᷊iau|20|23315012 23494019 23803017 23942044 24710001 25151029 25448040 26013001 26076008 26328014 26356016 26518018 26922017 27165001 27956025 28457011 29425001 29751012 30159017 30350001
Sěmbaụ|4|25408021 26255022 28177029 30912001
Sěmbaụ-sěmbaụ|2|28653016 30968010
Sěmpike|1|29803001
Sěnaungu|1|25696002
Sěnggal᷊ipoho|1|23476018
Sěnggạ|6|24331001 25251013 25310010 27542031 27619001 28235037
Sěnggạe|1|24122011
Sěngkakarumahing|1|27642017
Sěngkakarumahinge|1|27875001
Sěngkakarěnta|1|24798016
Sěngkakasukạ|1|27884012
Sěngkal᷊ěndịu|1|26887030
Sěngkamal᷊ukade|1|25931001
Sěngkamisa|1|26894001
Sěngkariọěllone|23|23845001 24251001 24653001 25339001 25399001 26080001 26280001 26384001 26593001 27028001 27143001 27269001 27283011 27356001 27519001 27673001 27683001 27747001 27767001 27803018 27814014 27859001 27913014
Sěngkarịěllone|1|27435020
Sěngkatau|48|23168001 23537001 23597016 23794012 23875010 23908001 23999008 24023015 24106001 24124009 24126009 24178001 24198005 24412007 24489001 24556001 24863001 25212015 25221007 25340001 25473001 25573001 25574001 25699014 25707001 25921001 25975001 26085001 26201006 26266001 26379001 26573001 26647005 26652019 26812001 27498001 28489011 28495027 28498024 28522007 28527001 29734001 29832001 29833001 29899001 30824001 30831001 31063001
Sěngkatau-sěngkatau|7|28419005 28505001 28508001 28964001 29193001 30286011 30805001
Sěngkatau-sěngkataue|1|24588001
Sěngkataue|1|23998010
Sěngkatěllung|3|30835019 30836020 30859001
Sěngkawawěllone|1|23613001
Sěngkianu|1|24198001
Sěngkianụ|1|27290020
Sěngkianụe|1|24205001
Sěngkělěndị|1|23370001
Sěngkělěndịe|1|25269009
Sěngkělěndịu|4|24983001 26952001 27348034 27510001
Sěnnang'E|1|28849019
Sěnsul᷊e|3|24526010 25109001 25525021
Sěnsul᷊eko|4|25524004 25539001 29166001 29447014
Sěnsul᷊ẹko|3|24099001 29026001 30239016
Sěntiniạ|1|28870001
Sěntiniạbe|1|30260001
Sẹ̌bangke|1|24241009
Sẹ̌bangko|1|23404006
Sẹ̌ngkariọěllone|1|26088001
Sẹ̌suieko|1|23393001
Sạbanari|1|28946001
Ta|7|23614001 24072007 24128001 24933001 25923001 27479001 27810001
Tabeạ|13|24104015 24159035 24205010 24845008 27466033 28345001 28347001 28347009 28350001 28798009 29555001 29892009 30268013
Tabeạko|2|24922008 29554001
Tabeạku|8|28342011 28343001 28348010 28349001 28352001 29561001 29696001 29890001
Tabita|2|27253010 27257024
Tadeus|2|23421022 24307011
Tadeạu|11|26193016 26297009 26298008 26388011 26621020 27996021 29225027 29341002 29495001 29607006 29780030
Taghuang|1|27676032
Taghuange|1|25366019
Taghuangu|5|23568001 23806001 23863001 24679001 25877001
Tahapamate|1|25553003
Tahapěngěntana|1|29834001
Tahatako|1|26492001
Tahiting|1|30976001
Tahěndunge|6|23253001 23288024 24089001 25758004 25998010 30679001
Tahěndungeko|6|23299027 23433001 23721011 24203036 25706001 29836001
Tahěndungko|2|24604001 29855001
Takụ|151|23476001 23490008 23508005 23508017 24303027 24520003 24625005 24627025 24627035 24628023 24628032 24640004 24741007 24755002 24755008 25107014 25193013 25227008 25236011 25383005 25510006 25537014 25539012 25730004 26036013 26115012 26171008 26171020 26245004 26258021 26284021 26294004 26298024 26309024 26312015 26321017 26345004 26346012 26408003 26408028 26420009 26425008 26498019 26507006 26507018 26520011 26564009 26608006 26613016 26629016 26630023 26630026 26638013 26643031 26646017 26649003 26649016 26650004 26651012 26657006 26664020 26664029 26664036 26665003 26667017 26673003 26679023 26679029 26680027 26681014 26682012 26683013 26687004 26694003 26695032 26696002 26696007 26696011 26709019 26711004 26714011 26715005 26715020 26715031 26720004 26724030 26728004 26731030 26739004 26746016 26752004 26760004 26768003 26773012 26794002 26807025 26928035 26967030 26967042 26967055 26968011 26968022 27120016 27365032 27397043 27840035 28169015 28169021 28171013 28171023 28181016 28181022 28181025 28189019 28383013 28383020 28798001 28836001 29430041 29977022 30102006 30102031 30103011 30150006 30191020 30406017 30651015 30724023 30725017 30728050 30732011 30735019 30739002 30740028 30741006 30741027 30744012 30744016 30744021 30749021 30752015 30756021 30759006 30759043 30759054 30763017 30766008 30766011 30768006 31059017 31060029
Tala|25|23272004 23483012 23750004 24513018 24784001 24954007 25379015 25511014 25900027 25923021 26341020 26393001 26813007 26826006 26904013 27274004 27316005 28154001 28212001 28623045 28818043 28819015 28820024 29575001 30367029
Talita|1|24406011
Tal᷊ěntukon|1|25645006
Tal᷊ěntukong|3|24636021 25665006 25728022
Tal᷊ěntụkong|2|23407018 25727009
Tamai|3|24323014 25836012 29518001
Tamar|1|23147021
Tamaị|1|24359011
Tampạ|1|26843011
Tampạu|1|24163012
Tangkianeko|3|26914044 26915036 26916059
Tangu|473|23165001 23174001 23182001 23185009 23187001 23192021 23208022 23255001 23289019 23316013 23339001 23341001 23349001 23361001 23372029 23377001 23380001 23382013 23386018 23388001 23389031 23405019 23410001 23418001 23450001 23543011 23584027 23597001 23598001 23631001 23644001 23657007 23662017 23669001 23719013 23724013 23755001 23760001 23773001 23777001 23797001 23798001 23817001 23822001 23847001 23854001 23858022 23866001 23869001 23883001 23883024 23886001 23888001 23889001 23894005 23898019 23987001 24000001 24009001 24022001 24025001 24049001 24054001 24055001 24070020 24120001 24147001 24189001 24192001 24211001 24244001 24247001 24262010 24275032 24291014 24295001 24296010 24335001 24360001 24365001 24378006 24389001 24392009 24395001 24395014 24399001 24405007 24420001 24430021 24432001 24435015 24439019 24440001 24442025 24450001 24477001 24480001 24482001 24507001 24507041 24517001 24523001 24524001 24533011 24544001 24548001 24550001 24558001 24565001 24589012 24602001 24612001 24628005 24631001 24638001 24641023 24645019 24647001 24654010 24659012 24662001 24662010 24674001 24682001 24686001 24686034 24690001 24695001 24702029 24711001 24717001 24721016 24741001 24760021 24766017 24768001 24771001 24771010 24771021 24778021 24781001 24782001 24793001 24795023 24815001 24818001 24820001 24823031 24824001 24839001 24841011 24855001 24879001 24882001 24884001 24894001 24916025 24924001 24935017 24959001 25002001 25012001 25029001 25035013 25047001 25068001 25071001 25077001 25085001 25087001 25103001 25121001 25127012 25134001 25137001 25153001 25155009 25155025 25159001 25195015 25197001 25202001 25206001 25210008 25211009 25213001 25218001 25232012 25235001 25253008 25266001 25268024 25278031 25280010 25285014 25291009 25293019 25301001 25312016 25319001 25354001 25356001 25408001 25423007 25443015 25479001 25556001 25563023 25577001 25596001 25601018 25609001 25624001 25629001 25727001 25785001 25788001 25791001 25795001 25801001 25832019 25873001 25878001 25927001 25936001 25940001 25960001 26000001 26021027 26074011 26103013 26105030 26107027 26113001 26118021 26162001 26185001 26187001 26190001 26197001 26197021 26210021 26219001 26220001 26319011 26332001 26403001 26404001 26448014 26454018 26458001 26475018 26489001 26494026 26558001 26560001 26565001 26568001 26594001 26595009 26600001 26603001 26609004 26619001 26631012 26656001 26657018 26677001 26716024 26746011 26783015 26789001 26790011 26797001 26823001 26831001 26831015 26835001 26836001 26842001 26855010 26858001 26861021 26870001 26886001 26893001 26897001 26902023 26905019 26912001 26916032 26922001 26947001 26950014 26990008 26991012 27001001 27004017 27026001 27027013 27036029 27038001 27041001 27052001 27056013 27061001 27063001 27066001 27071001 27081001 27086001 27100001 27121001 27125013 27129001 27132001 27141014 27159001 27185001 27187001 27189026 27204001 27207001 27212001 27216020 27234001 27235020 27248001 27257026 27281001 27283001 27293014 27308001 27330014 27337001 27346012 27347001 27354007 27362001 27406026 27414001 27418019 27455001 27465029 27482001 27489001 27502041 27517020 27526001 27529021 27575001 27582001 27583008 27585012 27608001 27615001 27619023 27630008 27636040 27664001 27667010 27691001 27697001 27705001 27707017 27716009 27717001 27729001 27732001 27734001 27738001 27744001 27751011 27766001 27780009 27794018 27806010 27820001 27825016 27834010 27839001 27842025 27845001 27862013 27869010 27869024 27874001 27876021 27877011 27884001 27892001 27895028 27896001 27923001 28102005 28144001 28472001 28535042 28552010 28747031 28838019 28840049 28849046 28859001 28912001 28971001 29005001 29007001 29020001 29033001 29047001 29082001 29091024 29287001 29402001 29450001 29666001 29670007 29776001 29808013 30067001 30141001 30153001 30380014 30405009 30460012 30495001 30517015 30541001 30700001 30710016 30750001 30784001 30794001 30806010 30825010 30833018 30839007 30840007 30843001 30854008 30871001 30881001 30886001 30889001 30892001 30898001 30907001 30943001 30946001 30948013 30955001 30957012 30958010 30965013 30967014 30972010 30974014 30974022 30976019 30983001 31013001 31022001 31038001 31039015 31043065 31048001 31051016 31056001 31064001 31070011 31086025 31087001
Tangú|3|24312001 29421001 30040001
Tantu|12|23395023 24774018 25142023 25892019 27996001 28071001 28099012 28105015 28211009 28473003 29071001 29580001
Tapengu|1|25647001
Tarimakase|6|26565017 28116047 28378001 28839001 28931010 28949001
Tarimạ|1|28919001
Tarimạko|3|28339001 29963001 30266015
Tarsus|5|27228024 27247021 27333007 27704011 27708014
Tatal᷊ěntụu|1|29921001
Tatanatane|1|23877009
Tatanggang|1|23716013
Tatimbuhung|1|28856027
Tatingangko|5|23496001 25484001 25487001 27404001 28189014
Tatěllu|1|27915031
Tatěntiro|1|29708001
Tau|117|23193025 23383011 23387001 23465001 23503014 23514010 23635001 23659001 23727001 23885024 24066001 24079022 24126021 24159037 24167018 24256001 24256012 24294028 24368001 24373001 24374011 24385001 24398001 24465001 24467001 24490013 24525001 24606016 24639001 24640015 24762001 24763001 24770001 24848012 24853014 25097011 25139004 25157015 25273016 25275001 25391001 25401007 25444001 25477001 25591001 25622018 25627001 25628016 25635001 25643001 25643018 25668013 25700001 25886003 25921023 25951018 25974013 26068013 26158001 26166001 26207012 26218001 26222005 26361001 26364011 26369015 26430001 26452004 26457011 26468001 26471001 26477001 26481001 26525001 26555001 26571026 26589001 26803001 26833001 26845017 26847015 26945019 27008001 27088050 27115021 27187022 27204018 27204035 27208001 27228025 27388031 27424001 27425012 27500021 27501001 27525022 27542017 27571006 27731021 27755006 27762001 27816019 27821012 27855010 27856007 27904022 28386001 28409030 29012001 29012011 29586001 29671001 29905010 30276001 30299009 30607018 30980001
Taumata|224|23214009 23234025 23366016 23386013 23413013 23441032 23468013 23479003 23498003 23522010 23525001 23530017 23540001 23577012 23581002 23665001 23686026 23700005 23701012 23710026 23713035 23723018 23739003 23791012 23811010 23821004 23824001 23835001 23836001 23985004 23988005 23988026 23989007 23994015 23995003 23997020 24002010 24010003 24023003 24040003 24042001 24057013 24079004 24079021 24100026 24101007 24112001 24119019 24169001 24238001 24271015 24278011 24289003 24310001 24325009 24532011 24539017 24548026 24551022 24570009 24590022 24622011 24634003 24711022 24730001 24744006 24776004 24776021 24796029 24797007 24799010 24817017 24835001 25042023 25068010 25132017 25152006 25169012 25179015 25180020 25181016 25192001 25192013 25221010 25230002 25250001 25324006 25328011 25346010 25360017 25436014 25468021 25470008 25500009 25606008 25674023 25676018 25678004 25682008 25697012 25720027 25742002 25853001 25854005 25863020 25887002 25913015 25934007 25971001 25983021 25984001 25999003 26096024 26127001 26134019 26135018 26139001 26144022 26148004 26234018 26238015 26240005 26285029 26305002 26311015 26320009 26341001 26349001 26410016 26476031 26494001 26503006 26604009 26610001 26615001 26615025 26615037 26641001 26649030 26662012 26821009 26838030 26861001 26994001 27076001 27123020 27173012 27184013 27224001 27388025 27506001 27535001 27639001 27714001 27727001 27739001 27948042 27952001 27992031 28125001 28126022 28131001 28199016 28200007 28209016 28282001 28325007 28409001 28456024 28530001 28681001 28758007 28764008 28795016 28982001 29003001 29046001 29066001 29081007 29187001 29258027 29301001 29446046 29513017 29612001 29670017 29847021 29849001 29856001 29934001 29984026 30035014 30162001 30163016 30187001 30246024 30274001 30299020 30375004 30458001 30521001 30555001 30573019 30584001 30594031 30595001 30606017 30611021 30653027 30752020 30882001 30891001 30919001 30936010 30964001 30984032 30984045 31017001 31051032 31054001 31054010 31060025 31081034 31092001
Taumatam|2|27975001 27977001
Taumatan|5|26495001 27305001 27779001 27902001 28767001
Taumatang|5|25457021 26515001 27111018 27509016 29938001
Taumatawe|1|23356026
Tawahal᷊uas'u|1|25936006
Tawahal᷊uasu|1|26931012
Tawe|65|23250001 23396001 23643001 23660005 23800004 24018001 24282001 24361001 24400025 24401001 24426017 24471001 24479001 24502001 24705013 24720014 24756011 24767007 24818010 24825007 24901001 24918001 25187001 25207001 25247001 25262001 25263001 25439001 25462001 25866004 25872007 26092019 26121001 26333001 26435022 26757013 26862014 27341038 27521017 27633005 27788019 27884023 27907001 28064033 28288001 28548001 28548013 28548024 28674001 28681019 28913021 28914001 29114001 29186009 29309001 29735016 29969027 30028001 30035001 30085012 30616001 30663001 30913027 30932001 31016023
Tawẹu|40|23307001 23487013 23487018 23721042 23919001 23994001 24316001 24346001 24542004 24607012 24955001 25144009 25386009 25386018 25578002 25587009 25634001 25708013 26063001 26134001 26302001 26392016 26500001 26675015 27055010 27568007 27622001 27878017 28002007 28004012 28403001 28936016 29334001 29748001 29805020 29969001 30178019 30913033 30926001 31006001
Tempo|7|26078001 26163017 26749005 26840001 27204007 28098038 28932001
Tempom|1|23579010
Tempone|2|26759002 30868023
Tempong|2|27554001 28517010
Teneko|1|26068018
Tenta'm|1|30952012
Teofilus|2|24895001 26925002
Terah|1|25060012
Tertius|1|28359009
Tertulus|3|27771024 27772004 27779016
Tesalonika|10|27525017 27535013 27537006 27631018 27858037 29459004 29562006 29573013 29651007 29881019
Teudas|1|27096009
Tiatira|4|27498016 30709019 30736005 30742006
Tiberias|3|26259016 26281009 26900010
Tiberius|1|25027007
Tikhikus|7|27631029 29359002 29550002 29552007 29552027 29883004 29936009
Tilakehangu|1|25849007
Timeus|1|24635039
Timon|1|27107041
Timona'E|1|30014028
Timonaku|7|27823035 27943001 28517001 28601023 28769001 29179001 29453026
Timonan|3|26537001 29262001 29702001
Timonane|5|28197001 28440019 29528021 30382001 30453015
Timonang|2|28842018 29494026
Timotius|36|27485019 27486012 27487006 27487015 27487033 27538019 27539023 27540008 27563006 27608013 27631027 28358002 28451008 28787003 28802035 28820015 29363033 29411013 29412003 29414008 29466013 29467037 29562025 29593011 29593028 29596006 29597005 29651029 29698002 29715001 29809009 29811001 29829003 29868006 29940030 30265012
Timuhě|1|25437007
Tingangke|2|24101006 26092012
Tingangko|3|23309001 23311007 24719019
Tinggol᷊ang|1|28005001
Tingih'E|1|30713006
Tingih'i|1|28207025
Tingihe|2|30795026 30920019
Tingihu|2|30850009 31016001
Tingihě|6|26611007 27222010 30709001 30770031 30855001 30929019
Tiniạ|1|31010012
Tiněnnan|1|29862019
Tiněnnanu|2|24534019 25239015
Tiněnnanue|1|23696023
Tinịa|1|29356010
Tipun|1|30938001
Tipung|1|31021011
Tiranus|1|27595059
Tirus|12|23481022 23482007 23655013 24297019 24488016 24495007 25164043 25377025 25378003 27358008 27668028 27672007
Tita|4|23781001 23912001 24705001 26665001
Titang|1|30125038
Titius|1|27565037
Titus|19|28838016 28923020 28924009 28930023 28931037 28939009 28949007 28950003 28955002 28956003 28960006 29041005 29041026 29083018 29085002 29881028 29894003 29897001 29910004
Todẹko|4|23201001 23892001 26678042 30312022
Todẹ̌ko|1|25034001
Togorẹ̌ko|1|24294026
Tokol᷊e|1|28467042
Tokol᷊ẹ̌ko|1|29162013
Tol᷊e|4|23368007 24275024 25361008 26918024
Tol᷊eiko|1|25875021
Tol᷊eko|1|23389029
Tol᷊en|1|30860014
Tol᷊ẹe|1|25135023
Tomas|7|23421009 24307006 25162004 26540002 26892002 26901007 26937034
Tomasě|6|26674003 26893010 26893020 26894015 26895007 26896002
Topas|1|31074022
Torat'i|2|26725014 27805016
Torat'u|11|24900018 24997004 24998022 25013012 26062001 26090024 28038001 29245001 30084001 30093001 30292001
Torati|1|29153028
Toratu|1|30135001
Toratě|7|25637001 28104001 28193001 29120015 29122020 29122037 30135020
Trakhonitis|1|25027034
Trifena|1|28349003
Trifosa|1|28349006
Troas|7|27492010 27493004 27495007 27632013 27633027 28837006 29884014
Trofimus|3|27631032 27694012 29891010
Tualagě|4|26050001 26054001 26140007 27837019
Tuan|4|27823031 27826002 27843004 27851002
Tuang|275|23207017 23207024 23348018 23352001 23354004 23354014 23354018 23365011 23365017 23367006 23371009 23394029 23398036 23408030 23463002 23528013 23528022 23537009 23537017 23537027 23550013 23567021 23576020 23591011 23613021 23646013 23646025 23649009 23657015 23689006 23716003 23717009 23720014 23754010 23779011 23790016 23805025 23814027 23814030 23824025 23826005 23889021 23889027 23889031 23889046 23890006 23897001 23909001 23926011 23927008 23961045 24029014 24029017 24031013 24031015 24033012 24033016 24033029 24033037 24034010 24034016 24072031 24088015 24104016 24253017 24256019 24256025 24279041 24321015 24321032 24362021 24362027 24388005 24388013 24396006 24396017 24396024 24400015 24400028 24444003 24492001 24530020 24544009 24544025 24556008 24556015 24557026 24561021 24561028 24562005 24577008 24577020 24609001 24617016 24624015 24624029 24626015 24626021 24626024 24640019 24662017 24662024 24688010 24688018 24688028 24688039 24688048 24693001 24706011 24706018 24706021 24719012 24722003 24767033 24774023 24784011 24786011 24786022 24800013 24897022 24898006 24898014 25038015 25113001 25113022 25120037 25120040 25120044 25200026 25202027 25202038 25203009 25215013 25216020 25216023 25236017 25266008 25266022 25270014 25270016 25291017 25291024 25291030 25295019 25295025 25295031 25314016 25314023 25322018 25335017 25335033 25340009 25342008 25351004 25351015 25359013 25359018 25361016 25363006 25363011 25389014 25451009 25451015 25473010 25473014 25542007 25616004 25616011 25645001 25648003 25648014 25651010 25707011 25717014 25730008 25750007 25752007 25753005 25753008 25753013 25753020 25753023 25753030 25771013 25771018 25801011 25801031 25801042 25802005 25808001 25819007 25834006 25874003 25876008 26010012 26083026 26093004 26094001 26094007 26094013 26123012 26123018 26123033 26147011 26147016 26166007 26166015 26168005 26168019 26169030 26172004 26176007 26177013 26184046 26188010 26206001 26208015 26218004 26283018 26283022 26288011 26288019 26288026 26292001 26386006 26387030 26393002 26443010 26477009 26532004 26532015 26532020 26552017 26558016 26639012 26807005 26816019 26820022 26838021 26838026 26911025 27207026 27207030 27214006 27214014 27222006 27264018 27282033 27282052 27289007 27289028 27293013 27293016 27293041 27520023 27520030 27702018 27713011 27731020 27753032 27755015 27756004 27756053 27765023 27765041 27772015 27827021 27837008 27849009 27850022 27850038 27851007 27851020 27853015 30297019
Tuange|3|24321024 25750013 25801022
Tuangku|2|27821005 27850002
Tuarin|1|25616003
Tuhukeko|1|29540033
Tuhukeweng|1|29823001
Tuhụ|15|24293008 24498001 24545001 24688052 25182001 25557015 26106005 26159001 26575001 27934011 28456001 28498012 30043001 30762019 30854001
Tuhụe|2|27097001 30487014
Tukad'u|1|26213004
Tukadě|4|25413017 26999007 27007015 27348020
Tul᷊ada|1|25804008
Tul᷊in|1|24499001
Tul᷊ungko|9|23649007 23659010 24563015 25692019 26477010 27053001 27201010 27704016 30665012
Tumanạu|1|30883001
Tumatimbangu|2|29740001 29744001
Tumbạeng|1|26616004
Tumol᷊e|1|29062001
Tumuhụ|18|23766013 24136015 24591016 25156010 26380001 26615007 26833005 27744021 28096011 28412001 28416001 28943001 28958001 29034018 29065001 29216001 29398001 29952001
Tuwangke|1|25526027
Těbe|1|28856025
Těhusě|1|24732014
Těllu|6|27137017 27226001 27290004 27630001 27798001 29076001
Těllun|3|29015001 29015011 29031001
Těmbonang|2|27511001 27520001
Těmbonangu|9|24184001 24311015 24866001 24866015 25200020 25533001 27507013 27513001 29738001
Těmbọ|4|24163014 24849011 25969008 26843014
Těmbọu|1|30858032
Těndihe|1|25277016
Těnga-těngadě|3|24127008 26652016 26917001
Těngadě|21|23816004 23848001 24096010 26272014 26419001 26914026 26915018 27967017 27997038 28000017 28033016 28207004 28467001 28533001 28551008 29048001 29097001 29377001 29733001 30000001 31101011
Těngon|1|24118016
Těntal᷊ang|15|24130013 24821001 24827021 25461013 25926017 26119001 26445001 27277009 27304001 28517015 28785001 29126001 29761001 29961001 30693027
Těntangke|3|25116017 26332013 27120003
Těntangko|1|26905006
Těntiro|3|26318016 26693010 29895001
Těntiroiko|2|24216001 29873031
Těntiroko|2|29759001 29924001
Těntirong|1|29845001
Těntirọ|1|29830001
Tẹ̌gal᷊u|1|30989001
Tẹ̌tuhukengben|1|29343015
Tạ|2|26659001 29936001
U|253|23172020 23175011 23285036 23307009 23319001 23319017 23329011 23355001 23428016 23435013 23437024 23438001 23441017 23444005 23481011 23483022 23484002 23489011 23490001 23523019 23527001 23531017 23532023 23552001 23555001 23569003 23585010 23602001 23638001 23653001 23690011 23698001 23701002 23731006 23738012 23739001 23744013 23748001 23751001 23889044 23901016 23916023 23964015 23982001 23983003 23985001 24044001 24051001 24067001 24083001 24086020 24203008 24238010 24276032 24283011 24286055 24349001 24458007 24470016 24479015 24483001 24536001 24579001 24634001 24697015 24718001 24931001 24960020 24984007 25116020 25182044 25185024 25192025 25201001 25204001 25264009 25326001 25472001 25475019 25492009 25494001 25508019 25565001 25613001 25623022 25636027 25673014 25703022 25737017 25785011 25862001 25881001 25902001 25902021 25965001 25970010 26065005 26166020 26171017 26181001 26230026 26256010 26313001 26425010 26635001 26642010 26651001 26989001 27043001 27098020 27200001 27404016 27410001 27568001 27880010 27942001 27945001 27948001 27951001 27964027 27969001 27997026 28022001 28059019 28078001 28099007 28107001 28110017 28119001 28132001 28137001 28138001 28141023 28170006 28216014 28271001 28385001 28389001 28391001 28403014 28406001 28414010 28422001 28424014 28428013 28430001 28442010 28454001 28458001 28497011 28502001 28502041 28503021 28504001 28507001 28510001 28519018 28536001 28543020 28551015 28556031 28557001 28559014 28575022 28579024 28607001 28613001 28615001 28620001 28624001 28630001 28651005 28675001 28684027 28693001 28714018 28735001 28827001 28830030 28835022 28848025 28878001 28926025 28990001 28996014 29033031 29034028 29037034 29052001 29159026 29203016 29244001 29251001 29252001 29314001 29482001 29500001 29533015 29575023 29577017 29590011 29606001 29610016 29624001 29665010 29675036 29678029 29681015 29722001 29737001 29768039 29779001 29796001 29799001 29804013 29805029 29810001 29817001 29869018 29877014 29900001 29920001 29927001 29944001 30052001 30171008 30191007 30220015 30277016 30279009 30287001 30296001 30305001 30307001 30325017 30330010 30420001 30421012 30434018 30474003 30476028 30501001 30559022 30567001 30575001 30578027 30581016 30605038 30625010 30657001 30780018 30999001 31001020
Uade|1|30748036
Uadewe|1|30527003
Ual᷊ine|1|28928018
Ual᷊ing'i|1|28444001
Ual᷊ingken|6|27248010 27836001 27923040 28355020 29579001 30589020
Ual᷊ingkeng|1|29456001
Ual᷊ingkewelain|1|27873018
Ual᷊ingu|339|23176018 23183029 23190013 23224001 23254001 23258001 23308001 23317001 23325001 23346001 23402018 23409009 23507001 23521001 23534001 23554001 23562022 23575001 23606001 23691001 23775001 23859001 23890001 23957001 24002001 24022009 24030011 24032011 24037001 24138001 24139001 24143001 24194001 24211015 24215001 24325015 24343019 24347001 24411027 24456013 24493008 24502012 24598001 24665001 24753001 24869041 24943001 25089001 25108001 25115001 25246009 25264001 25416001 25430024 25441001 25445001 25482008 25554001 25561012 25592001 25655001 25671013 25731009 25749008 25799016 25802001 25820001 25869001 25895001 25945001 25952001 26137001 26221001 26351025 26361014 26410001 26418001 26459020 26464001 26501001 26520021 26538001 26571001 26578001 26815001 26837027 26868001 26945001 26980021 27013030 27016001 27097014 27104001 27113001 27160031 27191017 27195022 27245001 27312001 27325032 27336010 27340001 27352007 27358011 27367001 27401001 27403001 27418001 27508001 27530001 27541001 27569001 27595039 27611001 27622007 27630027 27636012 27653001 27658001 27699034 27710035 27735020 27741027 27763001 27796013 27817001 27818019 27820029 27827015 27843001 27860010 27868010 27881001 27888001 27909001 27938001 27946001 27955001 27957001 27959001 27964001 27968010 27987009 28019001 28041014 28050001 28050029 28065001 28065029 28088001 28100001 28103001 28141001 28146020 28199001 28222001 28225001 28228001 28236001 28238001 28266022 28294001 28295001 28336001 28369001 28393001 28408001 28432001 28439001 28488011 28565020 28582001 28585001 28628001 28634001 28656001 28660001 28666001 28700011 28702001 28777001 28814038 28816001 28826001 28833001 28854001 28862035 28867021 28884001 28887001 28894001 28900001 28902012 28916001 28939001 28940032 28962037 28968001 28988001 29038001 29054020 29117018 29121016 29125015 29129001 29137001 29138001 29144015 29198001 29211027 29222001 29236001 29246001 29248001 29266001 29286001 29298001 29313024 29351001 29358001 29379020 29383001 29388001 29430031 29476001 29480001 29488016 29497020 29506001 29519009 29523001 29530018 29546020 29568001 29587026 29592009 29610001 29628001 29633001 29649001 29723018 29818001 29837001 29872025 29947001 29956001 29959001 29979001 29989026 29992001 29995030 30003001 30025001 30026001 30031001 30046001 30063020 30076017 30084012 30090001 30124001 30156001 30169001 30175001 30176001 30177001 30177013 30178001 30180001 30180040 30181001 30182001 30184001 30190001 30193001 30194001 30195001 30196001 30197001 30200001 30201001 30202001 30203001 30204001 30206001 30208001 30214012 30216017 30238001 30241001 30255001 30257001 30262013 30274018 30288001 30298001 30345001 30355001 30362001 30371001 30381001 30388001 30392028 30397001 30397026 30406001 30411016 30448001 30449001 30466001 30484001 30485001 30490001 30492001 30504001 30513049 30534001 30540015 30580012 30593001 30596020 30617001 30635001 30651001 30654001 30656001 30667001 30717001 30723001 30734001 30749001 30749020 30757001 30765001 30766013 30878026 30904001 30918001 30985001
Ual᷊ịem|1|28334001
Ual᷊ịeng|1|29811034
Ual᷊ịeweng|1|27871006
Uh|1|26375005
Uhasẹ̌ko|1|23945006
Ukai|1|23296015
Ul᷊uhẹ̌ko|2|23503012 25157012
Umatě|3|23642006 25837008 27382001
Umatẹ̌-Ku|1|28181018
Umbaseng|3|24806001 24880001 25211001
Umpamane|1|28506001
Umur'U|1|26439009
Umure|1|24407008
Ungkuěng|17|23594025 23686018 26423010 26475001 26571017 26610010 26667013 26902001 27047018 27409012 27811018 29029001 29846012 30764001 30890001 30913024 31022028
Ungkuěngu|3|23615011 26822001 30800017
Unụ|5|26407015 26586001 28542026 29106001 29141038
Unụe|38|23311001 23320001 23469001 23636001 23681013 23780004 23799025 23891017 24110009 24646016 24761010 24815015 25138020 25193001 25535021 25670001 25763006 25765013 25917026 25997016 26030005 26030009 26468016 26797014 27009020 27069007 27143027 27221014 27373017 27832001 28019011 28176026 28188001 28469001 28469033 28471001 28623001 30592017
Unụewe|1|29001001
Urbanus|1|28346004
Uria|1|23151020
Ute|5|24799018 25067010 25073029 25975018 28566013
Utạ|1|30849001
Utạ'E|1|30712001
Uzia|1|23151026
Wadang|1|28772001
Wahani|1|23422007
Wal᷊em|105|23215018 23494007 23495021 23496012 23725013 23728041 23839008 23841014 23842027 23850007 23935016 23935032 23936015 23940007 23940016 23954037 23959006 23959020 24110032 24116013 24135007 24136029 24170008 24181005 24286039 24652010 24656014 24657012 24668015 24709003 24711027 24713009 24715008 24719005 24721014 24804007 24865005 24915021 24916039 24917006 25001010 25011015 25020014 25073015 25151006 25457017 25777005 25779007 25781019 25828002 25864005 25865008 25869016 25917014 25918009 25981005 26045007 26110002 26111018 26225011 26343008 26357008 26361030 26362008 26366016 26384007 26402014 26441019 26504010 26505010 26580011 26806024 26996009 27005021 27007018 27072037 27080004 27084005 27085030 27102006 27691030 27692027 27693031 27693047 27694036 27695025 27695034 27722011 27776010 27782017 27788014 27805020 27845011 28427011 28915004 28915014 30002022 30131014 30155016 30826022 30875007 30942009 30944013 31076005 31076012
Wal᷊en|5|30759012 30953013 30955033 30956008 30972019
Wal᷊en'U|1|26113011
Wal᷊ine|3|26450013 26811029 28465020
Wal᷊inewe|5|23513008 28021009 28664013 28770005 28929018
Wal᷊inẹbe|1|24822017
Wal᷊o|2|29074009 29471032
Walạe|2|24603014 25527007
Walạewe|1|29045017
Wanalan|1|30064030
Wanua|1|23675012
Wanuan|3|23583013 25547019 25881019
Wanuang|1|24849009
Watu|1|28188031
Watụ|14|25309015 25465016 25543009 28017030 28409017 28449001 28486005 28576013 28771001 28894013 29090001 29328001 29756001 29782001
Waugu|1|24673010
Wawera|1|29302022
Wawi|1|30523018
Wiahě|8|24118018 29446047 30165010 30752021 30984046 31051033 31054011 31081035
Winohe|133|23214006 23216019 23217007 23220010 23393006 23470008 23497003 23744016 23767011 23840010 23843025 23869017 23902014 24079012 24086022 24109015 24111016 24551026 24552025 24658015 24698014 24776012 24782019 24804030 24855009 25068007 25072006 25074004 25076006 25080028 25085012 25223007 25390009 25778003 25849021 25902004 25902026 26019011 26024027 26038009 26113006 26118030 26289017 26517008 26595015 26597035 26649024 26772060 26850036 26854017 26862011 26863003 26877014 27034011 27392012 27526032 27527004 27535032 27933017 27948040 27987003 27996018 28002005 28026003 28041028 28153003 28169003 28173004 28189008 28200003 28202003 28204013 28207019 28212023 28218004 28236014 28244003 28265015 28292003 28307014 28308006 28308020 28313017 28325003 28383003 28395007 28404011 28411002 28430017 28467038 28484025 28549017 28575018 28594004 28700003 28746003 28764003 28773033 28873003 28901003 28948003 28966003 28989003 29045013 29109007 29111001 29113016 29114017 29115010 29116024 29119016 29125004 29159004 29162007 29281003 29336003 29761012 29782005 29869016 29869019 29870006 29871002 29984008 30009038 30141023 30391003 30399003 30403003 30406004 30407021 30435003 30471030 30677056
Wuhu|11|23357025 23583015 23692010 23787019 23791009 24614014 25547021 25881021 27437039 28769022 29655020
Wuhun|1|24586016
Wuhung|2|24084020 24780020
Wukid'u|5|23828009 24642015 25761008 25769012 26936011
Wul᷊ud'u|3|27155021 27543010 30231026
Wul᷊udu|2|29156018 29157006
Wuntuang'u|1|27261015
Wọ'i|1|26059025
Wọete|2|31098011 31098022
Wọu|4|23947005 25289001 27336001 28898009
Wọuten|1|27581001
Yahudi|429|23172018 23173017 23174013 23225020 23423018 23679014 23812007 23850025 23852021 23858020 24058011 24102039 24112023 24131009 24133033 24141018 24142011 24148013 24150008 24159038 24167019 24171015 24208009 24211025 24467008 24490018 24622035 24668028 24672009 24675020 24686005 24798038 24808017 24828015 24829013 24836013 24839022 24845011 24853015 25199020 25707005 25721009 25779020 25781030 25917018 25931005 25939014 25971010 25973008 25974014 26064002 26102016 26109005 26114004 26146009 26166009 26166022 26179013 26179032 26212006 26221006 26226011 26229009 26262009 26299003 26310005 26330021 26340008 26342017 26344003 26364004 26364035 26404005 26413009 26430002 26434003 26439003 26441003 26459004 26463019 26501008 26506004 26513003 26515002 26532010 26543003 26555002 26557011 26560003 26569004 26575030 26576006 26577008 26578014 26579006 26590003 26592006 26623009 26664026 26798011 26800010 26806029 26814019 26817017 26819019 26821007 26822033 26824022 26825025 26829013 26833002 26838015 26845018 26846003 26847012 26847023 26857003 26857043 26864033 26866027 26887029 26955006 26961003 26961014 26964035 27028010 27046030 27081044 27103013 27103019 27107053 27107058 27111027 27111033 27114011 27125065 27219012 27232035 27239029 27240009 27246009 27262024 27282025 27288016 27299015 27305002 27305029 27309017 27310009 27325015 27326029 27327041 27328031 27341012 27349039 27368016 27369016 27406014 27406025 27408004 27410029 27411006 27413019 27416018 27416027 27416031 27417003 27417012 27419013 27420004 27420013 27434006 27442040 27446027 27450045 27455043 27457020 27460017 27462016 27466025 27485023 27487022 27497028 27504023 27525023 27526016 27529003 27534027 27537004 27541010 27560006 27560039 27562015 27563025 27564058 27565023 27570010 27572012 27572015 27577021 27582004 27586011 27596024 27599003 27603003 27619020 27620012 27630021 27646032 27648004 27676045 27676052 27684025 27685029 27686015 27686049 27687007 27690008 27692018 27693042 27704008 27708005 27710032 27717023 27726026 27729028 27735014 27743006 27747004 27749014 27755007 27762008 27765011 27771014 27775022 27779002 27782006 27789004 27794017 27797021 27799010 27804009 27806009 27807035 27812014 27821022 27826024 27827013 27828003 27831042 27832008 27841018 27844060 27845005 27847036 27847043 27865008 27917009 27919004 27928030 27929007 27944042 27947021 27972012 27973022 27975009 27975018 27976017 27977007 27977035 27980019 27980024 27983018 27987013 27988007 27989004 27989012 27990013 27990020 27990042 27991003 27991010 27992003 27992011 27993008 27994010 27995007 28001008 28001023 28011013 28013020 28019024 28020024 28021007 28022011 28023015 28036029 28037008 28038002 28039040 28061003 28068003 28083016 28084020 28096013 28098011 28099009 28106006 28108020 28121013 28180010 28186013 28187003 28201012 28221006 28221030 28222003 28222023 28223013 28223023 28227013 28227036 28227054 28231009 28233005 28234008 28234037 28235040 28235058 28236007 28238003 28238029 28238037 28240023 28241005 28276003 28312010 28320017 28320033 28322019 28331030 28331035 28331048 28331055 28341023 28386002 28387025 28387035 28387042 28388012 28388015 28561003 28561010 28561016 28562004 28562012 28586003 28600016 28600019 28648009 28648013 29014008 29016018 29016024 29071014 29072006 29072013 29074020 29084035 29089020 29089035 29090015 29090028 29091049 29091054 29094013 29094032 29095005 29096027 29096034 29096045 29097008 29097013 29099033 29111014 29117017 29131009 29131012 29201032 29241007 29241022 29244014 29244017 29245003 29247019 29247028 29248010 29248014 29253017 29258013 29258026 29258031 29260025 29427027 29428019 29529012 29529015 29554013 29585043 29586002 29587020 29587030 29724012 29888027 29903015 29907009 30070005 30076011 30077011 30084003 30093003 30097027 30128006 30131003 30135003 30142040 30145004 30727033 30756015
Yairus|12|24387007 24389008 24400013 24400024 24401012 24403007 25287013 25288023 25295011 25295017 25296010 25297005
Yakobus|42|23231014 23420019 23421016 23595022 23702010 24186012 24235015 24245018 24306002 24307007 24402019 24411014 24541010 24624003 24630020 24721020 24788008 24867029 24875014 25118009 25161012 25162005 25163005 25297019 25330016 25356009 26002023 26937027 26937038 26937050 27340005 27355034 27456007 27462005 27683011 28726008 29077010 29091002 29094019 30268017 30375033 30674030
Yakub|26|23147003 23157027 23357020 23905010 24700047 24927010 25060003 25547012 25817031 26162019 26163004 26169002 26169036 27010004 27125044 27125047 27129005 27131011 27132003 27149016 27163023 28169013 28236035 30182028 30193010 30194007
Yambres|2|29862006 29863023
Yanai|1|25050012
Yanes|2|29862004 29863021
Yared|1|25063009
Yason|5|27529037 27530015 27531003 27533007 28358014
Yaspis|1|30772006
Yefta|1|30205028
Yehuda|9|23147004 23176005 23176017 25056006 25059018 30079012 30101031 30785016 30816016
Yekhonya|2|23151033 23157016
Yeremia|3|23187007 23687024 24139008
Yerikho|6|23822007 24635007 25394010 25724007 25733006 30203008
Yerusalem|157|23171030 23173030 23198003 23215007 23235020 23270016 23635009 23694017 23810007 23811006 23828002 23837008 23956001 23956002 24183018 24221009 24297002 24311007 24465010 24621008 24622008 24642003 24652006 24656007 24668006 24868030 24996021 24999006 25012026 25015008 25017015 25019014 25073006 25125025 25164039 25332031 25353016 25355020 25394008 25523037 25541006 25552022 25553001 25553002 25663003 25720016 25743022 25760015 25769008 25773005 25847005 25851021 25943025 25964011 26005026 26010017 26025011 26039032 26044011 26064004 26109013 26110005 26119007 26177019 26178023 26202022 26212014 26213002 26354008 26504003 26542005 26579018 26593019 26601006 26928022 26932024 26936009 26936021 26937002 26943006 26955017 26964040 27028018 27039018 27076010 27088036 27109014 27178014 27191004 27202019 27203020 27204040 27219038 27230026 27238016 27243005 27245017 27299018 27310007 27330013 27335011 27363014 27376025 27390006 27394025 27445029 27447008 27465056 27488026 27580010 27607017 27643028 27649015 27669039 27673040 27676042 27677027 27680019 27682008 27696023 27708024 27710058 27722005 27723013 27746027 27781019 27787006 27798013 27800016 27803004 27804015 27806021 27812006 27817025 27821025 27828028 27834009 27844050 27917058 28323028 28329008 28330023 28331024 28332018 28335021 28780027 29075010 29076008 29083010 29084004 29157016 29158002 29158007 30235020 30759032 31056010 31064023
Yesaya|23|23196007 23224011 23363014 23507012 23554009 23641010 24218008 24470013 25030009 25081006 26068012 26619006 26620010 26622002 27204064 27207019 27925036 28183002 28185002 28205011 28209002 28210006 28316005
Yesua|1|25055003
Yesus|2239|23146011 23146027 23157011 23157039 23162038 23163006 23166014 23170030 23171002 23206005 23208003 23208028 23209004 23209018 23211004 23212013 23214002 23215005 23217002 23218006 23219006 23220002 23221004 23222008 23223002 23224003 23227005 23228003 23229002 23230010 23231002 23231033 23232016 23233004 23234004 23234040 23235007 23236004 23345004 23347003 23348015 23349003 23350004 23351003 23353003 23356003 23359003 23360002 23361003 23361016 23362017 23362024 23363002 23364006 23364010 23366002 23368003 23369002 23370020 23372008 23373004 23374002 23378004 23380007 23380014 23381002 23382015 23384002 23386020 23389005 23389011 23389039 23390004 23390030 23391014 23392002 23394013 23395002 23398004 23398026 23399003 23400019 23400042 23402006 23403004 23404024 23407004 23408003 23408016 23409003 23410008 23411009 23412016 23413002 23415004 23416003 23417003 23419002 23422016 23423007 23461003 23462022 23464002 23467010 23480004 23485005 23487003 23491009 23493002 23499002 23500016 23501002 23503004 23505002 23512005 23512017 23515002 23529012 23536003 23537008 23538003 23541006 23542007 23543003 23543021 23549006 23550004 23551002 23556009 23564002 23571002 23573002 23574004 23576004 23577002 23591009 23592003 23593006 23597007 23597011 23598003 23599014 23610022 23611003 23611032 23612003 23613004 23614008 23615014 23616005 23620004 23621006 23621018 23622006 23623011 23625003 23625016 23626011 23627004 23627020 23629003 23631004 23633009 23633032 23635013 23637002 23644003 23646004 23647002 23650003 23655004 23656012 23657002 23658002 23659008 23660003 23662003 23663003 23664022 23666003 23667004 23668006 23669003 23673004 23674011 23675002 23677037 23678005 23679002 23680005 23681002 23685004 23685009 23686002 23688014 23690010 23693004 23694006 23695007 23696003 23697004 23702005 23703006 23704015 23705007 23707004 23708003 23709013 23710010 23711003 23712002 23714007 23715003 23715022 23718002 23719003 23720005 23721002 23723005 23723010 23725003 23726011 23727010 23729006 23730002 23731003 23749007 23750002 23763002 23764003 23767002 23771002 23773004 23774002 23776008 23776022 23777003 23778003 23779010 23780002 23781010 23784002 23786003 23788004 23788008 23789002 23791002 23809003 23810004 23813012 23813016 23814008 23815010 23816002 23818006 23822012 23823018 23825003 23825017 23827002 23827027 23828013 23829009 23834019 23836009 23837004 23838006 23838016 23839004 23841012 23842015 23843005 23843018 23844004 23845008 23846028 23847005 23848004 23850004 23851002 23854006 23854015 23855012 23858024 23860008 23867002 23869003 23870005 23872013 23872020 23873022 23874003 23887003 23888016 23889010 23889020 23891002 23893003 23894007 23895015 23896014 23902002 23906007 23907009 23908011 23910002 23914010 23916005 23919006 23920003 23959003 23960003 23961004 23962002 24003003 24022003 24056009 24059007 24061003 24062009 24062022 24062035 24063003 24065002 24069009 24070017 24071013 24072012 24073002 24074003 24074009 24075004 24076006 24077017 24078002 24080018 24081006 24086003 24088006 24089004 24091004 24094004 24095004 24097004 24098004 24099004 24102003 24104012 24104023 24105002 24105019 24106009 24107002 24110003 24111025 24112005 24113005 24114018 24118003 24119002 24122006 24124025 24126029 24130007 24131013 24133009 24141003 24141023 24142018 24144003 24146011 24147023 24147027 24148017 24150021 24152010 24156013 24157008 24157023 24158006 24159018 24162020 24164008 24164015 24167016 24168003 24169011 24171018 24176007 24178028 24180003 24183009 24184009 24185017 24187018 24188011 24188020 24190008 24201016 24204021 24205003 24206005 24209011 24209019 24212013 24213006 24214002 24217007 24225006 24226003 24228009 24230006 24232003 24233002 24234014 24235002 24236002 24236032 24237002 24237016 24240002 24241004 24244004 24245002 24246012 24246021 24247003 24248022 24250003 24251005 24254002 24255005 24256011 24257002 24259003 24261015 24262006 24263023 24264017 24265020 24266003 24269006 24271023 24274002 24275004 24275029 24275041 24276003 24276028 24276041 24277012 24277031 24278002 24279022 24280002 24284010 24285009 24286002 24288003 24290002 24291010 24292002 24294002 24295020 24296002 24296017 24297029 24298007 24301003 24302004 24308009 24309004 24309017 24312003 24312026 24319002 24319010 24320021 24321009 24322002 24325002 24326003 24333006 24334003 24335003 24337004 24345003 24348003 24350002 24354016 24357004 24358002 24359006 24360003 24360033 24362006 24363002 24364003 24366004 24367003 24371009 24371022 24372007 24373007 24374003 24375011 24377007 24378003 24380005 24382011 24383003 24383017 24384003 24385017 24386002 24386016 24387023 24389003 24392008 24392019 24394007 24395007 24397003 24398020 24399003 24400003 24400031 24401009 24402003 24403009 24404004 24405006 24406002 24408003 24409005 24410023 24412003 24413004 24414011 24420005 24421004 24422015 24438006 24438014 24439012 24439021 24441034 24442003 24443007 24445003 24445039 24446003 24447003 24449004 24451010 24453004 24454008 24455014 24458022 24458033 24462014 24463019 24463026 24464003 24465015 24466007 24469014 24470002 24473003 24478003 24481004 24482003 24483022 24484003 24488004 24489015 24489022 24490005 24491002 24493003 24495004 24496018 24497002 24497021 24498004 24500003 24500017 24502019 24506008 24507003 24508011 24509021 24509032 24512011 24512023 24513002 24514003 24515004 24516013 24517005 24518002 24521017 24522010 24523017 24524003 24524018 24526002 24527003 24528002 24528017 24530015 24531004 24532004 24533004 24533016 24534003 24535004 24540004 24541006 24541025 24543010 24544008 24547022 24549020 24551002 24553004 24553031 24554007 24555012 24558003 24559009 24559015 24560003 24562009 24564003 24566003 24567004 24568002 24569002 24569016 24570019 24571008 24572013 24574002 24575004 24575016 24577007 24578003 24590004 24590030 24590035 24591012 24592002 24594015 24599013 24600002 24602011 24602025 24603005 24605006 24606004 24606015 24606022 24607011 24610002 24611004 24612003 24613008 24613012 24615004 24616002 24618003 24621002 24621010 24621030 24624012 24625012 24627012 24628007 24630007 24631003 24635012 24636010 24636018 24638003 24638030 24639015 24640012 24641004 24641028 24642027 24643010 24645003 24647009 24648005 24648016 24652003 24653009 24655003 24655021 24656010 24658004 24659021 24660004 24662016 24663002 24668011 24670002 24674011 24675004 24675023 24683003 24686013 24686023 24686040 24687015 24688007 24689002 24690010 24691006 24692013 24693008 24698002 24702010 24702023 24702035 24703002 24706008 24708002 24708014 24708037 24709006 24711032 24715012 24717003 24719003 24720002 24721004 24723005 24756029 24758004 24758043 24758062 24761003 24765012 24765021 24766026 24767020 24768003 24771004 24771020 24772004 24773007 24774006 24774017 24775002 24777007 24779005 24782003 24785005 24787011 24788003 24789009 24790002 24792004 24793003 24794003 24795034 24796003 24798003 24800010 24800021 24801011 24803004 24805007 24806013 24808002 24809005 24810014 24811008 24812013 24815014 24816003 24817008 24819025 24820007 24820031 24822023 24827016 24828027 24829006 24829018 24830012 24831008 24832003 24837011 24842023 24843002 24844009 24844024 24846008 24847004 24848011 24849002 24850014 24854003 24856009 24858013 24859028 24859033 24861007 24863031 24864003 24866013 24868012 24868033 24869053 24871008 24871024 24872015 24873014 24873027 24874017 24875026 24880013 24883003 24883025 24884014 24885008 24886004 24888003 24888048 24889003 24893003 24925017 24995016 25001022 25015005 25016005 25023002 25024008 25025004 25026002 25047009 25049004 25065002 25068003 25069005 25070016 25072002 25073004 25076002 25077007 25077017 25078004 25080003 25084003 25085003 25087003 25088002 25093008 25094003 25095004 25098002 25099003 25101004 25102002 25102026 25103003 25104012 25104023 25105021 25106007 25107003 25108004 25109004 25110003 25111002 25111022 25116013 25118018 25119019 25120004 25120028 25121003 25122003 25123004 25124004 25125007 25125042 25126029 25127035 25128004 25130002 25132025 25135004 25135019 25136012 25137009 25138019 25139002 25141006 25142003 25144003 25148009 25150002 25152003 25153008 25154011 25155003 25156003 25157002 25158021 25159006 25164004 25165007 25166007 25167002 25186003 25197011 25199010 25200008 25200031 25202003 25202011 25205002 25207006 25208004 25209004 25210004 25210014 25211011 25213006 25215007 25216009 25217004 25218003 25220010 25224004 25225010 25227003 25232010 25232014 25233017 25234007 25234018 25234023 25235007 25236003 25237002 25239020 25240004 25244003 25245007 25246003 25247007 25249029 25250006 25250018 25254022 25255003 25256002 25265008 25266006 25267003 25268006 25268021 25269007 25270003 25270022 25271003 25272002 25273004 25274004 25274013 25274016 25275007 25276002 25277011 25278020 25278033 25281014 25281030 25283011 25283022 25284011 25284018 25285027 25286003 25287019 25287026 25288020 25290005 25291002 25292002 25293018 25293032 25294002 25295003 25296003 25297008 25298013 25299006 25300004 25301021 25302012 25303002 25305009 25308003 25311038 25312010 25312018 25313013 25314010 25315003 25315014 25316011 25317003 25317010 25318003 25319011 25320007 25320017 25322013 25323003 25324002 25325004 25330003 25331005 25332021 25334016 25335008 25335016 25338009 25338014 25339003 25339020 25343002 25344006 25344018 25345026 25347004 25348005 25349002 25352007 25352013 25353006 25354028 25355010 25356006 25357002 25359003 25359012 25360002 25361003 25362001 25364001 25380003 25382002 25385006 25385016 25387003 25389010 25390002 25392006 25394001 25400004 25401023 25402004 25403014 25404014 25407005 25408003 25411001 25414005 25420005 25422010 25423003 25433003 25433015 25434003 25435010 25443003 25443017 25444007 25451008 25452002 25459004 25459019 25461019 25473009 25474002 25475009 25476003 25482003 25514002 25520008 25521005 25525004 25529006 25531003 25532003 25533007 25536002 25536011 25536023 25537002 25539004 25541003 25541008 25542016 25550012 25551002 25555006 25555023 25556005 25557002 25558013 25559004 25560007 25561002 25566004 25569011 25570003 25579007 25579009 25587003 25590016 25592004 25600002 25622002 25630003 25635008 25636003 25653002 25657007 25663005 25665005 25666003 25668004 25669004 25671003 25672008 25672016 25674004 25689003 25689011 25690004 25691002 25698002 25699003 25703004 25704011 25704023 25705003 25707010 25711004 25713002 25713012 25715006 25716001 25718004 25720002 25723011 25724003 25726001 25727006 25729002 25729017 25731003 25732014 25733003 25735009 25735028 25736016 25737003 25738009 25740012 25741004 25743008 25744002 25760003 25762008 25764004 25764014 25767012 25767027 25769004 25771012 25772002 25773003 25777002 25779003 25781006 25782004 25783001 25788003 25789002 25795013 25796026 25797002 25799013 25800014 25800026 25801010 25803003 25805005 25806017 25807010 25807028 25814002 25820013 25821002 25825006 25828006 25830003 25832021 25834005 25835002 25837004 25856003 25864002 25865013 25867013 25868020 25869024 25871014 25873003 25875001 25878014 25879009 25882004 25884004 25889004 25890001 25899005 25900004 25901005 25903005 25903015 25904002 25909002 25910004 25912002 25912019 25912027 25913003 25914004 25916003 25917004 25919005 25921030 25924016 25926001 25928005 25931017 25932016 25935013 25937009 25939007 25939016 25943004 25943015 25944010 25944019 25944025 25944033 25945012 25946014 25947011 25951012 25956006 25959012 25960008 25961020 25962003 25962042 25963005 25963020 25964003 25968017 25969012 25969028 25970003 25970021 25971012 25974006 25975009 25978006 25979004 25982003 25985005 25988012 25989008 25991006 25991025 25992017 25995016 26000009 26002010 26005010 26007009 26008005 26009003 26010010 26011007 26011012 26015025 26016026 26017003 26019003 26020011 26021029 26022008 26023010 26025022 26027004 26028007 26030003 26032002 26033016 26035002 26037003 26038003 26042004 26062019 26074007 26081007 26082015 26083002 26084006 26085013 26087009 26087011 26088003 26090036 26092002 26093013 26093015 26095002 26096002 26097018 26098002 26099011 26100002 26101005 26103002 26104004 26107008 26108004 26109009 26111002 26114009 26115002 26117007 26118006 26118037 26119003 26120003 26123009 26124002 26125015 26126002 26131002 26143004 26158007 26159004 26160003 26162003 26163006 26164005 26164022 26167002 26170013 26173009 26174014 26178004 26182006 26183009 26184007 26184015 26184042 26187014 26188008 26189003 26191003 26196011 26197009 26197023 26198009 26200008 26201002 26202036 26203004 26204007 26204021 26204026 26205002 26207002 26207018 26210013 26210034 26211009 26212009 26217002 26217018 26219003 26224015 26225004 26226015 26227009 26228003 26230002 26259005 26261002 26263004 26264002 26266006 26268006 26269004 26270005 26272010 26273002 26274007 26275018 26277015 26278003 26280025 26280034 26282009 26282030 26283008 26284002 26287002 26290003 26293010 26299009 26300006 26301003 26311003 26317006 26318007 26319002 26322010 26323003 26325003 26328002 26329004 26329025 26329032 26330004 26332008 26335008 26338005 26339014 26343004 26345002 26350002 26357005 26359009 26361013 26361035 26362002 26366011 26368002 26368032 26369008 26372009 26374009 26379019 26383003 26384017 26386005 26388020 26390004 26391006 26391022 26392003 26393009 26394002 26396002 26401010 26402007 26403003 26405003 26407013 26410004 26412003 26413004 26416007 26421022 26424003 26430007 26431002 26434009 26436002 26439008 26440002 26441011 26441014 26442003 26443005 26444002 26447005 26452007 26454008 26463029 26476002 26478011 26479013 26480002 26481009 26482002 26488002 26489003 26501003 26505003 26506011 26507002 26513011 26514003 26516003 26521008 26522002 26524008 26527007 26528003 26529002 26530005 26533010 26535004 26536004 26537003 26537016 26538004 26540014 26541004 26544007 26544016 26545006 26547008 26549013 26553012 26554005 26556010 26557004 26559003 26562002 26563007 26564002 26565010 26567005 26568034 26569013 26570018 26575024 26577013 26578004 26580005 26581023 26582007 26583003 26583024 26584024 26585009 26588002 26590007 26590027 26592015 26593014 26595002 26597007 26597016 26598008 26599010 26602018 26603016 26604002 26611003 26616002 26617024 26618009 26622012 26623013 26625003 26632008 26633002 26633028 26634002 26638002 26639008 26639017 26641011 26642002 26643002 26652003 26654004 26654011 26655013 26656007 26657002 26657020 26658016 26659014 26660006 26662007 26667012 26667015 26669002 26670009 26674008 26675002 26677008 26678003 26691010 26692002 26701004 26744007 26746002 26756005 26758002 26761006 26763023 26787003 26787024 26788013 26790002 26791001 26791015 26792004 26793004 26793016 26794012 26795012 26797003 26798018 26799006 26801010 26801027 26805007 26806002 26808003 26809002 26810010 26814009 26818011 26819010 26820002 26822003 26823014 26827013 26828018 26831003 26832011 26835013 26835030 26837002 26838012 26839013 26842007 26842016 26843002 26844025 26845005 26845013 26846012 26849007 26851004 26851010 26852003 26853004 26853021 26854002 26855030 26856002 26857034 26858013 26859008 26860004 26864019 26864026 26864048 26865011 26866009 26867006 26868017 26870013 26875007 26878006 26880020 26882013 26882026 26883002 26884002 26884013 26885007 26886011 26887012 26887032 26889003 26892014 26892023 26893005 26894007 26894025 26895004 26896007 26897003 26898011 26899012 26900004 26903007 26903020 26904002 26905002 26906004 26909002 26911002 26912003 26913007 26914007 26914040 26915005 26915032 26916004 26916024 26916055 26918006 26918020 26919014 26919022 26920009 26921002 26922010 26922019 26924009 26925016 26930008 26931002 26933003 26934010 26935020 26938021 26938028 26940037 26945012 26945036 26945050 26972013 26972055 26973010 26975007 26982002 26986015 26986019 26988016 27003025 27010016 27010020 27013027 27013034 27014022 27017021 27025015 27033036 27033046 27034003 27035005 27036043 27040033 27041017 27041023 27050032 27053023 27056009 27090002 27100017 27101024 27102023 27103004 27107024 27109012 27109027 27116011 27172020 27176013 27189021 27193022 27212020 27214021 27217022 27218012 27219024 27222017 27227008 27234021 27236017 27237014 27238024 27239018 27239023 27243015 27243037 27244049 27251008 27253015 27255012 27259016 27296028 27298012 27298029 27303017 27303025 27305006 27308011 27325030 27327009 27328022 27334035 27337006 27369021 27371033 27375014 27386020 27387003 27390043 27396010 27400003 27400014 27401015 27416035 27417025 27436016 27437011 27437022 27437051 27442044 27454016 27469016 27479024 27485016 27485029 27491018 27499034 27502030 27515009 27527030 27531033 27535024 27536008 27542058 27558013 27562023 27563028 27566015 27566032 27583007 27583022 27584045 27585018 27585070 27586031 27587030 27588019 27590046 27591014 27595038 27595053 27599026 27599045 27601011 27603026 27604009 27609017 27616014 27629019 27648032 27651022 27657027 27662031 27669013 27678034 27681040 27685034 27690015 27713016 27719029 27719041 27746006 27784022 27792012 27794038 27816018 27833014 27839020 27914011 27915012 27923065 27931015 27934009 27937021 27938023 27939006 27943012 27979020 28014015 28014028 28016026 28017006 28018022 28020031 28047027 28048002 28049028 28050007 28059017 28059023 28063054 28065027 28069053 28072018 28080027 28092014 28116059 28118015 28119013 28146018 28151010 28156034 28198009 28198026 28249043 28281003 28295006 28309023 28310013 28313002 28320010 28321009 28334004 28340013 28357026 28361005 28362021 28364022 28364031 28365026 28365039 28365069 28365086 28368018 28371018 28373020 28374010 28394014 28397023 28422009 28458031 28458063 28479033 28482008 28534031 28542023 28546020 28563022 28572030 28624022 28638019 28638027 28644018 28734028 28750030 28776019 28800003 28801010 28802023 28803014 28804011 28814045 28820003 28821027 28860019 28865017 28870007 28871014 28871021 28874011 28874020 28913010 28942012 28994017 28994020 29021005 29049027 29057002 29059030 29059055 29070021 29086039 29098016 29098029 29125025 29129007 29131032 29146032 29169009 29187008 29203011 29207005 29208009 29209009 29209024 29210010 29212011 29216024 29219010 29220024 29222013 29224008 29236009 29237032 29238019 29240012 29243012 29250017 29253011 29258047 29263013 29273016 29293004 29325020 29361007 29362012 29363017 29363038 29364010 29368023 29370014 29373012 29381014 29388018 29389013 29397008 29402005 29403007 29407073 29411008 29413015 29425038 29430028 29431037 29431052 29434023 29436028 29442019 29450022 29462014 29464012 29466003 29467021 29469011 29469044 29501010 29535019 29535031 29554004 29554019 29555016 29562016 29563072 29571017 29571024 29585020 29586007 29590015 29593046 29602011 29604028 29605036 29606019 29618005 29618031 29619019 29620019 29631020 29640027 29645046 29650005 29651020 29652008 29657025 29658021 29662006 29662017 29662027 29663008 29664013 29670010 29676036 29678005 29685009 29691005 29697005 29698020 29698033 29698048 29709006 29711035 29712014 29713014 29722019 29754021 29760037 29785006 29792019 29802017 29803015 29811025 29811045 29811065 29819037 29820018 29820020 29823029 29829016 29831012 29836010 29838028 29864026 29866014 29869032 29872003 29872039 29894020 29897026 29922019 29930010 29931005 29940022 29942013 29944013 29948030 29962013 29964003 29987009 29988011 29988029 29989002 29989029 29990002 29991002 29992014 29997018 29999003 30029036 30038004 30039002 30042006 30065002 30086003 30087005 30089004 30090007 30091003 30092032 30099006 30144002 30153009 30154002 30215009 30215026 30216008 30237006 30250002 30254006 30257005 30262009 30263027 30268024 30295010 30376025 30376070 30378011 30378030 30382053 30387032 30388019 30405035 30446053 30458036 30481013 30481050 30482023 30488033 30491020 30494017 30496015 30521009 30541008 30544032 30548029 30552033 30553004 30571015 30573010 30603015 30606020 30607010 30619004 30626006 30630012 30631003 30645038 30649015 30653018 30674017 30674023 30677038 30690018 30693018 30694015 30698014 30699009 30700022 30703004 30703026 30704016 30707052 30909034 30939017 30982015 31028047 31028052 31043036 31088007 31093006 31097004 31101022 31102003
Yo"el|1|26966013
Yoda|1|25052015
Yohana|2|25249002 26002016
Yohanan|1|25053003
Yohanes|198|23194006 23196002 23197002 23198019 23199009 23200010 23206020 23207003 23207009 23208024 23222004 23231016 23394006 23398010 23420023 23462002 23464008 23467005 23467017 23470005 23471009 23471024 23472003 23473003 23474009 23478002 23600014 23601012 23602004 23603009 23603022 23606012 23608012 23609005 23610005 23610011 23687008 23702014 23714010 23852002 23853024 23859003 24220007 24220042 24221013 24221022 24222002 24225015 24230003 24235017 24245020 24279007 24279029 24306004 24402021 24422026 24424017 24425012 24426007 24427010 24427015 24428011 24428020 24428025 24428040 24432022 24433016 24435012 24435026 24437005 24437014 24529008 24541012 24577003 24624005 24630022 24671002 24672040 24673024 24721022 24788010 24907031 24954013 24957012 25028020 25029003 25029021 25033007 25033012 25036017 25037002 25038009 25039002 25040018 25041012 25042006 25044003 25045009 25046012 25118011 25141008 25161014 25214003 25214008 25214014 25216004 25216013 25218009 25220006 25220017 25223003 25224016 25224029 25225029 25226023 25229002 25297018 25309022 25311014 25321010 25330014 25351002 25352009 25356011 25407028 25637016 25784002 25786022 25873007 25878006 26051007 26060002 26064014 26065002 26066017 26068002 26071002 26073017 26074004 26074013 26077002 26079008 26080003 26082005 26085008 26144005 26146004 26147006 26148002 26158016 26244008 26246002 26247009 26522014 26523012 26929004 26937025 26945044 26998007 27000009 27005027 27008008 27024005 27024030 27025008 27026022 27029013 27030004 27036010 27037021 27042005 27044011 27046005 27191025 27192005 27194005 27195031 27201009 27202015 27297019 27340008 27350015 27363018 27368018 27376016 27387008 27388006 27480006 27589016 27590006 27590024 29091006 30699044 30700003 30702014 30707005 31089003 31099016
Yohanesě|2|27324011 27583029
Yona|5|23690007 26087025 26914015 26915012 26916011
Yonam|1|25056012
Yope|13|27253002 27255001 27255014 27259009 27260010 27265005 27268015 27269008 27283029 27292004 27305012 27313007 27321023
Yoram|1|23151025
Yordan|15|23198015 23199016 23206012 23225013 23235029 23764021 24221029 24225023 24297012 24590020 25029013 25065016 26073013 26147021 26522010
Yorim|1|25055009
Yosafat|1|23151024
Yosekh|1|25052012
Yoses|3|24411016 24867032 24874011
Yosia|1|23151032
Yosua|2|27162019 30023004
Yotam|1|23151027
Yudas|52|23422010 23595029 24069013 24071005 24080003 24102007 24104007 24133003 24135002 24308002 24411018 24765003 24766015 24766019 24798008 24800003 24801006 25163002 25163007 25868007 25869004 25871002 25912014 25912023 25913007 26329009 26329017 26585003 26587002 26633020 26657033 26658003 26659018 26660008 26660025 26661003 26662003 26691002 26691005 26788002 26789003 26791017 26937047 26940030 26948045 27097010 27228012 27465036 27470006 27475002 27476003 30674028
Yudasě|3|26941002 26942002 26948017
Yudea|52|23171009 23175010 23192020 23194012 23198007 23235022 23764016 23974008 24221005 24296022 24590013 24732028 24899009 24933012 24959013 24978013 25027015 25108013 25125033 25164038 25213012 25848007 25941016 25986013 26143011 26160016 26204013 26211017 26330017 26332020 26531016 26578018 26932027 26959011 27178033 27248005 27297011 27309008 27337020 27357033 27444005 27675016 27844054 27921017 28335013 28817030 28937022 28958019 28970014 29080008 29585016 29585037
Yulia|1|28352005
Yulius|2|27857022 27859012
Yunani|19|26364043 26364048 26601014 26846028 27103015 27103023 27246011 27253019 27371022 27485036 27487038 27528015 27536014 27562019 27629029 27702024 28386011 29085008 30852027
Yunias|1|28344007
Yunus|9|23529037 23530002 23531030 23531046 23677031 25435045 25436003 25438028 25438044
Yustus|3|26947020 27565038 29554009
Yusup|55|23157028 23163016 23163032 23164002 23165005 23165026 23169003 23170028 23183013 23184002 23189008 23189020 23191002 23192004 23192023 23595024 24186014 24189003 24869007 24869044 24872011 24873003 24921022 24978002 24978021 24979002 24990011 24996005 25001016 25013003 25049025 25050015 25056009 25086021 25986005 25988002 25991013 26090041 26162024 26300012 26864004 26864021 26865019 26947010 27059004 27059021 27126009 27130010 27130023 27130038 27131004 27135012 30194015 30195005 30819002
Yusupě|1|24187012
Zadok|1|23157022
Zaitun|12|23828010 23961008 24085016 24642016 24721008 24781016 25761009 25769013 25864017 25904010 26383008 26936012
Zakharia|19|23954028 24899016 24902011 24903010 24905011 24906003 24907008 24912011 24915008 24917013 24934007 24953024 24956008 24957002 24958006 24961002 24974003 25028023 25457009
Zakheus|4|25734012 25737013 25738002 25740006
Zebedeus|10|23231019 23420027 23813005 24092011 24186021 24235021 24306009 24624008 25118015 26901020
Zebulon|3|23223015 23225002 30819001
Zenas|1|29937005
Zerah|1|23147014
Zerubabel|2|23157018 25053009
Zeus|2|27427009 27428003
a|33|23365021 23468002 23740016 23766026 23814005 24125018 24152008 24354013 24430033 24537013 25227016 25482022 25482025 25489010 25489013 25544036 25925006 26129018 26129023 26357027 26364018 26396034 26396037 26415020 26616036 26667006 26824007 26835028 26962013 27542022 28099029 28749004 30091026
abe|97|23165029 23182013 23277014 23296002 23323019 23423020 23437011 23449004 23625017 23708011 23769020 23927004 23929002 23964013 23975008 23976005 23981023 23984035 24260003 24372024 24375012 24527010 24725011 24729011 24733006 24733009 24734005 24736007 24739023 25106041 25182003 25182025 25274028 25384004 25410017 25448048 25467010 25471018 25489002 25492007 25533034 25562009 25566019 25683011 25683026 25848029 25891004 25938024 26100005 26112022 26239003 26640009 26670004 26696025 27098011 27275018 27567018 28081012 28231017 28260021 28280015 28280030 28284008 28302002 28464014 28500044 28509011 28515008 28567016 28576004 28578005 29005002 29150013 29164022 29176010 29323002 29390008 29396005 29693019 29806013 29806016 29818004 29818011 29842021 30046019 30216020 30216026 30218002 30218024 30274021 30280008 30334014 30428004 30439021 30593007 30875002 30998020
abeko|1|28263007
abekowe|1|28284017
abul᷊i|4|29292013 29523014 29609007 29927020
abul᷊in|3|27957013 30511005 30997022
abul᷊ing|8|30335015 30411028 30503015 30514056 30519010 30526017 30677031 30935027
adat'i|1|24935005
adat'u|1|24938006
adate|6|24486011 28280025 28932033 29343017 29719023 29962016
adateng|9|23292024 23864017 24712021 25564033 25793023 26607029 29790011 29999007 30792030
adatengu|1|29781013
adatě|19|24934014 27116023 27580012 27672025 27684004 27827008 27970018 27973013 29404050 29464016 29465014 29805033 30038040 30440015 30656027 30659013 30778010 30780015 30793042
adatẹ̌ku|1|29464002
adile|2|27997031 30516039
adilě|18|25636012 26241018 26785004 27996025 28018016 28055004 28104021 28170018 29314010 29879016 29901014 29921035 30423032 30550023 30552036 30951033 31020003 31029024
adimal᷊ạ|1|27413003
aduhangu|1|25622022
agama|101|23164010 23174011 23255015 23284008 23346011 23365004 23383003 23528006 23592010 23635006 23694031 23711010 23811021 23842007 23908007 23909012 23921003 23932006 23933006 23934006 23942006 23942034 23944005 23946005 23948005 24112017 24171009 24238022 24267005 24277002 24311003 24465008 24466015 24466023 24469009 24532028 24550011 24553023 24555008 24622022 24659007 24668023 24675016 24702005 24702018 24706003 24708006 24709012 24712011 24727016 24756020 24798033 24808020 24828019 24858009 25020022 25125017 25129003 25138009 25154004 25158004 25226007 25324024 25389006 25393003 25401002 25444015 25451005 25452010 25458006 25459010 25557007 25558003 25591006 25779015 25781026 25799003 25819004 25826006 25867006 25931012 25946007 26122004 26229027 26385005 26814032 27028014 27094015 27114016 27744012 28277026 29431020 29511020 29704006 29705007 29795004 29933014 29997033 30119019 30120013 30120048
agaman|9|25931022 27976016 28019023 28020023 28121012 29071013 29072005 29427026 29428018
agamane|2|27288019 29706030
agamang|38|23766015 23890013 24285019 24286059 24293009 24591018 24688054 25149014 25151033 25156011 25557017 25802012 26961013 27107057 27232034 27309016 27325014 27328030 27406024 27764026 27776030 27816010 27829036 29245002 29748009 29792024 29894042 29903014 30046025 30070004 30076010 30077010 30084002 30093002 30097026 30128005 30135002 30142039
agamanu|2|23934028 23934034
aghaghaheng|1|27522002
aghid'i|1|28906028
aghide|2|27703024 30798029
aghidu|3|28279028 28976008 28976014
aghidě|8|25009021 25428020 26789035 28976002 28976020 29354013 29355014 29630044
agise|3|26495017 29716018 30057010
ahakeng|2|26498020 29494034
ahakenge|1|26740018
ahakengu|1|28638036
aheratě|1|23522035
ahi|1|30120005
ahing|1|30119008
ahus'i|3|27138013 30647008 30650010
ahus'u|2|23865005 30197012
ahuse|3|23875017 24680017 24680024
ahusě|9|23166006 23168010 23170008 23170021 23864006 24907022 24951009 24981004 24981006
ahusẹ̌ku|2|24680032 25793016
ahạ|4|23829025 24726027 27669024 28440023
ahạko|1|29765009
ahạu|1|28505005
akal᷊e|1|29867012
akal᷊engu|1|29665008
akal᷊i|1|28005007
akal᷊u|2|29271003 29349016
akal᷊ě|2|23789015 27325037
akal᷊ẹ̌ku|1|25478017
ake|97|23204005 23209008 23460014 23623018 23624010 23626020 23627014 23716033 24154022 24224008 24226007 24325029 24361020 24456033 24457011 24561017 24768020 25042018 25195020 25240028 25645014 25875016 25883011 26071008 26076013 26078016 26102006 26103009 26104010 26104021 26105005 26105026 26126013 26144021 26164020 26167033 26168021 26169016 26170005 26171006 26171018 26172007 26172020 26203015 26214024 26215013 26215021 26218014 26277019 26367020 26636006 26856006 26860020 26906037 26929008 27213011 27213018 27215018 27216007 27307025 27324016 28572014 29331015 29787004 30052005 30125031 30156031 30331004 30331006 30331009 30332019 30332024 30518008 30528024 30529003 30529008 30631010 30631023 30631028 30632008 30713010 30828024 30828033 30838027 30839011 30839020 30879034 30907005 30908016 30929009 30934034 30935024 30959015 30960005 31060035 31082009 31098039
akene|1|30959019
akorě|1|28695037
alang|2|28136002 28137002
alange|1|28138005
alasange|2|28902020 29308024
al᷊akeng|6|23395033 23870013 24038027 24281008 25143008 29031010
al᷊amat'E|1|25492017
al᷊amat'u|12|27110005 28222031 28252008 28252035 28253005 28253019 28254005 28254018 28254041 28254051 29258017 29753003
al᷊amate|3|27056019 28201028 28249006
al᷊amateng|2|25568005 30292035
al᷊amatengu|1|30052027
al᷊amatu|2|29238030 30673017
al᷊amatě|55|23551011 24335011 24936013 27659041 27936007 27938026 27942012 28134021 28171010 28171015 28252013 28252029 28331041 28331059 28333009 28365072 28371006 28446023 28564017 28663039 28803017 28816019 28965007 29059034 29117006 29124023 29209027 29225034 29259005 29259016 29364013 29467046 29534006 29562032 29652011 29698038 29811028 29897032 29942016 29945019 30054033 30121023 30163043 30193007 30230010 30376033 30379007 30379016 30434014 30434031 30482006 30484008 30484024 30649006 30702019
al᷊ingang|1|30240014
al᷊ingkai|28|23745030 23745034 24340009 24342008 24344009 24350011 26020016 27187030 28350011 28353006 28421009 28441034 28451017 28458024 28561031 28845010 29030019 29109029 29337011 29343025 29345014 30202012 30360013 30532013 30711010 30786027 30795027 31024005
al᷊ungkue|1|23355013
al᷊ungu|27|23355021 24492008 25204011 25553037 25943009 26093032 26095018 28083014 28084017 28084025 28357014 28611024 28747008 28995007 29113011 29125012 29137010 29153009 29229007 29402016 29986025 30472007 30644019 30679033 30783013 30793011 30803013
al᷊usě|4|24189009 24873006 25989018 28447012
al᷊ạ|2|23807002 30870018
al᷊ạko|4|23190016 24037003 25612003 25628029
amang|46|23231026 23232009 23382034 23638017 23782003 23792016 24848031 24911023 24967005 24970003 25017018 25023007 25023016 25417006 25473025 25513002 25616009 26420019 26423007 26423022 26426005 26426014 26435033 26463005 26799010 27121015 27131008 27137026 27487031 27908005 28034048 28035006 28035016 28039061 28040015 28449008 28449037 29342008 29582014 29949026 30220014 30220024 30222007 30564009 30565020 30626026
amange|34|23192016 23439020 23439031 23453008 23455004 23768018 23858011 24474019 24476012 24560022 24596011 24618024 24730024 24953027 25007003 25344033 25513013 25580014 25601020 25609008 25609018 25611003 25617015 25620004 26443031 26444018 27485032 28166013 29133033 29336015 29539005 29706036 30068015 30230013
amangi|1|24236014
amangku|7|23367014 23639018 24475017 25361023 25606013 25607008 25648019
amangu|16|23638008 24405023 24474010 24560006 24608023 24961004 25022025 25297024 25709021 26210004 26438002 26461005 26464008 29340003 29538015 29765019
ambangeko|1|23628021
ambangeng|1|25200024
ambinge|1|29576022
ambunge|1|25031004
amethist|1|31074035
ampung|15|23295009 23433010 23763028 24220036 25572010 25573021 25656022 27523005 28832008 28835005 28835018 29214016 29305017 29531011 29857011
ampungang|10|23482013 23484012 25376010 25378006 25470013 26988022 27303019 28835031 30553010 30553016
ampunge|7|25655019 25656024 25970006 26891013 26891029 29036032 30162013
ampungeko|1|24666016
ampungu|2|25563015 26891019
andene|6|26671022 28185008 28652002 28685002 28733003 29774012
anen|1|29116008
aneěngu|1|30053017
ange|1|28033002
angere|14|23961027 23994004 24000010 24046006 24047002 24053009 24750007 24750010 24751014 24753013 25672010 25834008 30386009 30750046
anggang|5|27960010 29523018 29523020 30504002 30515038
anggange|2|28099027 29308013
anggor'u|2|30935026 30974032
anggoru|8|28628012 30937005 30937008 30946025 30974036 30978013 30997007 31033035
anggorě|83|23333015 23397005 23397023 23478011 23794015 23794026 23795020 23801004 23806003 23855035 23856017 23860016 23860028 23860039 23861007 23867008 23868015 24082007 24084007 24084014 24164009 24164018 24178013 24283005 24283012 24675029 24675043 24675055 24676006 24778007 24778027 24780009 24780016 24850006 24850017 24863014 24909016 25145006 25145014 25145024 25147007 25147013 25191018 25229012 25398013 25525019 25789016 25790006 25882010 25883013 25885009 25972011 26099002 26099015 26105010 26105019 26106011 26106021 26106030 26203017 26701009 26705005 26855008 26855016 26856008 28302008 28548017 28584006 28626008 28627009 28629016 28630009 29323005 29787008 30332013 30800051 30945040 30946014 30947003 30947012 30974029 31007011 31033030
anggorẹ̌ku|2|23797013 23800022
anggotang|1|25986036
anging|34|23342011 23344007 23370004 23372025 23373014 23467031 23628009 24365018 25220031 25270026 25271037 25515006 26276010 26952010 27860011 27860027 27863027 27863071 27870008 27870011 27871023 27873040 27896031 29287015 29971018 30273023 30324013 30518014 30685039 30807014 30812012 30812017 30812025 31067008
anginge|8|23622019 23630010 24363006 24363016 24459011 27874002 27876017 27913015
angingu|1|27869004
angkeěng|7|23639014 25235024 26822018 27877038 28668036 30097011 30132002
angkeěnge|1|23481026
angkuěng|149|23167012 23175004 23371015 23377009 23382030 23383010 23392008 23407017 23408031 23462024 23529009 23688012 23727003 23779013 23788017 23815008 23815025 23848002 23855010 23860006 23870003 23894002 23897003 23916003 23920012 23961033 24018003 24049007 24060002 24063018 24125019 24127013 24151021 24152015 24152023 24153005 24159039 24195008 24206003 24214008 24220040 24253011 24279025 24285010 24400020 24470020 24506010 24520019 24560020 24593013 24624017 24625009 24627009 24628002 24631011 24640009 24690023 24693003 24722007 24757011 24784002 24789006 24824016 24841008 24845012 24928005 25200027 25224002 25227006 25239012 25239018 25268019 25284022 25305007 25322011 25352005 25381014 25392004 25401021 25414003 25435015 25501013 25566002 25610002 25620002 25648004 25703002 25718002 25726006 25741002 25762006 25805003 25899003 25900028 25901003 25903013 25932005 25979002 26011005 26021012 26066008 26066015 26079006 26094003 26114010 26125010 26130004 26188012 26310019 26393006 26415007 26793019 26935006 27187034 27214027 27222007 27234017 27323008 27353005 27388010 27450014 27460025 27462003 27527045 27589011 27607024 27620018 27637021 27679021 27702026 27708006 27732020 27753012 27784024 27853004 27880006 27904021 27917024 28265028 28292008 28917017 28973017 30005013 30343011 30945030 31059026 31060005 31088004 31093003
angkuěng'E|16|23467018 23564010 23569002 23571010 23708010 24094017 24097007 24384007 25122013 25220018 25366008 25778005 25837007 25856010 25907002 25938030
angkuěng'u|1|24691004
angkuěngbeng|1|25322002
angkuěnge|15|23195005 23875001 23909003 24029015 24622002 24791005 24799014 24823017 25147020 25630007 25745023 25976009 26066026 27009007 27713020
angkuěngkewen|2|24522008 25236018
angkuěngkeweng|1|27589017
angkuěngu|57|23350002 23352002 23354005 23372006 23378002 23470015 23556007 23692027 23727008 23781006 23783007 23814006 23837017 23838011 23856003 23857017 23858013 23864020 24030002 24032002 24089002 24141021 24179002 24218015 24241002 24445035 24492002 24540002 24555010 24562007 24570017 24594013 24609003 24641002 24643008 24723003 24785003 24817006 24829016 25070013 25223014 25276013 25405003 25692023 25749002 25903002 26084004 26170011 26183007 26206002 26416005 26458023 26533008 26549011 27068024 27459007 29172007
antagu|1|30993012
antang|1|29793024
anu|18|23412008 23413009 23422013 24073009 24116006 24193010 24268003 24383009 24824018 25189012 25239006 25584007 26812009 27141019 27144003 27260015 27636020 30943003
anu-Ku|17|23488003 25194012 25580006 25705019 26251008 26293017 26295012 26295021 26302006 26302018 26303030 26323020 26491009 26613021 26621026 26693017 30744033
anuku|18|23207027 23555038 23777014 24603020 24791020 24937013 25620011 25950011 26366027 27319015 27879023 27927041 28730012 28788020 29880004 29936014 30977014 31063022
anum|31|23362015 23394011 23725017 23861016 24095007 24100009 24256009 24264015 24336030 24463017 24489020 24523015 24559007 24602009 24606013 24618036 24648003 24676013 24680026 24688005 24727014 24728003 24765015 24795008 25807008 25910009 25947023 26058012 26123007 26204019 28469009
anun|150|23272012 23395035 23424005 23512004 23567006 23609023 23674028 23715010 23759018 23864011 24240033 24248020 24297027 24465013 24512009 24512032 24639013 24721028 24796008 24921005 25077016 25090020 25143010 25215005 25216008 25422030 25556004 25651022 25704009 25790012 26041028 26087007 26147005 26304017 26327017 26362025 26364033 26379017 26384014 26424026 26429005 26429019 26454026 26457019 26474006 26487012 26523005 26539024 26570008 26599008 26634025 26634034 26726009 26732008 26737013 26755024 26757033 26768029 26771006 26773007 26810013 26815008 26816018 26859006 26865009 26884011 26885024 26988037 27008027 27016016 27023014 27024027 27046011 27062015 27099007 27119041 27147014 27155040 27161009 27181011 27238038 27244012 27255034 27260012 27292016 27401014 27429024 27430043 27470010 27563020 27564054 27598014 27598030 27648025 27726021 27731008 27732007 27753031 27759013 27765022 27822039 27841026 27879008 27909015 27928017 28054029 28204028 28235062 28246012 28407015 28441019 28474009 28613023 28624011 28820034 29064032 29074028 29075007 29494036 29570033 29672030 29724008 29843033 29859012 29861018 29914023 30008028 30085009 30090014 30179018 30182036 30215007 30274027 30280016 30301013 30396003 30404006 30405034 30432036 30434016 30434033 30443035 30458022 30503032 30606036 30759040 30821015 30871007 30897032 31056016
anun'E|17|23234016 23236022 23382009 23664005 24261045 24334013 24496012 24567013 25202023 25265011 25320015 25729012 26147040 26263017 26829006 26989032 30255010
anun'U|4|23626017 25004011 25006011 26765006
anune|12|23743011 25341030 26074010 26144026 26692020 27229018 27244007 28023020 28476007 29428002 29666027 29791021
anung|111|23182016 23198018 23200009 23332010 23412015 23462021 23627019 23633031 23635012 23674010 23776007 23779009 23813011 23841011 23889009 23896013 24188005 24260010 24433008 24729050 24910009 25033006 25038008 25104011 25200007 25218008 25250005 25281013 25301008 25550011 25606012 25607007 25609007 25767011 25800013 25912026 25943017 25951016 26041008 26064013 26104015 26104024 26187012 26244007 26275023 26326011 26632021 26675020 26681033 26687015 26697018 26697033 26734027 26734042 26744052 26830019 26885018 26885039 27017024 27218017 27219007 27467014 27468022 27551031 27676004 27749005 27752017 27753008 27818036 27823014 28159021 28333005 28336009 28394016 28452017 28453014 28467047 28715006 28715016 28897008 28898010 28960014 28961018 28962011 28994012 29388008 29411015 29415019 29417024 29420013 29533034 29551005 29553034 29555003 29570018 29573010 29593029 29961033 30178015 30261030 30345018 30481043 30553002 30567025 30665010 30699043 30734018 30750035 30904024 30969017 31097010
anunu|5|23832008 25656016 27017006 28396010 28685006
anạ|693|23147007 23151036 23165036 23192010 23231017 23280006 23320010 23321005 23322019 23328015 23420025 23421017 23439008 23439024 23453009 23453014 23515039 23536014 23537014 23538012 23539020 23540011 23540015 23595003 23595018 23604008 23690005 23743002 23743040 23749012 23763031 23792007 23792019 23832023 23843031 23857018 23858004 23877025 23897021 23898023 23927020 23954029 24049019 24092009 24155011 24186019 24206012 24235019 24275016 24306007 24306019 24307008 24310010 24320007 24321020 24322012 24323021 24324011 24324016 24384014 24411008 24412019 24425023 24426023 24430004 24494010 24618013 24619020 24619024 24624006 24635037 24643023 24645009 24646019 24693033 24730004 24901002 24911026 24930005 24952004 24955005 24997011 24998013 25010014 25012017 25018024 25027024 25028021 25049023 25049026 25050001 25050004 25050007 25050010 25050013 25051001 25051004 25051007 25051010 25051013 25052001 25052004 25052007 25052010 25052013 25053001 25053004 25053007 25053010 25053013 25054001 25054004 25054007 25054010 25054013 25055001 25055004 25055007 25055010 25055013 25056001 25056004 25056007 25056010 25056013 25057001 25057004 25057007 25057010 25057013 25058001 25058004 25058007 25058010 25058013 25059001 25059004 25059007 25059010 25059013 25059016 25060001 25060004 25060007 25060010 25060013 25061001 25061004 25061007 25061010 25061013 25062001 25062004 25062007 25062010 25062013 25063001 25063004 25063007 25063010 25063013 25064001 25064004 25064007 25064010 25086019 25104014 25118013 25162006 25163003 25182040 25188009 25189007 25189052 25208023 25208025 25267025 25288005 25298009 25300007 25417012 25423034 25513008 25513018 25513032 25513036 25559014 25566027 25580019 25601024 25602008 25610004 25610020 25612004 25614002 25616015 25616020 25619023 25649003 25655006 25705031 25706015 25718018 25762020 25765005 25767006 25794006 25811006 25816013 25843008 25897027 25964020 26057018 26085018 26086009 26087023 26090039 26108012 26162021 26169023 26204035 26210027 26266012 26300010 26329010 26332003 26334003 26338008 26339003 26417011 26418006 26461013 26574008 26576016 26617019 26633021 26657034 26748018 26812005 26852020 26885026 26901018 26904008 26914013 26915010 26916009 26937039 26937048 26938024 26940002 26964031 26967017 26972002 26972027 26979002 26987024 27013002 27013047 27014002 27016004 27022011 27095013 27119005 27120007 27121032 27122060 27125019 27125041 27125052 27129016 27130015 27130034 27131018 27138022 27146030 27158010 27209017 27262009 27283024 27284017 27296002 27320019 27337014 27355038 27373006 27378026 27379014 27384015 27385031 27389002 27401004 27450016 27456010 27466017 27466043 27470012 27475013 27479017 27483012 27488031 27499022 27501028 27538004 27539008 27546033 27585026 27600007 27611022 27631003 27634014 27645016 27652007 27652036 27670027 27672016 27677009 27681005 27682010 27686041 27706006 27708050 27718015 27733024 27734031 27736013 27740009 27741036 27750005 27751002 27762037 27832004 27866002 27877022 27881004 27915002 27917026 27921020 27928007 27932003 27938010 27938031 27939018 27939028 27940006 27944002 27946014 27964004 27966005 27980009 28093002 28096008 28129004 28132032 28133017 28134008 28136008 28138021 28146029 28159003 28163007 28164009 28165021 28166008 28167002 28167032 28182019 28190002 28212015 28223008 28227031 28235002 28238024 28247002 28256003 28259012 28265002 28282014 28291003 28291009 28294020 28296013 28302013 28311005 28318002 28330014 28331018 28348014 28351011 28353007 28353020 28354002 28357020 28359014 28360033 28365002 28365053 28374002 28375003 28390002 28394007 28396002 28440002 28441006 28451023 28469021 28473007 28476030 28483002 28502047 28502054 28517007 28540009 28541009 28541028 28569002 28582005 28614003 28634004 28636007 28699002 28705003 28710010 28718006 28720005 28722006 28750002 28750019 28769005 28777004 28788032 28789002 28789022 28797003 28802002 28802029 28808012 28809002 28830019 28838010 28838026 28910002 28918002 28934002 28942028 28951011 28952004 28955004 28955013 28959030 28960009 28999026 29016042 29041012 29055003 29059002 29059014 29064005 29069002 29077011 29086021 29094008 29094027 29095002 29104002 29118002 29129021 29137019 29138006 29139010 29139016 29144002 29153002 29154007 29154013 29154022 29155011 29156026 29159031 29160002 29160010 29161004 29161010 29162018 29162022 29162031 29163003 29163012 29163022 29174005 29190002 29199020 29207009 29241002 29298004 29306006 29342002 29342013 29343002 29347002 29359003 29363002 29363021 29404004 29407012 29414024 29417003 29418007 29421009 29423003 29435003 29439002 29444004 29451003 29458002 29464019 29467002 29467031 29484021 29501002 29530026 29539008 29544002 29552010 29553014 29558007 29562002 29565005 29572002 29578018 29582016 29585002 29588004 29593005 29598006 29605003 29610010 29614020 29617002 29623002 29626003 29634002 29636007 29647008 29648005 29649018 29651002 29653002 29675002 29677004 29680003 29685002 29685025 29694015 29732007 29736009 29747019 29754009 29765024 29772007 29778014 29780011 29780042 29810030 29892024 29899012 29899021 29904013 29913013 29939002 29940024 29947005 29955049 29961023 29989037 29990013 29991024 29992005 29995012 29997002 30008002 30054003 30055032 30070024 30104013 30125021 30153003 30166006 30190034 30194013 30220020 30221017 30221021 30231002 30236009 30243011 30265006 30266020 30267008 30268002 30269002 30283007 30286007 30295002 30299005 30308002 30309005 30315025 30321002 30332002 30349002 30349019 30351002 30356002 30362005 30365002 30374002 30376002 30411002 30417007 30418002 30431022 30433015 30459002 30471012 30475015 30478020 30480009 30480022 30481002 30490004 30499048 30502020 30516022 30524002 30531003 30537004 30538016 30540005 30558002 30560014 30561004 30562005 30563007 30564027 30565006 30565038 30580028 30581024 30582002 30587016 30588010 30590006 30590011 30590023 30590030 30592010 30593004 30595005 30596032 30597009 30597016 30599011 30601003 30605002 30610007 30611002 30611027 30615002 30624013 30624028 30625020 30626018 30626030 30627013 30629003 30643012 30659002 30660002 30662009 30669059 30670002 30674002 30676002 30690005 30693005 30702002 30707006 30805028 30902050 30903002 30920016 31028036 31090028
anạ'E|10|23244017 27552037 28140044 28160014 29139031 29212021 30218015 30219018 30285010 30581015
anạ'i|1|30201024
anạ'u|1|30582013
anạ-Ku|3|26664002 28917015 31061023
anạben|3|26421017 26423017 28131012
anạe|32|23188014 23326008 23327006 23439022 23455020 23455023 23662021 23753015 23813009 23829020 23834007 23855018 23855026 23857008 23897019 23898018 23899007 23956031 24489005 24566012 24618027 24693027 24735019 25513005 25513022 25553035 25600009 26203029 28134027 29744014 29768008 29774017
anạku|30|23716005 23814017 23864014 24388006 24556013 24613016 24970004 25340013 25340018 25613002 25646007 26206009 28448020 28451018 28912007 29151002 29698004 29715002 29811002 29897006 29949011 30479021 30552002 30569002 30579003 30587002 30598002 30608003 30646002 30663014
anạu|8|23453005 24493019 25296016 25343031 25419014 25608006 26207008 26460004
anụ|2|24080005 26379011
apa|385|23172009 23235002 23282014 23308016 23344015 23393003 23437013 23437025 23467028 23493009 23496002 23558002 23594031 23594041 23596011 23624015 23665007 23667012 23707012 23716019 23783012 23788013 23790018 23815004 23843010 23847012 23850036 23904007 23919016 23944027 23961041 24038020 24105007 24153002 24210020 24263012 24282002 24293013 24349016 24354020 24356017 24398006 24410033 24431016 24434009 24439002 24479003 24517025 24518005 24518024 24545009 24549017 24571005 24606032 24621041 24625002 24627006 24669005 24706030 24729016 24732019 24795031 24823014 24841004 24855005 24856004 24882019 24916011 24923015 24960015 25088007 25098009 25104021 25156017 25179012 25180017 25181013 25187002 25220028 25221005 25222007 25236010 25256037 25263002 25263009 25285005 25285023 25305004 25315027 25335049 25377012 25404018 25417003 25435017 25439002 25462002 25462009 25477010 25501002 25510012 25537017 25539015 25546014 25553020 25559024 25615014 25644009 25697014 25723021 25725013 25730002 25747012 25758018 25782010 25791024 25797011 25807020 25820011 25821007 25838018 25853008 25900026 25914009 25927009 25951023 25958012 25970015 25984009 26008008 26011003 26083020 26092020 26105017 26112017 26168017 26184036 26215031 26241005 26264005 26267013 26286008 26288006 26333002 26347026 26356014 26356022 26365003 26375008 26381022 26396020 26396024 26470024 26474013 26488011 26502017 26534010 26557028 26600016 26630020 26683003 26705036 26707020 26722025 26732022 26735016 26745017 26750017 26795006 26806037 26815013 26888018 26945041 26954025 27002013 27007023 27007028 27013009 27014034 27030024 27043009 27057010 27067012 27088023 27093010 27122059 27128016 27148017 27166013 27171013 27185009 27186015 27223016 27225013 27235006 27264017 27271008 27274013 27291005 27295024 27297006 27313018 27331020 27349009 27356016 27375006 27535015 27540013 27544026 27549007 27603014 27622015 27626027 27685026 27715011 27743018 27743027 27754019 27759020 27763008 27769016 27788020 27788027 27822008 27855016 27870016 27877002 27890030 27895018 27917033 27918022 27931026 27958026 27993004 27993010 27995013 27997024 28011034 28038016 28058019 28061023 28090005 28100020 28118005 28156003 28156010 28156015 28187024 28204003 28212019 28221008 28268009 28275005 28281006 28283010 28291007 28291017 28295014 28296004 28304010 28304029 28318009 28372022 28422018 28440031 28493024 28507013 28513017 28537025 28548014 28548025 28559004 28569010 28595030 28623030 28669030 28681020 28688027 28694007 28714007 28733029 28751010 28753007 28754013 28788023 28789011 28849021 28853004 28902021 28914009 28915002 28928006 28946004 28982026 29029031 29034033 29052007 29099034 29118033 29122005 29124002 29143010 29144029 29147004 29152023 29162002 29176020 29186010 29203007 29225016 29315003 29395004 29409011 29449003 29516006 29529022 29549016 29569045 29617013 29625012 29635009 29668006 29710037 29748006 29793008 29809012 29809017 29861005 29914017 29917019 29917022 29953007 30035002 30064016 30068009 30068023 30084009 30085013 30100003 30160024 30180012 30181038 30251050 30256007 30271019 30274012 30314006 30339003 30340014 30393006 30431035 30500015 30501019 30507021 30514026 30540037 30561017 30562025 30566008 30572027 30663002 30699006 30699014 30723006 30731005 30764016 30770044 30775009 30784005 30800006 30824027 30836010 30848017 30850005 30895004 30913028 30931025 30949004 31012022 31039029 31058015 31058025 31079016 31081014 31086015 31087033
apa-apa|68|23699022 23747015 23799037 23885028 23975011 24154011 24416012 24538007 24654030 24665012 24677019 24733016 25066021 25113018 25177004 25413033 25414023 26230013 26355014 26573016 26750010 26751009 26757019 26902038 26975027 27000018 27037006 27625007 27749029 27764007 28097036 28245007 28254020 28294015 28355035 28397019 28437006 28442009 28480026 28518026 28536032 28559034 28587016 28622018 28685036 28705027 28733017 28909028 29051046 29203031 29291025 29325007 29332022 29577030 29796003 29796012 29851009 29863006 29937019 30033020 30096026 30274025 30340028 30426040 30520020 30643032 30666012 30926008
apakakalạ|1|29807006
apakakoạ|3|23213021 23608005 25067014
apakal᷊ahẹkon|1|28957005
apakal᷊oahẹ̌ko|1|28912015
apakaraloko|2|25770020 30263042
apakarauko|2|24094020 25907005
apakarěmasě|1|25771019
apakasal᷊amat'i|1|29235035
apakasilakạ|1|28296039
apakasusi|1|29604011
apakasusiko|1|30777029
apakasěhụko|1|23293004
apakatei|1|28285042
apakaul᷊eko|1|23348021
apakawalako|1|29006022
apakawantugu|1|26765007
apakawantugẹ̌ko|1|26609002
apakaěng|1|25315008
apakiwal᷊on|1|25586021
apakạdal᷊uasě|1|29807012
apakạdarěnna|1|27578009
apakạděmasě|1|25728010
apakạděmmasě|1|23824015
apakạkalạ|1|30299017
apakạkoạ|2|23462019 27534013
apakạnawong|1|30519015
apakạpia|1|24523027
apakịbal᷊o|1|26655010
apal᷊iwụ|13|23592024 24468034 24657008 25683015 26995005 27680013 27875009 27910020 27985026 28842016 29848008 31005024 31006028
apal᷊iwụe|2|24770019 25877014
apal᷊iwụu|1|29351008
apam|88|23301020 23393023 23446005 23468014 23472015 23526010 23540002 23563011 23575021 23581009 23581016 23589016 23592008 23651006 23932033 23946032 24338006 24342010 24344012 24349020 24646003 24650003 24692019 24715015 24718022 24731016 24793021 25031005 25043021 25101008 25439020 25548003 25650022 25753016 27404006 28000015 28014025 28030003 28112004 28164015 28204023 28235056 28308002 28325008 28325021 28331033 28331045 28365034 28441029 28456025 28467005 28490017 28555009 28631007 28663029 28718015 28760017 28893009 28916006 29074017 29226014 29258028 29302031 29424005 29441032 29621005 29673016 29849014 29849031 29853008 29860010 29860014 29866005 29888024 29894028 29925022 30418016 30450013 30451005 30458002 30471003 30583003 30602020 30604003 30957029 30958025 31008011 31028058
apan|660|23167007 23169009 23172005 23183002 23186038 23190006 23224008 23234026 23234031 23236002 23247003 23274014 23279015 23282019 23287018 23295012 23308009 23315007 23317006 23323003 23328011 23328031 23338004 23345009 23356005 23356022 23362008 23362033 23363011 23379010 23392017 23424008 23426004 23481028 23488007 23492021 23497028 23517028 23554028 23559002 23559008 23559024 23570012 23578013 23578024 23579018 23588028 23589012 23590004 23594018 23605010 23631005 23634016 23641007 23652002 23658015 23661014 23662014 23665003 23672004 23735007 23739009 23742014 23746015 23774015 23793012 23802004 23805002 23816033 23848017 23870007 23876009 23878004 23881016 23882004 23894017 23894023 23992009 24017003 24145002 24169002 24207019 24211010 24216006 24219014 24238003 24248013 24250007 24254014 24261047 24277045 24278012 24278029 24278038 24300004 24323008 24334006 24339010 24340003 24382002 24384018 24407015 24422005 24438021 24444021 24452005 24464039 24467006 24479017 24482019 24487002 24501004 24509014 24610020 24620008 24656024 24658008 24662005 24686006 24706015 24717028 24740023 24881031 24988013 24994023 25007011 25012021 25021003 25029006 25039009 25123009 25149018 25150010 25164034 25168004 25172004 25172016 25174004 25174025 25175003 25175010 25180011 25182052 25182057 25192026 25193012 25194009 25225019 25231011 25248007 25258006 25260008 25262023 25264005 25302019 25308018 25317007 25354011 25365021 25387021 25410012 25419029 25447002 25452032 25454010 25460015 25464009 25475005 25481004 25490006 25533028 25536008 25568024 25571014 25578009 25587024 25591021 25626008 25633017 25635005 25636028 25646014 25656011 25684002 25703023 25715003 25720020 25721006 25728003 25756007 25758020 25759007 25774011 25798003 25801004 25801018 25831027 25842021 25848015 25848025 25902022 25983006 26000006 26001009 26001018 26003013 26004032 26017016 26019007 26069003 26101012 26118026 26118035 26129028 26137018 26142016 26153017 26181014 26186007 26196022 26198012 26257015 26298010 26330007 26363022 26365028 26368014 26369004 26413010 26420017 26449004 26481005 26490002 26517005 26517024 26523020 26546015 26555003 26557012 26566019 26568038 26631016 26632027 26646014 26660010 26681012 26682003 26695030 26700021 26702009 26714010 26716031 26720002 26724029 26725009 26740035 26740043 26741009 26742014 26762022 26767008 26780015 26789022 26790006 26795018 26807012 26807024 26822019 26850031 26854012 26857009 26857055 26877010 26923023 26928030 26928033 26940034 26953012 26967041 26987002 26989002 26989015 26991005 27015008 27019030 27025011 27029018 27050022 27071003 27071012 27080009 27092024 27097029 27103042 27118008 27180024 27181015 27183026 27184004 27202029 27219021 27224002 27249006 27304016 27309013 27312009 27327019 27328025 27337003 27368013 27390051 27394017 27401030 27411022 27417004 27417021 27430055 27434008 27435007 27437002 27437053 27438003 27443012 27460004 27465020 27473005 27484014 27521047 27529014 27585058 27599016 27650007 27656017 27657020 27661018 27662025 27683014 27687008 27709006 27710042 27720010 27741055 27765030 27770017 27775013 27779003 27804011 27834026 27846033 27899021 27909007 27932012 27936019 27940018 27945018 27952024 27959025 27966011 27978006 27990004 27996012 27997015 28011008 28011019 28018018 28031003 28034053 28037005 28037011 28039036 28039045 28040053 28044008 28065009 28065020 28081007 28111015 28125003 28146003 28147008 28164005 28179013 28189040 28193006 28194007 28201033 28202008 28209017 28209033 28215009 28227034 28227046 28227052 28228008 28232025 28234004 28238027 28250007 28255007 28260010 28261004 28261011 28267006 28292017 28301009 28305003 28320029 28322007 28322016 28327006 28330002 28331053 28335011 28342006 28354012 28354026 28355030 28409012 28437019 28463019 28478001 28484009 28490007 28496003 28498003 28513003 28516024 28523028 28538008 28539012 28556038 28581011 28659032 28660007 28663037 28669004 28676012 28681023 28684047 28688030 28692005 28692022 28704002 28705040 28706022 28707007 28708015 28716024 28721007 28737007 28742022 28771026 28796020 28823033 28825010 28834015 28835008 28835023 28864010 28878012 28878023 28913005 28928039 28943014 28978018 28983021 28983026 29016036 29018011 29024012 29026041 29042038 29059005 29059018 29075011 29084028 29107006 29113026 29117014 29125030 29135018 29139027 29141034 29153005 29166008 29173026 29175005 29184027 29187002 29190014 29195012 29202003 29205003 29208005 29221011 29228030 29228036 29258041 29262012 29267004 29279016 29289024 29311020 29316007 29343005 29347005 29382023 29388013 29435036 29446004 29448009 29450017 29452002 29461014 29478015 29481025 29486019 29489040 29502023 29512007 29513027 29514020 29517018 29519016 29520002 29520007 29524010 29533002 29544005 29548007 29552036 29554014 29584051 29614011 29616014 29617018 29619024 29619031 29620027 29634017 29634025 29643006 29656014 29666015 29674004 29685023 29701010 29704018 29707022 29711030 29712021 29721011 29751025 29752002 29758031 29764031 29774008 29774027 29774031 29781021 29795014 29819021 29835002 29842008 29850005 29850015 29865016 29867002 29870019 29898012 29903011 29917010 29939005 29973011 29978027 29992003 30071016 30073004 30125044 30161021 30174017 30238020 30318013 30407009 30413010 30418005 30420030 30441036 30443022 30445006 30446027 30453012 30464036 30467033 30469007 30481005 30514019 30515018 30520025 30526014 30532006 30533021 30533032 30536006 30536018 30539025 30539033 30570009 30578036 30592023 30592029 30602002 30602016 30605046 30608026 30629002 30635039 30640031 30641049 30643008 30661010 30667005 30669009 30669054 30678029 30680013 30686029 30699030 30705018 30707021 30725006 30727029 30735013 30744003 30752003 30761022 30762004 30768003 30769006 30803019 30805022 30861004 30866020 30878021 30891051 30895021 30904008 30924017 30928024 30949019 30949035 30981020 30981024 31003004 31043024 31052019 31052028 31054002 31075010 31093018
apang|576|23186030 23281008 23289025 23291009 23297006 23316009 23333007 23359014 23390018 23393027 23426007 23464009 23473013 23495013 23507005 23557012 23557027 23575004 23613031 23645010 23665011 23681006 23710020 23759007 23769015 23793006 23803006 23805004 23809009 23809016 23824003 23839014 23868020 23922012 23922026 23924002 24037011 24042002 24042013 24043014 24049009 24055013 24106005 24107015 24109009 24111008 24128007 24203037 24207010 24278020 24285026 24286011 24302012 24311004 24339029 24348008 24349013 24379014 24385012 24401003 24470011 24535009 24548021 24598003 24620018 24621022 24664031 24665022 24711024 24718027 24729038 24732026 24748011 24804026 24824014 24825011 24868025 24896012 24898009 24914025 24939006 24946010 24960003 24965013 24991013 25031017 25156007 25168016 25171006 25179007 25218012 25221011 25312012 25325009 25325024 25338024 25345021 25371008 25372017 25373003 25388010 25388023 25406011 25414043 25419011 25479011 25557012 25583015 25606009 25662027 25695006 25742007 25754027 25833006 25838002 25841013 25848004 25914005 25998012 26036024 26048009 26105024 26132005 26132015 26153004 26202032 26230021 26230027 26231010 26258008 26258020 26303020 26318004 26333007 26408025 26410050 26411021 26421031 26423004 26425007 26550004 26570014 26586022 26597024 26638011 26649019 26658023 26680024 26715013 26715025 26735021 26772056 26809008 26862007 26925012 26926031 26943003 26968021 26969005 26972008 26981006 26989023 26997028 27014011 27039015 27042009 27046020 27053009 27055016 27055027 27069020 27076014 27076017 27085013 27085017 27095021 27102002 27102010 27112007 27117003 27139002 27146007 27157029 27178021 27179003 27185002 27190020 27231016 27249015 27256021 27268006 27277014 27282047 27298040 27299010 27303013 27305003 27310010 27328014 27334031 27379024 27389011 27390003 27390035 27392008 27399014 27403013 27408024 27426008 27431011 27442016 27442037 27445039 27447031 27459022 27460015 27464011 27466026 27475016 27479020 27488014 27488034 27489009 27494038 27497039 27498033 27516018 27517026 27529011 27530028 27535011 27537029 27541014 27545010 27546009 27585014 27585029 27587025 27595063 27596016 27599009 27612012 27616010 27617007 27626003 27629015 27644011 27647015 27647031 27669009 27672019 27684013 27689032 27690005 27710007 27717024 27724023 27726023 27739002 27750017 27778004 27779014 27784036 27793028 27821008 27835014 27840026 27840033 27851010 27853022 27854011 27859024 27880028 27898010 27915007 27924004 27924010 27937012 27951027 27964022 27970010 27973004 27976022 27977018 27999009 28012014 28019019 28020018 28024016 28025004 28062032 28107015 28111005 28122011 28122027 28141009 28147024 28159006 28178003 28178021 28217009 28239015 28248024 28255012 28262022 28263012 28269013 28271047 28274004 28274036 28274043 28284011 28284021 28296041 28297005 28298008 28301022 28303002 28305007 28305015 28331021 28382022 28391007 28391022 28391029 28392005 28392021 28395019 28404036 28405019 28453025 28457021 28472017 28478005 28489005 28524032 28525020 28586006 28586016 28591011 28591032 28593005 28673011 28674057 28681034 28695048 28777030 28779004 28805032 28814012 28821013 28840034 28848026 28852004 28863015 28876024 28878007 28885015 28918025 28923014 28931018 28931029 28960017 28965015 28967019 28974027 28983003 28984019 28989016 28999018 29005029 29011015 29020015 29026035 29029038 29047008 29051033 29091007 29112012 29132019 29153021 29180034 29193026 29272017 29285005 29301021 29316016 29317003 29318002 29319003 29322006 29372007 29374008 29423023 29429007 29435028 29446034 29454016 29457011 29462018 29464005 29471012 29490020 29496023 29513009 29517007 29535003 29558020 29585005 29601021 29636019 29657005 29666021 29678047 29683021 29693006 29704013 29719007 29789003 29806003 29850030 29851006 29865031 29870002 29879043 29889009 29943002 29947018 29960016 29996015 30001016 30002035 30009023 30012019 30013023 30013026 30018004 30044020 30044023 30057025 30058018 30060011 30063024 30076029 30092011 30093009 30106018 30115026 30129009 30129016 30134032 30135026 30137006 30141014 30143016 30144006 30145006 30148011 30167019 30168013 30176016 30176021 30179036 30204015 30206013 30206022 30212018 30214020 30219005 30224027 30231021 30233018 30240018 30245002 30247011 30263013 30263022 30266006 30274015 30276003 30277004 30288006 30289005 30299032 30310024 30321018 30336002 30341023 30344038 30346029 30351005 30355006 30356005 30375005 30387010 30387025 30390007 30393024 30414016 30440032 30445031 30450010 30457019 30481035 30519021 30550021 30569028 30577011 30605011 30639020 30676054 30680017 30681003 30690010 30691021 30700006 30709006 30717004 30720005 30720038 30723018 30729006 30729015 30732024 30735006 30737006 30740016 30743012 30744010 30747006 30748032 30749008 30749024 30750004 30750013 30753006 30755005 30758007 30760006 30816002 30825022 30845020 30875018 30878032 30891002 30891038 30902047 30909023 30917007 30917015 30923004 30931005 30936011 30938025 30949029 30957021 30984033 30992021 30993035 31000021 31013034 31014027 31017027 31027011 31028041 31038031 31038040 31043010 31044012 31045005 31051005 31052009 31067006 31090036 31093021 31096008
apangkewe|2|27734007 27917011
apangkeweng|1|27284027
apangumbala|1|29806023
apangunon|1|25645011
aparal᷊eng|3|23613025 24444008 26794028
aparal᷊engko|1|23626013
aparěnta|3|24603018 25705017 27521051
aparẹ̌sungke|1|27802007
apasingkingu|1|28590004
apasuě|1|30150027
apasěnnang|1|23251005
apasẹ̌bang|1|30669069
apatol᷊e|4|27900007 28568036 28839012 31092025
apatuwo|1|23570002
apawe|10|23786012 28301016 28595035 28668039 29088004 29756005 29832005 29895031 30063009 30135022
apawu|1|28685016
apawue|4|27926028 28384002 28455004 30420003
apeng|19|23542023 24274006 25109007 25110010 25111021 25119010 26903011 27266018 27292027 27538014 27670042 27860019 27882008 27896039 27899028 28183017 30185033 30910007 31047036
apeng'u|1|27864010
apenge|1|27895027
apengu|5|23228006 24232006 24325006 24461011 27869035
apid'u|33|23349008 23378025 23409007 23560013 23561023 23563015 23829014 23847019 24025010 24081027 24108016 24214006 24228006 24236003 24247014 24257012 24259007 24273005 24341027 24385003 24431009 24490001 24511007 24533019 24578022 24605015 24678021 24777026 25514020 25544020 25768005 25971013 25997009
apidewe|4|24340014 26874009 27793012 29586012
apidu|46|24300013 24563005 25094010 25105011 25120035 25121008 25196026 25217013 25252011 25399015 25732015 25973001 26032005 26043005 26792019 26887039 27005029 27065012 27144013 27147031 27184011 27256029 27334022 27429021 27492007 27493022 27495009 27513013 27517030 27523020 27524018 27718012 27749015 27814017 29080012 29449027 29545004 29789008 30093024 30195019 30291011 30771003 30892030 30912021 30973012 31015020
apidě|2|23184008 24255017
apidẹ̌ko|1|29884007
apěbẹ̌bawa|1|27765033
apěbẹ̌bera|1|27780008
apěbẹ̌bua|1|26716018
apědẹ̌daral᷊eng|1|26716016
apědẹ̌deạ|1|27357006
apěgẹ̌gěllịu|1|23770015
apěhumbang|1|27900009
apěkẹ̌koạ|2|23254039 23677014
apěluhem|1|30876009
apělěbingken|1|23368015
apělěsọ|2|24838013 27521055
apělẹ̌bing|1|25362007
apělẹ̌hengke|2|26222013 26223010
apělẹ̌sọu|1|24835012
apěmẹ̌meru|1|27738044
apěmẹ̌měllọ|1|27686025
apěmẹ̌měllọu|1|27011020
apěnantạ|1|25645016
apěnarimạ|1|23775047
apěnasako|1|25649010
apěngekeng|1|24971001
apěngensọ|1|23657017
apěngẹ̌ngal᷊ạ|1|27796023
apěnokol᷊'u|1|23419018
apěnẹ̌nahaning|1|26078015
apěnẹ̌name|1|26361033
apěnẹ̌newa|1|28997016
apětẹ̌tampung|1|23174014
apětẹ̌tobatě|1|24420020
apětẹ̌těghangu|1|23685022
apětẹ̌těngon|1|27081058
apẹ̌bangung|1|26548018
apẹ̌bawa|2|27624020 27800012
apẹ̌biahě|1|31092040
apẹ̌biahẹ̌be|1|28503046
apẹ̌bua|1|27758040
apẹ̌bẹ̌bawa|1|25729007
apẹ̌bẹ̌bera|1|27113010
apẹ̌darol᷊osě|1|28706016
apẹ̌děndarisị|1|30923025
apẹ̌děndiahi|2|24218028 24298011
apẹ̌děnděmme|1|27136027
apẹ̌dẹ̌deạ|1|27277017
apẹ̌kamonaěng|1|25316021
apẹ̌koạ|2|23254017 27365028
apẹ̌kẹ̌koạ|4|25422018 27505006 29807004 30878007
apẹ̌kẹ̌koạko|1|23674021
apẹ̌lẹ̌habar'u|1|25304011
apẹ̌ngal᷊ạ|1|24435009
apẹ̌nondo|1|25111015
apẹ̌něntang|1|25106042
apẹ̌sẹ̌sahidin|1|26248010
apẹ̌sẹ̌sumbala|1|25115018
apẹ̌těngkal᷊amuhụ|1|31092013
apẹ̌těngon|2|24727029 27755019
apẹ̌tẹ̌tangkuang|1|24752018
apẹ̌tẹ̌tihọ|1|23685014
apẹ̌tẹ̌tobatě|2|27648017 30739007
apẹ̌tẹ̌tuhụ|1|27539024
apẹ̌tẹ̌těghang|2|27690028 27690054
apẹ̌tẹ̌tělling|1|27690040
apẹ̌tẹ̌těngo|1|25747019
apạ|35|24432011 24722023 25036003 25618026 25834015 26608004 26972035 27083026 27084028 27168010 27213021 27239012 27391007 27514013 27586003 27649022 27698030 27699028 27824020 27866009 27889036 28084003 28105047 28243002 28705007 28748018 28984025 29145007 29475042 29655007 30069010 30215042 30484015 30950024 30950033
apạdal᷊eng|2|26223013 27320008
apạdal᷊enge|1|26222016
apạdangeng|1|25287027
apạdaringihě|1|27282046
apạděnta|4|25199028 27023012 27234039 27282034
apạe|28|23281014 23306020 23314007 23314014 23314020 23677002 23699002 24243015 24396010 24518037 24544012 24555002 24572024 25593014 25597014 25623009 26009006 26821025 27188014 28024003 28070003 28099004 28110006 28851007 28929045 28941026 29234002 31084011
apạen|2|24112002 24184006
apạewe|5|24589002 25563024 25588002 25850002 30685019
apạewem|1|23436030
apạewen|58|23233032 23552020 23692015 23692025 23849002 23876015 23883015 23939021 24184018 24276016 24314009 24381003 24483002 24691011 24691018 24729028 24763007 24994017 25013008 25104013 25165019 25267009 25282004 25458034 25463013 25491013 25620013 25662011 25805012 25805019 26016012 26742002 27065017 27347018 27455005 27802003 28104008 28131003 28217020 28304035 28437008 28595020 28624007 28703023 28970056 29072014 29084033 29088013 29130019 29210016 29356011 29461032 29789011 29809002 30418023 30567002 30717015 30835033
apạeweng|40|23445012 24959002 25035014 25399022 26041010 26967029 26994008 27003014 27051008 27053003 27057015 27103029 27153019 27455024 27489002 27506012 27526023 27532011 27541034 27618002 27714002 27790010 28134034 28853016 28957021 29813026 29822026 30000002 30033018 30056020 30098015 30115011 30119015 30237019 30263039 30683009 30717008 30909031 30915020 31066021
apạhunsuě|2|24377011 25577018
apạkaiang|2|24447009 25497022
apạkakoạ|3|26064011 27648023 30181018
apạkapiang|1|25199030
apạkaěng|2|30732043 30738034
apạl᷊iu|1|23364022
apạmalan|1|25278022
apạmal᷊awuhě|1|29982021
apạmatạ|1|30916009
apạmohe|1|24593009
apạmělli|1|26660009
apạnenggehě|1|24523023
apạngimang|1|27648029
apạngěmungke|1|29808004
apạnokol᷊'u|1|25342009
apạněbang|1|27081051
apạněllid'u|1|24496019
apạněpasu|1|27476021
apạsuě|1|27693044
apạsěbang|3|26485027 26598012 27560041
apạtaraị|1|27445027
apạtol᷊e|1|29854020
apạul᷊ị|1|30699046
apạul᷊ịu|1|25746019
ara|17|23333022 23846004 23848023 23990005 24654007 24654041 24655007 24661010 24746005 25191012 25526018 25856013 26093034 26095020 30332006 30332017 30807011
arakutẹu|1|25189019
aramanung|6|24753018 27099018 28449012 28484002 28756008 28783012
arane|1|25525015
arau|455|23216011 23248021 23253012 23270012 23271015 23272003 23308013 23308015 23314012 23314018 23331006 23385009 23427007 23428006 23428012 23428014 23429006 23432004 23432010 23437018 23455005 23455022 23463011 23509006 23509008 23515036 23527016 23561018 23597029 23687025 23716031 23725028 23726026 23726035 23736003 23736023 23736038 23744010 23744021 23748005 23792006 23792011 23792013 23792017 23792020 23852012 23890020 23936014 23938010 23978012 23981017 24046019 24048007 24053018 24053020 24053024 24053026 24053028 24147025 24270008 24293024 24293029 24341019 24345017 24416023 24416026 24444018 24464013 24518031 24547007 24561014 24618012 24618017 24618019 24618022 24618025 24618028 24671011 24688062 24688069 24739016 24750009 24753020 24753023 24753027 24774024 24892006 24909017 24998012 25073027 25131011 25156023 25156028 25215023 25216033 25262009 25305015 25305018 25305020 25305022 25368005 25368007 25439008 25448020 25471015 25471028 25474011 25484016 25498022 25501009 25512016 25534017 25557029 25559016 25559031 25566016 25566024 25566026 25582026 25589008 25634017 25659009 25669009 25673009 25675010 25700025 25718010 25718012 25718014 25718016 25784011 25802020 25842019 25843011 25843015 25861014 25892012 25900020 25901010 26031020 26070008 26070012 26083031 26111014 26184038 26193019 26236005 26248020 26277005 26346018 26377010 26443024 26444010 26466005 26660016 26686024 26820011 26897016 26957015 26968007 27009042 27030025 27041018 27042019 27057018 27057024 27074012 27075014 27102008 27189041 27211025 27274016 27288048 27463029 27463035 27505021 27550031 27553026 27553028 27572023 27596025 27598003 27623021 27648005 27660007 27686044 27690046 27709017 27744038 27764014 27782011 27782019 27782023 27785023 27803010 27805018 27805022 27821026 27846021 27847037 27853002 27855023 27876014 27900012 27906011 27917038 27921040 28033012 28085038 28152014 28152016 28152018 28152020 28152022 28152024 28155011 28155016 28155023 28155030 28156006 28156014 28167045 28172011 28196001 28280019 28280023 28280028 28285021 28289026 28302006 28302009 28377022 28388013 28390026 28390028 28396032 28401026 28404017 28406015 28423022 28433011 28438026 28455018 28462005 28465006 28465008 28465010 28466023 28466025 28466029 28466035 28475026 28499011 28503011 28503029 28507007 28522011 28533012 28587007 28599007 28600017 28605008 28606008 28607020 28617014 28648010 28648016 28656016 28663043 28663048 28663052 28664008 28664010 28665001 28665005 28665012 28667008 28685033 28685040 28685045 28702026 28703019 28706011 28708002 28716008 28730013 28756012 28771009 28783011 28818018 28830023 28843024 28862021 28887023 28888029 28964012 28984010 28991009 29010010 29010016 29016019 29024022 29025029 29026021 29045026 29059046 29066027 29088028 29105019 29108026 29118030 29141011 29146027 29169013 29193009 29204002 29249010 29272019 29304021 29308012 29309012 29310007 29310014 29332019 29346009 29372016 29382039 29389023 29395010 29406008 29434010 29452015 29455026 29486022 29511014 29511021 29511025 29526016 29526018 29526027 29529029 29534033 29535007 29574017 29576016 29577013 29610013 29627021 29632018 29664024 29664028 29666018 29706037 29706040 29725017 29726015 29726019 29726021 29729009 29735001 29768009 29783012 29790021 29805027 29813037 29848014 29848021 29900021 29907010 29918018 29924006 29926011 29936007 29955046 29957006 29980024 30013031 30014038 30047001 30047008 30047014 30047021 30068016 30068019 30068029 30091023 30096009 30104008 30118025 30140010 30162018 30210021 30211020 30229007 30233030 30247026 30297037 30309012 30313009 30349008 30351009 30353018 30367010 30367014 30379023 30382013 30393028 30414001 30428012 30428016 30434006 30462010 30462012 30462015 30559018 30566005 30567009 30586020 30590020 30598010 30605035 30606015 30656025 30783010 30809017 30812028 30812031 30813041 30814008 30814010 30820033 30826018 30827008 30827011 30845006 30845009 30861032 30861042 30873016 30881025 30891043 30901018 30925006 30925012 30925025 30926005 30926020 31036028 31041015 31043047 31043061 31058018 31077008 31081008 31086007
arauěng|1|25067009
arawe|201|23197014 23204015 23205017 23320014 23366014 23394026 23417011 23457008 23522015 23542018 23551019 23588027 23642015 23661007 23676029 23699012 23713011 23835012 23859024 23862017 23879001 23931007 23932031 23937017 23943014 23944024 23946025 23947013 23993007 23998013 24011008 24042012 24055010 24066009 24088016 24172006 24224009 24279038 24349012 24351005 24453018 24455012 24470033 24472009 24616015 24621014 24749007 24793024 24858025 25043019 25188013 25240031 25241008 25242008 25264016 25265012 25324029 25360015 25366011 25445020 25448029 25452021 25458015 25470014 25536012 25551024 25576010 25646016 25646028 25722009 25860007 25887010 26127008 26151006 26171001 26177011 26179009 26194010 26280032 26335011 26397008 26405015 26405026 26422008 26431015 26441012 26459002 26466025 26544017 26566011 26589008 26747008 26785010 26802001 26844023 26880025 26929009 26974016 27011008 27033049 27062010 27189002 27324017 27343009 27485030 27538015 27542028 27554008 27601017 27668015 27690002 27743028 27897015 27899002 27935001 28092007 28106013 28107014 28116016 28122017 28130014 28169017 28177031 28230014 28286014 28376028 28388002 28417008 28444013 28444026 28460014 28467021 28486021 28522036 28529030 28534002 28581015 28616002 28621002 28641009 28644020 28683010 28693013 28699029 28758011 28761016 28762012 28763012 28764018 28766010 28767014 28840031 28848032 28878022 28973028 28982012 29048013 29064016 29154019 29257011 29313008 29377016 29512010 29614018 29756008 29826002 29837016 29867001 29868002 29909010 29950009 29975009 30002002 30089002 30180046 30202017 30253019 30259050 30328002 30344036 30354002 30400001 30410009 30420018 30425010 30437021 30489002 30508002 30571002 30588002 30592028 30635018 30743002 30864013 30871041 30893023 30984007 30986010 30987006 31072008 31090001
areng|50|23146023 23151013 23157014 23270014 23443030 23893012 24215019 24305004 24306014 24374009 24577018 24690017 24975017 25381032 25384019 25554032 25770013 26771026 26772017 26772020 26786006 26950003 26988014 27041015 27041021 27053021 27193020 27308009 27573009 27603023 27613011 27939004 27987015 28344034 28898020 29130007 29325018 29446038 29968010 29968020 30236015 30301006 30735041 30910040 30979037 30981006 31025019 31030019 31030029 31034008
areng'E|3|30058035 30257036 30928030
areng'U|2|26609003 28313038
areng'i|4|26507021 27244048 27502029 30928032
areng-Ku|13|23963008 24891016 25835015 26682009 26683009 26695012 26716039 26750025 26751012 26753012 27233015 28173034 30759050
arenge|82|23166012 23389022 24069011 24162010 24187010 24275013 24387005 24635034 24787007 24834013 24849006 24899014 24899028 24907028 24921009 24921020 24925015 24955010 24979004 24999010 25135011 25232005 25402020 25403005 25641009 25962015 25986003 26005016 26010005 26051005 26122010 26162010 26266009 26452005 26485021 26525002 26578024 27061005 27061012 27105012 27175024 27186008 27227009 27228019 27229013 27250007 27253008 27261007 27266011 27278016 27292007 27292021 27321027 27336007 27351010 27369018 27371019 27485017 27498010 27531031 27558026 27560007 27582008 27600013 27610011 27636006 27673021 27675012 27717006 27771022 27816016 27991008 29021013 29739006 30067026 30802014 30917016 30926022 30949030 30984038 31054005 31081028
arengi|7|24953026 25351014 25804010 27040032 29422018 29778025 30463028
arengke|1|26771031
arengkewe|1|24995017
arengku|2|24578020 24724006
arengu|43|23269014 23270004 23339017 23339030 23836025 23958026 24372019 24422013 24650023 24953020 25276009 26039005 26594021 27245019 27591012 27599024 27599043 27721011 27961002 28374006 28458029 28599017 29223016 29290004 29535017 29790017 29857014 29926009 29943009 29959004 30061010 30365011 30369028 30759028 30868005 30881020 30915010 30926015 30927020 30938037 30964011 31066020 31068016
ariẹbe|2|23288005 25346004
arěgane|4|26586012 27068020 27068023 28867015
arěgang|7|27063027 27605025 30748022 30748026 30774033 30800025 30800038
arětạ|23|23181028 23307042 23584012 23784028 24718009 25473022 25493021 25494004 25630010 25630019 25632022 25634040 25711013 25711026 25831011 28867002 29133049 30067008 30069028 30199019 30358028 30394004 30597005
arětạ'u|2|23302004 23303005
arětạe|2|24316011 28331061
arětạku|1|25740016
arětạu|1|23304005
arẹ̌ga|1|24139021
arẹ̌gam|1|30786043
arẹ̌gan|3|24445021 25089009 27374023
arẹ̌gane|3|24716017 24760005 25630025
arẹ̌gang|1|26265006
arẹ̌gaěng|1|28658015
arẹ̌ta|1|29808005
arẹ̌tạ|2|24610032 25632005
arịebe|2|29780026 30459019
asal᷊'E|3|26356015 26470025 26471010
asal᷊e|40|25962019 25986007 26105018 26255018 26346015 26356023 26358013 26381025 26426056 26429003 26602022 26726007 26754025 26767015 26822040 26823042 26835025 26959003 27769017 27769030 28104002 28106008 28161014 28234005 28246009 28687008 28695023 28763029 28763036 28766016 28867018 29474004 30117047 30280013 30335004 30335013 30337007 30567023 30605031 30611016
asal᷊ewem|1|28396036
asal᷊eweng|3|24562012 24664021 30010012
asal᷊i|1|28211020
asal᷊u|8|23849016 28232034 28493012 28525032 28527023 29599012 29732008 30339004
asal᷊ě|7|25859017 25898012 27132021 29097003 29150009 29701016 29933009
asal᷊ẹ̌-Ku|1|26755002
asing|3|23248007 24588008 24589018
asingang|1|24589010
asinge|1|25588006
asingu|1|23248004
asu|7|23323006 23323008 23660015 23661008 24491025 24492006 29424012
asěkine|2|27610032 27611034
asẹ̌kinu|1|30654022
ator'u|5|24285018 24466022 24591017 24688053 25149013
atorang|17|23909010 23942032 25452019 26378009 26387008 27488040 27505011 27829032 28034075 28848022 29515038 29517002 29517014 29689014 29773006 30083005 30251044
atorang'u|3|23495025 24286058 27993013
atorange|7|23636024 26380002 27961007 29509010 29833014 30114002 30540028
atorangku|1|23643019
atorangu|17|23643013 23890012 25151032 25225022 26229026 26352011 28032011 28032023 28034041 28035048 28507005 29169016 29705006 30107007 30116019 30119018 30251035
atore|1|28712007
atoru|1|29201018
atorě|3|23923009 24468017 29438013
atụ|7|23975005 24265016 24733005 25073013 25127019 25127026 25683008
awe|8|27158028 28214023 28608012 28864032 29481008 29528015 29967013 30329023
awenge|2|23273010 23273013
awu|1|23481041
awul᷊u|4|25375002 28766008 28767012 28768013
awul᷊ě|10|23432022 23871019 24419026 25307017 25377046 25798019 27414007 27564017 27728013 31013005
awạ|5|24806009 27506021 30446025 30772014 30798010
awạe|5|26828026 30125059 30858020 30979030 31006019
awị|2|30770036 30885020
ayet'e|1|30022028
ayet'u|8|23393005 25085011 25223006 25902003 26113005 27527003 27923043 30407020
ayetu|1|30317004
ayetě|10|24684007 24700028 25081014 27034008 27209005 27212013 27398005 27526030 29338002 30375002
aị|9|23500012 23648002 25796028 27088048 27180009 27255043 28920007 29426018 30282021
badan|1|28251016
badang|21|24182006 24872013 25440005 25616027 25992015 27066007 28484017 28647008 28654011 28659022 28678019 28762003 28763028 28773006 28882048 29017023 29277002 29285018 30156027 30514031 30681008
badang'E|1|26981042
badange|14|23446023 24370015 25120016 26015004 26641007 27250010 28458007 28460013 28486027 29025026 29026019 29289032 29328029 29756004
badangi|1|28662007
badangku|5|27316008 28568005 28623047 29490015 29500003
badangu|9|23264024 23265024 24873012 24875024 25989006 25995014 28630013 30139030 30323023
bae|35|23522029 23883020 23883022 26011029 27189039 27536018 27596022 27709015 27821023 27847033 28001021 28155009 28155014 28155019 28365030 28503027 28533009 29217007 29228027 29247014 29248008 29369035 29380007 29382036 29452011 29455022 29455028 29577010 29645028 29677017 29813035 30250007 30783002 30925004 31096018
baebe|3|23269012 24568009 28999043
baehang|4|23757014 25399029 25740031 28274006
baehe|5|23261017 23754022 23801014 28488010 28511013
baehẹ̌ko|1|23728037
bael'i|2|30359007 30359017
bael'u|2|23856016 23867007
baelu|1|25148012
baelě|3|23865007 23878017 25604016
bael᷊ě|1|23862010
baes'u|1|23840031
baewe|10|27074010 27074013 27209031 28388010 28887011 29247025 29248011 29380013 30809015 30826016
baewelai|1|29228035
baẹbe|9|26968005 27846019 28156001 28600012 28648007 29051037 29369045 29486017 29955040
bagal᷊ě|1|29935010
bageang|3|24676020 24902009 29200003
bageange|1|25790017
bageangku|1|25601010
bahageange|10|25701014 30839009 30840010 30840014 30840019 30840027 30840044 30856020 30859002 31100017
bahageangu|2|30836021 30840036
bahani|6|23332021 24708033 28191002 28322002 28435008 29011017
bahanine|1|29376017
bahaning|1|31062004
bahaniwe|1|28936002
bahansangeng|1|28832014
baharia|3|29592008 29847009 30328016
bahasa|1|28752012
bahe|2|23985018 31067025
bahungange|1|31015032
bahungangu|1|26387018
bahungko|1|23886013
bahạgeange|1|25602014
baiduri|1|31074004
baigě|1|29034045
baki|4|23606025 23609011 24433029 24436009
bakudu|1|27242020
bakunang|1|30846024
balagě|2|29267005 31066022
balako|2|25361017 25363013
balakě|1|27508026
balasteng|2|25802017 25938026
bal᷊ango|1|27896004
bal᷊awuhe|1|28669009
bal᷊e|34|23250024 23432003 23840024 24249009 24658028 24769002 25195007 25195027 25202014 25371029 25428024 25512006 25614013 25680013 25703009 25797020 25875025 26382008 26937008 27034021 27163017 27180021 27234008 27267016 27584026 27647032 27671022 29251006 29252016 29860011 29999017 30000003 30407030 30456007
bal᷊e'm|1|24290006
bal᷊eku|1|25202032
bal᷊em|2|23360006 29249027
bal᷊en|10|23933022 24245013 25411015 26759017 27277018 28347013 28348020 29768026 29826004 29890009
bal᷊ene|26|23341015 23343020 23387008 23443025 23454010 24618011 24752019 24917017 24950016 25196015 25402027 25683029 25827009 27292024 27499005 27518010 27518021 27566010 27639011 28380007 29736006 29737006 29744017 29772013 29778018 30180039
bal᷊eng|16|24112009 24295006 24843007 24934006 25648018 25699011 25778019 27102011 27111014 27111021 27228011 27311010 27350010 27524011 27681017 28623005
bal᷊enu|2|25741013 27322016
bal᷊ine|166|23182025 23375025 23415016 23423016 23516012 23535011 23647007 23664014 23759004 23942059 23965014 23989028 24003024 24007012 24090022 24236023 24468018 24553014 24601011 24679024 24683031 24987008 25006007 25045026 25115016 25358009 25399025 25429003 25432011 25486013 25491014 25522002 25536015 25550021 25700017 25753017 25754029 25837014 25837021 25856017 26100011 26106022 26195007 26337016 26351014 26402032 26457030 26685014 26691003 26771011 26801013 26802011 26871007 26893006 26898006 26907002 26924005 26964010 26987022 27123019 27247005 27309014 27328028 27344031 27355054 27406020 27410028 27411004 27417010 27442038 27460016 27466024 27530019 27533011 27566021 27690006 27726024 27853033 27854012 27944040 27944045 28046010 28084015 28095007 28095037 28112005 28115013 28141021 28149019 28155034 28181013 28181021 28208034 28216009 28217024 28223012 28227035 28235057 28238028 28276024 28320032 28331034 28331046 28341021 28439005 28467006 28475003 28478013 28546024 28716011 28727017 28730015 28758021 28788035 28789025 28955016 28998013 29002015 29016023 29036013 29064027 29065006 29067018 29074018 29077007 29084034 29094011 29094030 29111012 29117015 29139005 29152016 29154023 29162036 29241005 29258029 29391009 29419016 29437023 29673017 29888025 30037003 30076041 30080014 30085020 30088008 30092008 30221010 30319043 30401022 30539047 30689010 30720045 30727037 30763007 30763010 30773011 30813005 30845012 30863008 30920006 30933005 30944008 30945004 30995006 30998005
bal᷊ine-bal᷊inewe|1|28994018
bal᷊inewe|110|23176009 23393014 23567015 23696027 23750005 23769006 24080011 24597004 24654038 24719023 24791022 24813027 25298019 25511015 25700031 25703018 25818004 25923022 26058003 26149010 26178015 26245006 26284011 26316008 26424029 26483016 26494004 26575008 26576002 26628010 26641027 26691021 26759026 26774025 26803012 26838027 27301001 27612033 27612046 27824006 27841016 27865021 27866026 27976008 27989014 27991006 27991018 28020013 28033023 28036022 28039032 28109002 28111018 28121029 28164021 28180006 28186011 28228025 28341014 28413009 28448009 28453032 28465003 28538038 28597002 28618006 28701011 28701027 28813047 28845034 28848020 28890047 28924006 28926006 28950005 28954007 28969007 29028010 29059043 29097010 29249007 29350006 29425011 29431011 29453027 29454004 29506011 29577005 29611009 29631007 29706009 29731002 29734024 29739011 29740012 29743008 29929006 29950017 30034018 30071003 30076049 30081006 30134023 30292022 30318017 30330012 30398018 30570022 30573011 30578040
bal᷊isang|2|25719004 30741028
bal᷊isangu|1|25568017
bal᷊ise|1|31000013
bal᷊u|3|27103031 27256022 29773002
bal᷊unang|1|24190005
bal᷊unangu|9|24188009 24869051 24873025 26864015 26864044 27070035 27392017 27873015 30682024
bal᷊ě|1|24309007
bal᷊ẹ̌kane|1|25043022
balạ|3|26540019 31092022 31092037
balạe|7|23368011 24932012 25740023 27098016 28265008 28514012 31092004
balạete|1|27802002
balạewe|23|23365018 23597020 23605009 24389015 25104018 25961024 26215028 26682002 26683002 26917019 28283009 28438006 28920031 29000007 29176019 29455019 29707021 29969037 30049032 30245017 30514025 30879051 30931023
banggile|1|29407063
banggilu|3|23466006 27951035 28273005
bangke|2|25689015 25689021
bangunang|1|28421012
banikateng|1|30382035
bank|2|24036012 25755011
bansa|38|23508027 23511002 23818019 23965006 24726006 24728012 24942015 27022041 27162030 27409061 27550009 27686020 27926009 27927004 27928026 27945009 27977002 28001013 28001027 28021013 28021022 28022027 28186008 28223021 28314014 28315008 28316024 28363015 29244019 29245016 29246009 29748034 30705023 30744036 30744044 30790008 31017040 31080006
bansa'n|1|29245021
bansaku|2|27919029 28190008
bansang|2|27928029 28161017
bantugang|1|30458045
bantughang|3|26528022 26528031 30792031
banua|36|23211011 23467023 23469007 23533012 23655010 23676024 23686005 23860047 23934022 24228011 24675066 24752010 25065026 25078025 25220023 25275050 25602020 25744010 25789029 26504017 26578027 26955010 27119024 27121026 27131021 27298032 27421020 27587013 27703027 27936023 27937006 27975002 28327007 30181020 30188026 30898008
banuan|8|24511013 25213011 25437005 25851010 26330016 27490025 28332025 30187018
banuane|2|23594005 27204017
banuang|9|23192042 23198006 23764015 24590012 25283004 26143010 26958011 27772021 29075023
baradosa|2|24278039 30505003
barang|1|28532016
barạ|4|24802008 24803017 30730017 31039007
barạdosa|2|23393028 24277021
basa|1|25150007
basane|1|27769005
basě|2|23595005 24411005
batangeng|28|25698018 25964017 26833019 27655005 27691018 27980015 28247023 28249032 28262013 28267003 28394033 28601020 28984037 29009016 29010018 29049005 29183016 29241024 29322003 29513005 29743015 30289014 30294025 30348002 30360015 30397015 30448012 30549016
batangeng'E|13|24531016 24883016 24886006 24888005 25971026 26019014 26663017 26900006 27432010 28307010 28410017 29116016 30131031
batangeng'U|3|25973010 25975020 26515031
batangeng-Ku|7|26242006 26243006 26396007 26410043 26436009 26611013 30141019
batangenge|39|23183011 23358006 23697018 24278032 24488039 24535029 24552028 25140007 25325021 25393007 25468006 25580025 26347009 26838033 28249027 28429006 28429012 28466016 28548006 28580004 28592009 28683008 28716022 28979028 28984022 29016040 29094024 29192015 29193003 29727010 29849004 30293004 30293015 30322027 30342036 30583010 30720040 30727031 30738020
batangengku|7|28115035 28437023 28480033 29030013 29453025 29877002 29887007
batangengu|10|24170032 24857008 25861002 26067026 26395006 27721009 28916012 29715021 29762035 30472005
batu|32|23341018 23342024 23691011 23691016 23869026 24181021 24190018 24190024 24198014 24684024 24720015 24873043 24877016 25797025 25833014 25906010 26087039 26513007 26565005 27034025 27176005 28189002 28422012 29250019 30110040 30233038 30404014 30406014 30407035 31068007 31068012 31073010
batạ|1|30796029
batụ|20|23165034 23188019 23195006 23227012 23247015 23269017 23271005 23290021 23435003 23491021 23525010 23525027 23643007 23738014 23929008 24018008 24022013 24096024 24149023 25705024
batụu|267|24319005 24330015 24353013 24373005 24374018 24422012 24427023 24471007 24545011 24573005 24577027 24659027 24686014 24688037 24727005 24924010 24941005 24978019 24981020 25082007 25107021 25195032 25292011 25298007 25355011 25371014 25410005 25438017 25533005 25547029 25552014 25568006 25598022 25616019 25741019 25753006 25776023 25786017 25801040 25867016 25924017 25938029 25951006 26039018 26075017 26121010 26144016 26202016 26227010 26235026 26239009 26249009 26250006 26285032 26299010 26330018 26363014 26368030 26398011 26402030 26411017 26426033 26457021 26486019 26487015 26508005 26533020 26534008 26539009 26623022 26660023 26681026 26697036 26710023 26715008 26715023 26727008 26734016 26738008 26748008 26759028 26760011 26769023 26774016 26784034 26788011 26814033 26833015 26846008 26864028 26875011 26887021 26897011 26906028 26965011 27017026 27025004 27037007 27044024 27086024 27106001 27193001 27243023 27358047 27361011 27370028 27375015 27390001 27423021 27427018 27487020 27518024 27531020 27560031 27561009 27602025 27619014 27655052 27668029 27681019 27723014 27734019 27752019 27756009 27762029 27800017 27850039 27899010 27902026 27904027 27908012 27939021 27949014 28027013 28051014 28053008 28060020 28063008 28074009 28084011 28100017 28129020 28144015 28184001 28201007 28233020 28241030 28268007 28273012 28304022 28319015 28331026 28418007 28449040 28462025 28521013 28535055 28557013 28624015 28728013 28734017 28750022 28808015 28813005 28825014 28836014 28838006 28839017 28842023 28872018 28923003 28960034 28970020 29000016 29009012 29044024 29084005 29093013 29173015 29206011 29216013 29265019 29298017 29323006 29378013 29381001 29441007 29441025 29453014 29454010 29484009 29523019 29529034 29538019 29540039 29543011 29544020 29600023 29756019 29758009 29787016 29835006 29863007 29881009 29936017 29996017 30015014 30083010 30088012 30090019 30097015 30138001 30157010 30159025 30168027 30169009 30177025 30189034 30204020 30213001 30258008 30260016 30264014 30272027 30280018 30288023 30289011 30341015 30341022 30366005 30432015 30475010 30481030 30509019 30514051 30532023 30565040 30581036 30589010 30602010 30604031 30608016 30609015 30611013 30612009 30629001 30631044 30662033 30751026 30784008 30828001 30875010 30883018 30890019 30904019 30913008 30927016 30931012 30940037 30942030 30990028 31004007 31020030 31076011 31077010 31079013 31086010
baug'i|63|23196027 23470029 23705032 24139027 24156006 24298013 24460013 24544024 24544027 24624030 24625007 24640006 24664019 24732012 24838016 24897021 24970018 25137008 25618014 25884027 25885030 25897006 25954015 26067016 26190013 26265016 26485006 26671013 26672006 26696004 26753020 26972024 27022047 27256038 27378036 27433010 27710029 27902023 28035018 28219012 28333013 28340011 28343010 28346014 28377011 28561017 28812038 28822021 28879025 28918046 28956037 28967010 29038020 29366007 29950019 29988036 30013021 30102033 30161007 30260003 30421018 30469016 30677049
baug'u|19|23280030 23302006 23603017 23658008 23790013 23875016 23898022 24067015 24520005 24521008 24675041 24851010 25185029 25315035 26113010 27410022 28330012 28663013 28751015
baugi|10|26682014 27982014 28039043 28046012 28047003 28056013 28625022 29475009 29555022 29556011
baugu|172|23196022 23682018 23705029 23728040 23948020 24065026 24083012 24219010 24288012 24761023 24763015 24779017 25005006 25436020 25493017 25717011 25953014 25992013 25992025 26102011 26489015 26566017 26575028 26576010 26606020 26616005 26660013 26769003 26769010 26779024 26780013 26823032 26850046 26867020 26941015 27012013 27151026 27161022 27365022 27397026 27410035 27449009 27460021 27555027 27584040 27594023 27626032 27708063 27730008 27964025 28019009 28034051 28035008 28055012 28079023 28082013 28082047 28085014 28087012 28088034 28088051 28154013 28223019 28238043 28288009 28289010 28296030 28302012 28303012 28304007 28328034 28329012 28349023 28413019 28481030 28539024 28599015 28601018 28641013 28663040 28777017 28835039 28837018 28840014 28847008 28883004 28893005 28893015 28906031 28966016 28977007 29030026 29035020 29089029 29090010 29090013 29090025 29101016 29102033 29252018 29253012 29254019 29258024 29277012 29328025 29378024 29389037 29389042 29391011 29407066 29414016 29417014 29422014 29423021 29423031 29436019 29446022 29541015 29541019 29605018 29709014 29711016 29713029 29719001 29719019 29732027 29760019 29794019 29801005 29838010 29848025 29849013 29849030 29870015 29961006 30024002 30040013 30063034 30087009 30093043 30096006 30102008 30103013 30110011 30113034 30132027 30144023 30158012 30169019 30189041 30199011 30227010 30253007 30257034 30393009 30405030 30443009 30443020 30506039 30508007 30674015 30688001 30695002 30813037 30856012 30891029 30993010 31056028 31083030 31092034 31092042 31093016
bawa|5|24181014 24865013 26849041 26969017 27280006
bawaehe|7|23426025 23426030 23807004 23807013 25371022 28065043 31060032
bawaelang|1|26787020
bawahani|2|27656011 29390006
bawako|1|26104013
bawalare|1|31098046
bawalarě|1|30758017
bawal᷊is'E|1|28245012
bawal᷊ise|8|23285044 23459013 23459030 23460030 28888019 29346016 29542007 30199030
bawal᷊om|1|25797013
bawal᷊one|2|23224012 25902007
bawawaěng|1|30742027
bawawaěnge|2|23276009 29194005
bawawaěngu|1|29191006
bawaěng|1|31080009
bawaěnge|1|27598012
bawera|24|23522007 24659010 25087013 25974008 26744047 27065005 27592028 27791005 27925020 27937003 28440033 28663059 28681004 28688017 28873007 29302014 29309013 29526029 29576013 29622014 29712003 29839003 29917002 30288015
bawera'n|1|30513047
bawera-Ku|14|23341005 23343005 26126006 26416003 26433003 26434040 26605003 26629009 26647003 26651004 26652017 26681003 26917002 28700047
baweraku|2|28583017 28667024
baweram|1|30343007
baweran|3|23788006 24923002 26155007
baweran'U|1|26415022
bawerane|4|23526011 24099011 27466011 27760007
bawerang|6|25723010 26085007 27020005 27171008 29220012 31099006
baweranu|2|25754011 27996029
bawerau|1|29319013
bawi|2|23379002 24379003
bawialaěng|1|29510022
bawialaěngu|1|30167008
bawine|37|23267019 23453010 23453016 23657018 24124013 24126011 24400016 24436014 24436018 24821010 24824003 25102017 25103022 25209017 25295020 25433017 25921015 26150002 26386008 26802018 27351009 27536019 28139015 28490018 28503028 28610009 29159024 29162015 29163016 29578016 29707008 30204007 30319005 30983018 31056026 31063033 31098007
bawitaugu|1|29672006
bawitaugě|1|28581002
bawodaị|2|28355021 30279008
bawul᷊udange|1|23974012
bawul᷊urange|3|24732032 26273024 30808009
bawěllo|5|23613013 24652022 24753019 26084020 27923026
bawěntane|1|30183015
bawẹ̌base|1|30941031
bawẹ̌kisě|1|26875003
bawạ|2|24643036 24799028
baụ|7|23617017 23682015 24446008 24507016 25411025 30710027 30954013
baụg'i|2|28143039 29680007
baụgi|5|28551013 29469028 29496014 29632004 30552042
baụgu|18|24911050 25481008 26291021 26309026 26436008 28184008 28692020 28778005 29346020 29356034 29490008 29490025 29491008 29494044 29573037 29645017 30483011 30641074
be|14|24195004 25003015 26189008 28142018 28493033 28536030 28698011 28946063 29142004 29196002 29525008 29583022 29897015 30300005
bea|28|23281024 23389014 23389020 23390014 23391023 23421014 23479022 23726025 23859027 24275012 24275023 24276013 24277017 24277042 25038003 25135010 25137014 25138029 25225006 25230022 25590006 25699024 25700034 25702003 25703011 25734008 28274024 28274031
bekerě|1|24468032
ben|3|28354010 28354032 28796007
beng|6|24792023 27924002 28038011 28266008 28792005 30570030
bengelě|1|24564021
beonge|1|27168035
bera|28|23888014 23908014 24687012 24891024 25459026 25800024 26954016 27306010 28665010 28665016 28674034 28674043 28683004 28684011 28684041 28685013 28688008 28689008 28690015 28692007 28697014 28700013 28701004 28702016 28707009 28718019 30789036 30991023
beran|2|28667006 29309010
berang|2|26958010 27552025
beril|1|31074018
bẹdang|1|25576012
beọ|4|24261048 24488012 25101009 28868007
biah'i|1|25409002
biahe|1|28555015
biahu|4|28298006 29037041 29037048 30389010
biahě|59|24193014 24969014 25967006 26167034 26168022 26315004 26688023 26688028 26921012 26922036 26927025 27155037 27256045 27316013 27430046 27637028 27904047 28050026 28093027 28094017 28095012 28127005 28128041 28182024 28289004 28289025 28446013 28547009 28764016 28845033 28893010 28908017 29382038 29399020 29455007 29599011 29619026 29621007 29632017 29770017 29824009 30008031 30009030 30027007 30120058 30123014 30194009 30398007 30493004 30716007 30778025 30779022 30786016 30788010 30791021 30813019 30868009 30954029 31038053
biahẹ̌ku|2|29383005 29864011
bihinge|2|27096037 28742007
binal᷊aeng|2|27063028 27068011
binangaeng|1|29232018
binatang|82|23197013 23393016 23497015 24229012 24981017 24986019 24990018 27159045 27260018 27272006 27272010 27292020 27314010 27314014 27314017 27463032 27472018 27690043 27690049 27954022 27954026 28302005 28751021 29884031 29905018 30131018 30142020 30233029 30253002 30253021 30327003 30327009 30513013 30513063 30683018 30802053 30880010 30910014 30911022 30912003 30912023 30913015 30913022 30913031 30920004 30921003 30921015 30921026 30923017 30923028 30925015 30926016 30927014 30936014 30936021 30938028 30938038 30949022 30957025 30965011 30965016 30968019 30979028 30983022 30984057 30984060 30987002 30988026 30989023 30992006 30993027 30993030 31037005 31038002 31038018 31038027 31038034 31038043 31038046 31043046 31043057 31049020
binatange|3|26111011 26169026 28758012
binawa|7|23988030 24119031 24546004 30941010 30941014 30942022 30943007
bine|16|23543018 23544016 23572008 23577005 24328016 24331006 24342002 24350020 25251005 25251009 28755009 28755013 28757017 28963006 28963014 28967004
bineng|1|30338008
bio|1|29701011
birụ|1|30858024
bisara|3|27040028 28396034 28645054
bisarane|3|24350005 27209030 27663006
bisarang|1|30354013
bisul᷊ě|1|30957014
bituing|8|23171022 23183005 23186007 23186049 27160013 30714004 30718005 30719014
bituinge|2|23177008 28760018
bitụ|1|24716012
biwih'u|2|23541014 25290010
biwihe|2|27144012 29499012
biwihu|1|27497008
biwihě|1|30257033
bo'i|9|23277006 24037005 25843021 26352013 28575014 28577013 29569003 29765006 30476047
bodoe|1|28208045
bodokě|2|28391009 30314004
bohekang|5|26924014 26924032 30759044 30759055 31085006
bohẹko|6|30726006 30730007 30736007 30748006 30754006 30761006
bokor'e|4|30957008 30963008 30965007 30967007
bokore|1|30972007
bokoru|2|30956021 30974031
bokorě|5|30954010 30958007 30959008 30977009 31063009
bolotu|4|27873002 27886015 27888010 27888013
bolotung|1|27872029
boratě|1|28584033
borotě|98|23213022 23214014 23494012 23494030 23615006 23617015 23617035 23668002 23670005 23670018 23678020 23680025 23681018 23682013 23683004 23684014 23685018 24078007 24081008 24081018 24286043 24286049 24286067 24445020 24446009 24446024 24449007 24449027 24452007 24460004 24506002 24507014 24507027 24515009 24515016 24517026 24518025 24520001 24521006 24777009 24777019 25067015 25068016 25151011 25151024 25151040 25315021 25318005 25318028 25411022 25884007 25884012 26022011 26027027 26267007 26269006 26269018 26271014 26281021 26284030 26289024 26290018 26291002 26292008 26293004 26299018 26306004 26308005 26308013 26309004 26309008 26309015 26316004 26316009 26316019 26316030 26657008 26657023 26658006 26661006 26908020 26912010 27638012 27891008 27891025 28226004 28226013 28463011 28463036 28585003 28585015 28624031 28625007 28627006 28628006 28629013 28630006 30108023
borotẹ̌eng|1|28463015
botonge|120|23380019 23447003 23502013 23722008 23728029 23766018 23890015 23982023 24195018 24256026 24286065 24301006 24375008 24388004 24408007 24526016 24562006 24589008 24591021 24680007 24688057 24740028 24763008 24790019 25151038 25156015 25277008 25278025 25287023 25518013 25543003 25557019 25588008 25648012 25802014 25962036 26164027 26197014 26335017 26857049 27214015 27416022 27493025 27520034 27626018 27643025 27677018 27727020 27786006 27825011 27856011 27869020 27878009 27923059 27941004 28061026 28223027 28247018 28253011 28253023 28254011 28254045 28264005 28283026 28298009 28321012 28334015 28354008 28450007 28451024 28483015 28600003 28666009 28691029 28751018 28793008 28882059 28887007 28898028 28900018 28937006 28974005 28999035 29017007 29074013 29099007 29144008 29274015 29290013 29426004 29430051 29435034 29445012 29495013 29555028 29583024 29605042 29614028 29634010 29649008 29663025 29718006 29785015 29843006 29872032 29873038 29892003 29932027 30021029 30073012 30192015 30232022 30261008 30411021 30467047 30651008 30676010 30784014 30845016 30942041
botongke|1|25203011
bowon|4|30807007 30833016 30835017 30842017
bowone|1|27638008
bua|1|30865022
buan|1|25191017
buane|20|23203015 23334005 23334012 23335005 23335012 23336005 23562034 23846018 23861021 23868022 24654020 25035018 25190006 25190016 25260036 25261024 26193010 28548023 28550015 29198027
buang|6|23333014 23333021 25191011 25526017 30725020 31095014
buanu|1|24655016
bue|220|23202024 23285038 23300012 23402016 23417010 23435002 23465026 23469014 23474006 23479033 23553022 23646011 23679007 23684018 23695023 23735003 23735012 23735020 23815016 23851016 23859034 23887010 23922006 23922009 24000003 24022012 24047003 24047025 24053010 24079002 24079016 24096002 24096011 24116012 24128016 24280005 24516002 24538002 24627016 24652013 24712007 24741003 24751005 24755015 24757003 24776002 24776016 24829008 25171003 25205018 25235028 25388003 25461025 25464004 25475014 25516009 25582023 25585030 25646006 25755019 25826002 25881003 25939009 26041017 26167019 26174009 26333022 26356020 26421026 26471005 26520009 26545022 26550014 26607015 26610007 26650023 26731017 26786027 26883061 27088015 27118014 27317019 27472004 27472024 27472051 27498032 27512015 27535039 27622011 27658005 27659022 27740019 27746016 27878016 27881012 27889013 27890007 27994003 28072002 28085002 28116029 28128013 28174006 28207005 28230003 28241020 28274003 28274033 28274040 28275002 28285023 28298022 28303028 28304014 28427004 28429003 28442002 28454015 28467002 28477020 28506037 28525036 28529012 28533002 28537003 28537005 28551009 28554005 28565014 28591016 28592002 28691027 28695038 28729018 28730038 28734041 28777012 28787017 28790004 28790007 28797013 28892013 28894016 28919002 28933009 28937009 28940005 28944016 28965014 28975005 29038005 29048002 29050006 29053002 29055007 29055021 29055024 29056002 29072020 29275002 29290015 29305011 29342010 29351020 29352002 29353002 29356025 29356030 29389027 29399021 29424002 29445017 29503002 29536007 29676029 29678024 29693014 29733002 29763002 29780034 29806040 29822024 29888005 29888032 29889002 29961018 29973005 30016022 30128002 30214039 30220005 30224002 30241007 30241028 30245023 30259002 30259012 30264007 30265002 30271002 30276007 30286021 30323021 30433020 30433023 30475002 30495005 30578048 30592002 30610019 30628013 30654017 30656017 30670007 30693031 30724004 30734004 30750047 30866019 30904014
buha|1|30765046
buhu|50|23172011 23396005 23592025 24084015 24189011 24282006 24282013 24283006 24283013 24283025 24283032 24780017 25144018 25144025 25144031 25145007 25145015 25146002 25146009 25147008 25741018 26027006 26058008 26224004 26867016 26909012 27080013 27136032 27544008 27545025 28073033 28462015 28881009 29088007 29106013 29188009 29528011 29929034 29929037 30154006 30378026 30402008 30536013 30559010 30735042 30759033 30789006 30930024 31055005 31056011
buhu-wuhu|1|23710023
buhue|3|23397006 23397027 27247017
buhụ|9|24848015 26218019 26597019 26643029 27342026 27437031 27560016 27583024 30558024
buhụe|8|23322010 23997007 24172029 24950011 25018017 25344003 25528014 28278034
buhụewe|7|23742015 24872009 26106020 27457003 28629008 28773027 29123006
bukun|1|23989016
bukě|60|24700016 25030006 25081003 25081010 25084006 25650009 25650013 25650027 25822008 26019018 26019022 26036033 26090022 26303003 26516009 26725012 26898021 26924029 26944005 27159024 27165014 27207017 27396018 27605012 27605026 27992030 28013022 28013026 28181004 28550003 28856022 28857009 29113030 29153026 29884026 30699002 30701011 30709010 30781004 30782020 30783021 30784016 30785032 30787010 30789013 30864004 30870020 30871018 30872005 30917025 31051018 31051022 31051051 31081036 31088022 31090043 31091016 31099010 31099046 31100023
bukẹ̌ku|2|26925006 29884021
bul᷊aeng|27|23427004 24024016 24024026 24024037 24025006 24025018 24026007 24027006 24029005 24029020 24031006 24031020 24033007 25745012 25748008 25750009 25756023 29726018 30110028 30296008 30428015 30788034 30854017 30953031 30954011 30980017 30980024
bul᷊aenge|2|23936013 24037017
bul᷊ang|2|26970005 30893027
bul᷊one|1|29725019
bul᷊ude|16|23218008 23249010 23702017 23721038 24212007 24454011 24541016 25031006 25848012 26261005 28668027 30098061 30233021 30498020 30809032 30975007
bul᷊udě|1|24302007
bungan|2|24178008 24863009
bungang|10|23312018 24863018 25487009 25487030 27428015 28176022 28177004 28177026 28566031 28566050
bungang'i|1|28566026
bungang'u|1|28751043
buntuang'u|2|31037027 31039002
buntuangu|3|23880014 27767005 31037012
bunạko|1|24881004
burěsi|5|23945018 28862032 28905005 30583015 30751015
burẹ̌si|12|25660014 26641025 26642021 26703004 29702013 29716012 29725014 29741008 29813009 29908005 29908021 30953023
burạ|1|30278016
buta|9|23648013 23648019 23664009 23935006 25567014 25575034 26443018 26460008 26461021
buwụ|3|30110013 30831007 30832009
buạ|6|24851012 24984019 27198005 30054036 30074022 30163008
buạen|1|26716021
bědambeng|1|30024006
bědang|35|23260014 23832028 24038023 24349023 24735017 24737010 24795016 24821004 24884016 25518022 25519013 26206012 26375006 26772005 27433008 27450027 27576005 27625004 27730029 27803008 27889002 28056019 28140031 28325022 28396018 28457005 28857016 28992020 29232026 30043016 30043032 30043043 30044003 30205017 30749010
bědangbe|2|26811004 30217011
bědangben|2|26033021 29710034
bědawen|2|26078004 26368033
bědaweng|4|24007002 26730010 27813021 30751007
běga|9|23994018 24750023 25925010 27157027 29152020 29384017 30181033 30352015 30825002
běgan|3|25723017 25851016 25890008
běgang|9|23290011 25975017 26010019 28916007 29496024 29609013 30033019 30307011 30891003
běgawe|1|30450014
běgawen|2|24127010 28355033
běgaweng|2|24021007 25544032
běgạ|1|28085027
běhạ|2|24098021 30976005
běhị|1|27187009
běka|4|23736041 23737029 29385005 30730023
běke|4|26473007 28674002 30063011 30504012
běken|2|24992006 27685003
běkene|4|23549002 25400006 27323012 27456002
běkeng|2|24700020 27535021
běnahe|1|31070030
běngi|1|31007007
běngin|1|26584037
běnsad'u|1|25875015
běnsadu|2|24768019 26102005
běnsadě|1|26103010
běruang|1|30911014
bẹ̌baehang|1|23803007
bẹ̌bantiangu|1|27076018
bẹ̌bantugang|1|29662015
bẹ̌bantughang|1|29273005
bẹ̌basaěng|1|27390034
bẹ̌basaěnge|1|27209006
bẹ̌bawẹ̌bahengu|1|24009005
bẹ̌bohekang|1|26258010
bẹ̌bol᷊engkong|1|30696002
bẹ̌dang|47|23189009 23536004 23621021 23960027 24102004 24280017 24288004 24349009 24400004 24643028 24798004 24828002 24928003 25295004 25710009 25925018 26147012 26248016 26280005 26391031 26445002 26532006 26597008 26731041 26773019 26869006 26877007 26893053 27024006 28325009 28412025 28412034 28435017 28753017 29068034 29173005 29174015 29235007 29490022 29619025 29621006 29632016 29898013 30194008 30392032 30622025 30988011
bẹ̌dangben|1|26554006
bẹ̌dawen|2|26368027 29580004
bẹ̌daweng|3|23163033 25989032 26402031
bẹ̌ga|8|23163034 25546008 26078005 26462023 26881024 28484006 29710035 30562021
bẹ̌ga-wěgan|1|25922010
bẹ̌gan|4|23436031 24631020 26730011 30451006
bẹ̌gang|6|23340009 25508004 26678017 28456026 28678030 30670030
bẹ̌gawen|3|26616032 27975007 28465016
bẹ̌gaweng|3|24022017 29851008 29856023
bẹ̌ke|4|25521002 26426027 28382016 28548002
bẹ̌kene|1|23593004
bẹ̌tade|1|28671006
bạdang|1|23610009
bạdange|1|28761018
bạe|2|26111012 26193017
bạgeang'U|1|25071006
bọ'i|23|23472002 23870014 23953016 24896010 25275013 25906006 26303026 26315012 26408030 26500027 26502002 26753018 27466034 27761008 27778021 27796011 28062033 28224019 28339031 28578010 29211012 29577011 29930009
bọ'u|1|29631016
bọe|1|24101002
bọete|1|24797002
bọetewen|1|29262009
bọi|7|23277022 29461037 29535030 29554003 29892010 30241017 30464026
bọu|1030|23157033 23162002 23172029 23177009 23179012 23179032 23186008 23186047 23191004 23197005 23198004 23200038 23201011 23202006 23202016 23204012 23206007 23209007 23213003 23214013 23214018 23235016 23247009 23254007 23261009 23321014 23330002 23330019 23356031 23375004 23380024 23395034 23407006 23415005 23432023 23442006 23480025 23481033 23524023 23531024 23533006 23546011 23575024 23586021 23589014 23594001 23600018 23601009 23601015 23611014 23651015 23652004 23652009 23656007 23661016 23667011 23670010 23677029 23677033 23694002 23694022 23706014 23710031 23717003 23734028 23755011 23767018 23768002 23771025 23772013 23775013 23778020 23801020 23802006 23812001 23827008 23838007 23844010 23858002 23898014 23901023 23919009 23952017 23953044 23954018 23958003 23960021 23979014 23985011 23987023 24028003 24070031 24071002 24113006 24119010 24126001 24126030 24130009 24151015 24159005 24164016 24170027 24172026 24183011 24185022 24187007 24198010 24203014 24213020 24220025 24222005 24226006 24242010 24242013 24261046 24281009 24297003 24345013 24352009 24367014 24389017 24392020 24395012 24419027 24420021 24441020 24441030 24454002 24468035 24475022 24479005 24479019 24484009 24487006 24490010 24493018 24494022 24508020 24513004 24514012 24524012 24535030 24546009 24548007 24548031 24565013 24565016 24574005 24605002 24605011 24611009 24618035 24622028 24627020 24628017 24635022 24653006 24683025 24684005 24697021 24720018 24728002 24743006 24745015 24758036 24764008 24780008 24781009 24790005 24800015 24844010 24848019 24848028 24857003 24859012 24869008 24873007 24882006 24883005 24885015 24888043 24896020 24897003 24897008 24918017 24936008 24942010 24978006 25004010 25010017 25018012 25033029 25034012 25068015 25084014 25093010 25094005 25099025 25102004 25105007 25111032 25118025 25119011 25137002 25140016 25143009 25147011 25166015 25189017 25189050 25231008 25248030 25254017 25279027 25292015 25307018 25319014 25332016 25340003 25341029 25342003 25356031 25371025 25377036 25387008 25394007 25398017 25420009 25432040 25437031 25438022 25448011 25457002 25473021 25483004 25483009 25496008 25497024 25506017 25508007 25512002 25515008 25519006 25522011 25524013 25535027 25544035 25545009 25548004 25548008 25554014 25599012 25638013 25642010 25647017 25647024 25651028 25660023 25663008 25664019 25674019 25676008 25681006 25681016 25701015 25702006 25736008 25740015 25747006 25781011 25813019 25831008 25882011 25897019 25906012 25919016 25921020 25924003 25931014 25934003 25936013 25937005 25947017 25952007 25985017 25989009 25989016 25991007 26001003 26019016 26023016 26039031 26042009 26044007 26062008 26077016 26086021 26090014 26091011 26105016 26111005 26112015 26118019 26126012 26129032 26152004 26152014 26175005 26186009 26195013 26202029 26220015 26235032 26240003 26260017 26271013 26281022 26284028 26289025 26291015 26294012 26296005 26299020 26300027 26308008 26309006 26315022 26316006 26318002 26318010 26322015 26324002 26324006 26360002 26371017 26379014 26381006 26391017 26396019 26410042 26454021 26456023 26457018 26468005 26470023 26475020 26479007 26483022 26484005 26487011 26491008 26500005 26507005 26521014 26532016 26561003 26569002 26577002 26584025 26587024 26598013 26603010 26608018 26609007 26609013 26613009 26620012 26634009 26646016 26657009 26658004 26664019 26678031 26700032 26715027 26727017 26729006 26731022 26731036 26755004 26761002 26768002 26782004 26786004 26787004 26795015 26797023 26803017 26814010 26845014 26849038 26853013 26855024 26864005 26869025 26877021 26901013 26912012 26913018 26928021 26936010 26940026 26948021 26952005 26959009 26960001 26960005 26960017 26964017 26966005 26973025 26975003 26981014 26990026 26992008 26999017 27001010 27010028 27019005 27020012 27021004 27021011 27023008 27023035 27038010 27050011 27053020 27057028 27058010 27061019 27069021 27070030 27078006 27081055 27082025 27091025 27100006 27104015 27107047 27108014 27116012 27121009 27122008 27124019 27125014 27133020 27146016 27146019 27153011 27157041 27158015 27162027 27174008 27180018 27181010 27183021 27187013 27203019 27207009 27210008 27216006 27216018 27219032 27220014 27228022 27235012 27235025 27250015 27252011 27254009 27257012 27276008 27283028 27286010 27288032 27297013 27305011 27312015 27313024 27313030 27317006 27324008 27326012 27326039 27328002 27338006 27342002 27347009 27348031 27349029 27352021 27355023 27357032 27358053 27359011 27361024 27364023 27366013 27376021 27377013 27379006 27384018 27387010 27387019 27392022 27394019 27401038 27411013 27414019 27423015 27425020 27429028 27442012 27446009 27450036 27466020 27472009 27472043 27485007 27503023 27506020 27506026 27508019 27513007 27523011 27523018 27525013 27535026 27536002 27550024 27554022 27560042 27563019 27564018 27564046 27566034 27576024 27577011 27580017 27590018 27592018 27598007 27598029 27602017 27602031 27607014 27607021 27611018 27614014 27615027 27619002 27621040 27631006 27632007 27636032 27636037 27638009 27641012 27645029 27646030 27648018 27652003 27652012 27654005 27655033 27657002 27657031 27662027 27666009 27666012 27672006 27672028 27675015 27681008 27688013 27690017 27690035 27691013 27692037 27696019 27699002 27703013 27711018 27712007 27721019 27724011 27735003 27741006 27750020 27765009 27768019 27794026 27795023 27798014 27802023 27821016 27837014 27842005 27842016 27842020 27843016 27844013 27844036 27844047 27850030 27858010 27860026 27862008 27863057 27863070 27869031 27872015 27877035 27879007 27885020 27886009 27891010 27904033 27911016 27913019 27917044 27921016 27927043 27928016 27932032 27942013 27966025 27967035 27985027 28005010 28017014 28033025 28039006 28047030 28060009 28064029 28066027 28073019 28076010 28078010 28082033 28087005 28091008 28094028 28096042 28116039 28119018 28128009 28128024 28138008 28159020 28161023 28180008 28180013 28191021 28197006 28204027 28212012 28227002 28227051 28235038 28236033 28238008 28240019 28241022 28241032 28252038 28262021 28295017 28308019 28312007 28320026 28323027 28324006 28331042 28331060 28335007 28356012 28362014 28368015 28375006 28379007 28381013 28407014 28426023 28436003 28465043 28479039 28482009 28483020 28498004 28498028 28515011 28517019 28518020 28551030 28552016 28564008 28572013 28585014 28589006 28589014 28606043 28613016 28624010 28629012 28631004 28635009 28645035 28663033 28683015 28711002 28715005 28716012 28722012 28726009 28731011 28732016 28733009 28734030 28735015 28742011 28748021 28763010 28766007 28767011 28768012 28768027 28772016 28772023 28773012 28773020 28798010 28812035 28827025 28828020 28830027 28855025 28858013 28868005 28882010 28882032 28882036 28882051 28886013 28896018 28929005 28931019 28972009 28999029 29015008 29016016 29023021 29031011 29041027 29046008 29046016 29046059 29062023 29064031 29066030 29067004 29088009 29099017 29105026 29116007 29118010 29131013 29131019 29163013 29163023 29175014 29214019 29218013 29229017 29273006 29331014 29340011 29355015 29356008 29367008 29367021 29385003 29389047 29392019 29427013 29428015 29450003 29452009 29452012 29455004 29461024 29464017 29475013 29479006 29481007 29491018 29526011 29552013 29555002 29559025 29571030 29595014 29620024 29657028 29664044 29672029 29675025 29698042 29700015 29702010 29730009 29749015 29782016 29796017 29805025 29846021 29848012 29853022 29854009 29865040 29884028 29889008 29905006 29914022 29923012 29923018 29934013 29967038 29968007 29968019 29981018 29985010 29987017 29996007 30012024 30043018 30046045 30050004 30051020 30052014 30066019 30070019 30070023 30071014 30076052 30078015 30081017 30092024 30102021 30104023 30110009 30121015 30125028 30133012 30182035 30186022 30195017 30207005 30208013 30224029 30228008 30262011 30265016 30266023 30268014 30292026 30296018 30304006 30321007 30331011 30337016 30345017 30352024 30374018 30387029 30401008 30409032 30429007 30432035 30434015 30434032 30445041 30453007 30456003 30457009 30458021 30464011 30484031 30497020 30498010 30505011 30506014 30516034 30519019 30521013 30532008 30532039 30539035 30542017 30542035 30543036 30548035 30550034 30565031 30588019 30591003 30594010 30594012 30607022 30613022 30616006 30651031 30652015 30669070 30678021 30702022 30703036 30708011 30710023 30723011 30726019 30728020 30732013 30732046 30733004 30738037 30739008 30744023 30752017 30759037 30762028 30763021 30765012 30770024 30786030 30795011 30795020 30802018 30807004 30813008 30815013 30815025 30815028 30816001 30822027 30825025 30825032 30831031 30832013 30833011 30854014 30859016 30861029 30863010 30866015 30870005 30870008 30878014 30880014 30886033 30896006 30897028 30902006 30902063 30903021 30906035 30907007 30908018 30910018 30912002 30917035 30920008 30922019 30923032 30929005 30930044 30940005 30940012 30942007 30944011 30946018 30947009 30953011 30954004 30956006 30962005 30964030 30966023 30967027 30968014 30968017 30972014 30974030 30976013 30984023 30984066 30995009 31003025 31004005 31006030 31006036 31009014 31011028 31012010 31016006 31016008 31019011 31023006 31027031 31031008 31039009 31040008 31043026 31046012 31048023 31050019 31056013 31056015 31057005 31064032 31064034 31069010 31072005 31073016 31075013 31075021 31082021 31097006 31100005
bọuten|12|23461004 24873010 24893004 25884009 26643003 27236002 27440002 27730006 27788016 27917015 27925018 30196013
bọutewelain|1|28922025
bọuwen|1|24827017
candi|3|25523015 25582007 25584011
cěmpaka|1|31074014
daghuse|1|30228032
daghusu|1|31017034
daghusě|1|30862012
daha|8|26969022 27463038 30113026 30201013 30237015 30836025 30879036 30959022
daha-Ku|2|26312007 26314007
dahaku|1|29409006
dahami|1|24981019
dahan|1|30825038
dahan'E|2|26311020 30376074
dahane|1|27690045
dahang|4|27472017 30138004 31018011 31018014
dahasia|1|24335014
dahạ|1|24083009
daki|9|23171027 23172031 23177011 23179018 23186010 23357009 23985013 26073009 31067012
daking|1|24297011
dakị|1|30967024
dakọe|7|23728011 24195013 24206008 24215004 24881002 25367002 25401015
dakọko|1|23855031
dalakị|1|24891013
daloku|1|28623052
daloěng|6|27956031 28270042 29451013 29708018 30382045 30792034
daloěnge|1|28661019
dalulung|2|25679022 30506020
dalung'u|1|30114020
dal᷊aedu|3|30108015 30719022 30723033
dal᷊ai|1|23589013
dal᷊akisě|23|24243027 24277046 24556023 27076020 27500027 27599013 27961016 28574018 28588032 29350030 29523016 29669003 30336020 30414012 30437028 30442013 30450018 30657016 30670026 30861025 30901020 30968005 30981025
dal᷊akị|78|23274016 23412012 23413005 23414011 23414021 23512014 23523018 23656024 23719007 23719015 23720021 23722003 24035004 24239008 24241007 24242003 24255021 24293026 24300007 24301011 24311018 24311029 24312019 24312023 24319013 24368006 24373012 24486008 24557029 24564016 24565003 24567023 24568005 24841003 25097010 25099006 25099015 25156025 25248012 25248024 25273015 25275010 25275022 25275048 25276020 25303015 25341003 25344008 25344021 25420008 25420014 25421009 25421016 25424026 25426006 25430003 25530016 25646021 26240020 26502011 27568011 27572026 27815017 27868005 28084010 28255008 28277009 28753005 29637009 30119016 30434003 30438005 30515006 30740040 30878008 30969008 30996027 31041017
dal᷊akịe|8|23581018 24248018 24380012 24493015 24494017 24559012 24561004 27972004
dal᷊akịsě|1|26503010
dal᷊angeh'E|1|27968026
dal᷊angeh'u|1|29311015
dal᷊angehu|3|29233037 29524007 30954022
dal᷊anse|1|30109006
dal᷊awang|6|27572022 27693021 28064016 28066003 28068021 28516020
dal᷊awange|1|29935014
dal᷊aị|44|23234030 23280037 23340018 23362012 23362028 23374018 23377004 23378007 23379020 23419021 23514015 23514023 23517008 23517025 23518007 23533003 23760006 23760012 23762007 24375016 24415023 24489011 24490009 25165022 25432039 25546022 25590010 25754009 25968009 27999026 28000012 28111016 28167047 28263004 28267007 28270017 28271018 28271049 28913020 29574016 29779011 29793025 30462014 30644021
dal᷊aịe|4|23590005 24377003 24383013 24421010
dal᷊eange|1|27758034
dal᷊eng|30|23182024 23385012 23810011 23835025 23882005 23883009 24162003 24328008 24504015 24528015 24848003 24970017 25031012 25031018 25368012 25374016 25394013 25396025 25962008 26009011 26024023 26432012 27075018 27234026 27529015 28013013 30065005 30154017 30881008 31083002
dal᷊engang|3|25510007 26667018 28679011
dal᷊engang'E|1|25332029
dal᷊engange|2|24219015 26673004
dal᷊engangu|2|25359020 26674014
dal᷊enge|11|25518025 25780004 26673008 26674018 27948022 28019006 28109006 29002018 29065002 30098008 30161003
dal᷊engke|2|24270015 27003030
dal᷊engu|13|23296007 24659017 24756024 25219006 26814031 26838009 27044006 27143015 27640039 29827011 30120012 30230026 30732032
dal᷊iagě|2|25170021 30383038
dal᷊imadeng|1|24727020
dal᷊indaěngu|1|23323028
dal᷊iune|1|23321017
dal᷊oho'm|4|30957007 30963007 30965006 30967006
dal᷊ohom|4|23250023 25283003 25512005 29778017
dal᷊ohon|21|24828005 27322015 27339010 27407008 27655013 28335027 28467023 28473020 28475010 28477016 29184034 29363005 29467005 29469018 29651005 29651009 29736005 29737005 30268006 30741010 30978007
dal᷊ohone|5|24314010 27047036 27548008 28594013 30568005
dal᷊ohong|9|23932020 23932028 24114006 27473018 27474003 27518020 30299024 30958006 30959007
dal᷊okaěnge|2|25127032 25133012
dal᷊uase|2|23584029 26033011
dal᷊uasi|1|29590029
dal᷊uasu|1|30198013
dal᷊uasě|6|24938016 25228019 25596007 28956036 29600015 29973031
dal᷊ugě|3|23434010 25367013 26494024
dal᷊umpasiang|1|30347010
dal᷊unge|11|24770007 25446015 26004015 26802027 27314006 27513011 27884032 30109003 30777014 30783026 30784021
dal᷊ungu|41|24001031 24561012 24561016 24945013 25009008 25009016 25126023 25269020 26633017 26814024 26835008 26874012 26879021 27005020 27215017 27287010 27498026 27577015 27595056 27884010 27979026 28889035 28910017 29315006 29450012 29575019 29768043 29814005 30115023 30120041 30253016 30467004 30486022 30600010 30728024 31038055 31042009 31049011 31054015 31078022 31080011
dal᷊uru|1|29461042
dal᷊ěgahu|1|27428016
damahi|4|23355045 23829026 30256022 30265024
dameng|1|31017016
dangenang|1|29734016
dano|22|23225008 23374006 23378031 23620016 23632009 23678008 23728013 24359018 24363019 24386007 24453017 24455011 24461005 24514017 25268017 25270036 25279026 25286006 26274011 26275008 26280009 26283011
darage|1|29050014
darahung|3|23787011 24614006 25714006
daralo|13|23843039 24085007 24781006 26252005 26255017 26976010 27509012 27992035 28844007 29324005 29324018 30778009 30823018
daralon|1|26624007
daral᷊aki-lakisě|1|29885009
daral᷊akisě|3|23588029 24304011 25281026
daral᷊akị|14|24250023 24487003 25182058 25217012 25277003 25278016 25279004 25284006 25381020 25384009 25425012 25551019 26141004 29424007
daral᷊akịe|4|23334010 23335009 24250016 25192018
daral᷊aị|10|23339039 23426017 23525025 24378009 25100022 25105003 25591022 27955017 28082019 28356038
daral᷊eng|6|24254010 27439008 27490019 27525006 27628034 30665017
daral᷊engang|2|25030023 26027015
daral᷊engangu|1|26068019
daral᷊enge|3|24495010 27216036 27217015
daral᷊engu|2|25006004 27584037
dararidị|2|30324023 30325029
dararodọ|4|25631008 25631024 25749012 30325009
dararěna|1|27255044
daridị|1|24508007
daringihang|3|23290020 23747023 30800008
daringiheko|1|30359010
daringihě|1|25254027
daringihẹ̌ko|4|24347007 25089003 25896003 30725005
darisị|2|25155021 27840003
darisịko|1|29677007
dariọ|22|23719019 24406005 24559004 24575006 24575018 24929025 24935008 24986009 24991018 25002006 25017010 25301009 25344025 25559030 26267003 27754006 28677005 28677012 28677028 28677041 30896030 31036030
dariọe|1|25850017
darodọ|7|23668013 25704007 27136030 29133014 30104026 31023024 31051009
darolohang|14|24400007 24911005 26950019 27026005 27936012 28728012 28802020 29003007 29090012 29090024 29209006 29698017 29811042 29821012
darolohang'i|1|30376024
darolohange|3|25586020 28726013 28729033
darolohangu|1|26796010
darotong|3|23784016 25601009 27204027
darotonge|7|23584034 23586020 23753020 24316028 24391002 25289021 25504010
darotongku|1|25478038
darotongu|2|25805013 25805020
darua|20|23748004 23858005 24181010 24645004 24771005 24865009 24998017 25981010 27026006 27036036 27038007 27344018 28167003 30063002 30111008 30111022 30524016 30853010 30877008 30936005
darulunge|1|23997002
darumatingko|1|29718016
darěnta-Ku|1|30743004
darěntan|6|28439020 29122025 29624010 30382052 30533003 30537013
darěntan'E|4|30134034 30171030 30412036 30579013
darěntane|4|23474015 26152030 28788029 30284008
darěntang|3|23473002 30363013 30535007
darěpelě|1|25144030
dasị|5|25644023 26969007 29255017 29519017 29520003
datu|16|23173011 23532005 23753006 23754006 23759019 23880002 24899006 25744015 25751004 26980020 27854004 28442034 30196032 30409011 30852009 31034012
datun|11|23172016 23173015 25045004 25759017 26273013 26829011 27127025 27384023 27385012 30703022 30852002
datung|5|23599006 25746026 26841023 26841034 27130028
daukalune|1|23846024
daunge|1|24654008
dekenange|1|31047028
dekenangu|1|30927013
delaing|9|23846037 24350003 24396018 25264013 27307017 28413027 28666020 29206003 29746017
dembem|1|28781004
demben|2|25618045 28850012
dembeng|2|24031027 27774016
den|2|28677013 28677021
deng|87|23229011 23367010 23398037 23706004 23832027 23843032 23914006 24091023 24130015 24173018 24179008 24280016 24299014 24388014 24468010 24540015 24595003 24609014 24737013 24787020 24863036 25001024 25113029 25120045 25194020 25518021 25527016 25612013 25618034 25660019 25677006 25899008 25912004 25926019 26036019 26075020 26093019 26119004 26144006 26204033 26380011 26380016 26669014 26694009 26731040 26869005 26999016 27053014 27136031 27304004 27550022 27628016 27702016 27727004 27827022 27828018 27868029 27921034 28224005 28235022 28328012 28328017 28404014 28677006 28677029 28677040 28699026 28784018 28785005 28991004 29006027 29007003 29046035 29135009 29173004 29222005 30009029 30043015 30044013 30194005 30351020 30410002 30410022 30493003 30749034 30906033 31005021
desọ|1|23570026
diadikang|15|27954012 28140005 28764015 29402007 30028002 30511030 30775024 30793005 30793020 30797013 30799012 30800014 30801014 30822015 30958024
diadikang'E|1|30285027
diadikange|1|28139009
diagate|1|29190036
dial᷊e|1|23505009
dial᷊u|1|28162004
diandiku|1|28819008
diandin|1|25216030
dihi|1|29747038
dimae|3|24700023 26035003 29501007
dimakị|1|26259006
dimal᷊eng|13|23407005 23543016 24402004 24407007 24456030 24590010 25094004 25541009 25904007 26007013 26865016 27283016 27683004
dimal᷊engke|3|23655005 23959004 27691004
dimal᷊inaụ|4|24459017 24691024 25117009 25302007
dimal᷊ingara|1|26565011
dimangeng|4|24481010 25240020 25555007 26937014
dimaringihě|5|25025012 26565024 27291014 27794030 27853023
dimarisị|18|24639009 25080026 25164016 25740007 26366012 26804026 26887035 26894029 26939021 26964004 27005006 27225004 27448011 27450011 27705011 27718009 27746007 30831012
dimarisịewe|1|25155031
dimaruru|1|26563028
dimarěmmạ|1|27637009
dimasehě|1|27902030
dimendehě|1|30012012
dimokạ|1|29093008
dimoloh'i|7|23470019 24509033 25900011 26067019 26660007 26778013 27280016
dimoloh'u|10|23620005 24156009 24320017 24435006 24576034 26408014 26651035 26693024 26732011 26889013
dimolohe|1|23828014
dimolohu|4|26778005 26783023 27765029 29089012
dimorọ|3|23209029 24226024 26077019
dimuruhe|1|27869034
dimuruhě|2|27864009 27913008
diměllusě|1|30844010
dimělusě|1|25738005
diměnta|59|23207025 23235012 23393020 23441035 23713010 23805006 23813006 23958024 24278025 24502010 24552010 24591007 24650021 24721026 24797014 24800004 24817028 24962010 25038006 25140002 25194010 25212029 26060003 26076010 26140010 26480005 26494025 26740006 26755009 26768027 26892024 26932013 26947004 27021020 27117004 27147012 27152050 27229016 27231008 27244005 27335009 27428008 27434009 27794007 27879021 28120033 28727015 28767024 29093004 29247006 29570031 29712015 30066029 30117006 30235006 30296013 30585007 30645010 31063020
diměntae|1|23633010
diměntawe|1|26129016
diměntạ|1|29590016
diměsung|1|25394006
dimẹ̌kạ|1|30515036
dimẹ̌sungke|1|25164005
dinare|1|26586016
dingang|101|23147012 23163014 23184012 23223016 23232007 23357014 23421005 23421010 23421020 23569015 23595027 23602016 23949025 24028013 24075005 24126027 24128021 24186015 24950008 25001017 25137019 25334022 25339004 25547010 25921028 25968015 25969013 26007015 26678009 26679012 26772006 26781020 26781027 26786036 26876012 26928008 26930006 26937023 26937028 26937032 26964005 26977024 27283018 27308022 27311019 27320009 27399008 27435027 27481013 27594020 27616006 27631030 27669016 27683006 27697017 27767010 27779007 27854006 28072015 28073008 28074006 28074020 28118012 28119010 28134046 28138016 28261008 28321006 28336018 28350004 28444035 28807025 28808023 28808034 28822008 28856035 28895005 28899025 28915034 29019019 29048047 29210025 29217017 29218032 29236006 29242009 29243009 29252005 29393008 29473008 29529045 29578010 29831007 29945027 30030011 30167016 30213016 30245011 30677013 30768024 31004010
dingang'E|20|24174005 24512015 24788012 25297014 25569007 26063015 26084027 26540024 27301022 27551016 28077018 28839022 29236021 29245025 29264008 29348021 29432021 29501019 29618036 30255018
dingang'U|1|25898013
dingang'i|16|23169019 23715004 23718021 24308001 26937036 28584021 28741008 28741020 29048034 29829014 30010010 30150008 30460010 30544027 30649014 31057026
dingang'u|2|30434004 31034004
dingang-Ku|21|24095035 25893008 25895007 25979012 26314011 26520035 26649033 26679020 26679039 26680017 26689021 26704004 26704030 26705017 26706006 26707006 26760013 26781016 30751022 30767035 30768012
dingange|20|24952022 26314016 26692022 27208024 27482021 27483009 27673026 28282019 28348009 28501022 28956024 29076015 29420026 30547009 30740018 30740041 30767029 30978005 30997014 30998027
dingangi|116|24066014 24092007 24280018 24402020 24411019 24425036 24541009 24553005 24558025 24702011 24762023 24788009 24824021 24867031 24996006 25023008 25023017 25142021 25161008 25161016 25162003 25162009 25163006 25202007 25245006 25330015 25343023 25591026 25920014 25948007 26021034 26036020 26197019 26520042 26680009 26685018 26686037 26686044 26689016 26689028 26694010 26699007 26704011 26705021 26731042 26783002 26804028 26851017 26865018 26937046 26945027 27005024 27025007 27073008 27149015 27245007 27460010 27501009 27578011 28251024 28394012 28397012 28449031 28781014 28801008 29076011 29083011 29086037 29091005 29094038 29099012 29129012 29169007 29173020 29363015 29385015 29387015 29388016 29389021 29409036 29425036 29431004 29450020 29464010 29466012 29467014 29494047 29505005 29506003 29507011 29521011 29522024 29552006 29562024 29595007 29621013 29651028 29667015 29711033 29823028 29825019 29866012 29897024 29926013 30514040 30543032 30570038 30578059 30579008 30586006 30604017 30604029 30616021 30617031 30620039 30648013
dingangkelaing|1|31037026
dingangken|1|30945017
dingangkewe|3|23961046 25383017 29402013
dingangkewelai|3|24360034 24430018 29284025
dingangkewelain|10|23390031 25045020 25328030 26002024 26987019 27376005 27453027 27530016 29455008 29991022
dingangkewelaing|2|27471007 30127002
dingangkewen|25|24357008 24369015 25268007 25297020 25438009 25547013 25579006 26002030 27750008 27820019 27820024 27973014 28092012 28134032 28160016 28351016 28352017 28355022 28967007 29112016 29184001 29363025 29363031 29401010 30032028
dingangkeweng|3|25437010 27053008 29101021
dingangku|20|24030028 24773018 24775019 28334025 28344014 28344019 28546014 28956009 28956012 29059019 29085003 29091031 29369026 29410010 29414015 29464024 29553004 29554030 29882005 29939006
dingangu|1715|23147038 23151034 23173025 23174008 23204026 23220018 23228023 23233031 23234023 23235023 23246009 23247013 23253005 23254035 23255016 23263021 23285029 23288017 23289010 23292023 23296019 23296021 23303017 23308029 23309011 23311020 23314003 23325014 23330007 23330013 23331003 23333016 23335007 23336010 23342005 23344004 23358023 23362020 23362030 23363022 23372026 23373015 23387005 23390028 23391021 23396015 23398027 23399004 23403019 23415024 23415039 23419022 23419027 23420013 23420020 23426013 23433015 23444011 23464011 23479009 23481023 23482008 23487025 23488009 23489004 23490006 23492019 23515022 23529003 23531009 23532014 23537012 23548019 23550006 23553027 23555012 23579016 23580005 23582019 23590018 23615008 23617018 23617025 23635004 23638018 23655014 23665018 23666037 23668011 23670007 23670019 23676017 23677004 23694028 23702011 23718014 23722011 23725004 23725019 23736018 23737016 23745033 23753014 23767024 23768016 23768021 23782004 23785008 23807005 23807019 23812017 23821016 23839024 23843030 23858032 23874009 23886025 23894020 23897026 23905008 23912005 23920008 23923007 23924020 23925010 23926008 23934020 23941018 23942021 23944015 23945012 23952006 23964008 23965008 23965021 23967011 23968008 23968014 23982018 23987012 23987025 23989020 23990011 23993002 23996012 24007016 24009017 24033032 24035005 24035029 24039019 24044010 24050029 24052024 24059009 24100017 24110020 24123005 24128013 24156014 24176009 24184017 24204022 24215024 24222016 24232019 24237003 24245003 24246013 24248015 24252004 24276026 24277014 24277039 24282017 24286027 24296003 24297006 24297013 24297020 24309018 24314014 24315009 24315016 24321018 24324015 24340016 24348027 24360008 24365019 24366005 24370009 24403013 24403016 24404006 24404013 24405021 24405025 24409008 24419015 24421016 24429023 24438012 24438024 24439013 24441035 24446026 24448011 24449009 24465004 24468033 24474014 24486004 24486014 24498012 24501029 24526025 24528003 24536017 24539006 24539030 24544029 24551037 24553027 24557017 24558027 24564022 24569003 24582014 24584016 24595020 24600012 24601009 24618032 24619032 24620013 24621003 24626016 24627027 24628025 24629010 24631009 24634014 24635013 24656026 24656038 24660005 24664026 24665010 24674024 24688021 24691014 24700045 24712016 24712019 24721023 24726020 24727010 24729006 24730025 24733008 24737022 24740018 24742010 24743008 24744014 24744017 24746011 24749002 24756030 24763017 24770017 24777010 24796019 24798023 24803018 24809023 24820008 24822015 24846015 24854015 24856006 24858018 24859026 24868031 24875015 24882013 24885011 24895008 24896005 24901011 24906010 24908005 24909011 24911010 24911024 24912018 24919009 24921017 24926005 24941001 24947012 24949011 24952003 24952017 24965009 24967010 24973015 24986014 24987005 24990012 24994019 24999021 25000001 25011024 25017019 25018027 25027033 25037016 25040024 25042050 25046009 25077008 25082030 25086010 25103018 25103026 25117003 25125026 25134013 25138025 25138027 25141024 25144015 25149016 25164040 25164044 25165009 25169008 25170019 25182024 25182035 25182055 25189047 25194013 25204033 25211006 25217008 25218014 25218037 25230008 25241006 25248013 25249030 25256028 25260022 25263015 25266011 25270027 25270031 25271038 25272003 25275031 25279020 25286011 25298005 25303016 25304010 25314033 25315023 25318007 25318029 25327014 25328007 25328026 25334006 25334018 25338019 25343015 25352010 25359004 25372013 25377026 25378004 25385022 25386026 25391014 25394031 25398038 25402005 25405009 25408026 25413030 25414021 25414033 25416013 25426007 25427004 25428009 25445017 25445028 25447006 25448031 25449016 25452017 25455023 25462007 25475012 25478036 25483006 25484009 25487014 25489004 25493034 25495011 25505027 25513007 25516018 25545011 25545013 25547026 25548006 25548010 25550013 25551020 25569018 25575025 25577009 25591023 25609028 25611007 25612015 25614019 25618047 25619010 25621007 25638005 25639007 25639018 25642006 25644025 25679005 25679007 25680011 25681012 25686012 25687009 25691016 25701006 25702008 25703031 25704016 25719012 25721014 25722005 25729004 25735016 25738006 25740008 25740022 25741015 25742005 25743023 25753021 25754031 25755021 25770019 25788017 25790030 25798010 25800027 25801032 25805015 25806022 25808028 25809010 25810004 25826011 25826030 25832013 25836010 25838008 25838010 25838020 25839011 25846005 25850025 25852005 25852021 25852025 25860002 25863002 25867014 25906015 25915011 25917010 25928008 25947003 25947008 25949009 25961001 25961015 25963017 25964018 25965017 25969022 25972009 25980010 25984014 25986044 25990005 25999013 26004005 26004028 26009017 26015011 26024024 26025024 26027016 26028012 26029004 26044012 26045001 26046021 26049006 26050006 26059010 26062013 26064008 26087034 26090026 26098003 26106014 26123010 26126014 26132009 26143005 26146007 26150015 26158009 26172014 26180009 26181006 26191015 26202013 26214015 26228017 26231006 26267009 26282010 26285016 26302019 26303024 26312014 26313007 26315008 26322023 26327006 26365017 26371014 26380013 26400011 26410031 26443029 26444016 26461003 26461016 26463003 26464006 26485023 26491016 26494006 26494032 26496011 26500018 26512002 26520027 26525008 26528023 26549006 26555013 26557009 26568015 26572026 26576012 26578034 26581009 26583016 26583022 26598015 26609015 26633003 26676022 26686039 26696024 26708010 26735023 26738001 26740038 26743011 26744033 26746028 26747006 26754017 26757001 26763019 26766025 26768031 26771047 26783007 26783026 26785015 26786033 26787025 26788017 26801004 26801025 26804008 26806021 26823026 26846027 26850044 26857058 26858011 26861026 26866018 26870009 26871005 26881022 26885041 26894013 26901021 26925014 26926017 26927031 26938011 26938022 26957002 26959016 26960007 26962002 26962010 26967022 26970015 26972038 26976006 26981045 26983007 26983025 26992019 26993014 26995006 26996014 27004019 27007025 27013019 27013028 27021015 27024016 27029009 27029016 27032015 27033032 27036041 27046025 27047028 27048002 27049007 27050013 27055007 27070008 27071007 27072010 27076016 27083025 27089003 27091010 27106012 27107025 27107044 27108020 27119008 27121035 27127038 27128010 27144023 27152012 27153018 27159042 27166005 27169040 27179011 27184015 27200012 27210004 27214009 27215011 27226009 27226017 27236013 27237004 27238033 27243012 27244028 27245011 27245018 27248015 27256033 27272012 27284015 27298015 27299027 27301020 27302028 27305007 27309003 27314019 27324022 27327031 27328009 27329012 27334019 27343015 27348010 27349032 27350025 27355035 27358009 27378021 27389007 27390007 27396008 27406016 27408021 27415008 27419007 27420009 27420016 27425002 27427010 27428013 27430049 27430053 27432022 27437012 27438018 27439014 27443011 27445020 27448026 27449004 27450052 27454008 27455023 27465003 27466038 27467018 27468028 27475025 27488021 27497034 27506011 27521028 27525011 27527010 27527024 27528020 27533008 27537026 27542006 27545022 27548013 27549016 27552010 27552012 27558009 27558029 27564008 27569009 27583015 27592030 27595049 27598022 27601012 27621035 27624004 27638013 27639018 27647029 27650022 27652010 27664012 27670028 27671009 27690053 27695020 27706004 27724019 27729020 27732009 27734014 27743016 27747014 27749026 27756031 27758031 27771031 27773009 27795010 27795012 27827009 27837025 27840032 27841010 27842037 27844051 27849017 27853016 27855008 27857012 27858013 27866032 27867008 27868048 27876016 27877046 27889030 27890027 27895026 27902031 27904019 27908015 27908029 27915028 27923031 27927014 27929014 27932011 27936026 27938027 27940036 27954025 27956021 27960017 27961005 27963027 27968007 27970019 27973012 27979028 27983007 27983025 27991012 28005013 28007008 28026011 28030006 28034057 28035034 28036006 28041006 28042018 28043006 28048025 28052001 28058025 28063017 28065041 28069018 28069032 28071019 28072025 28073011 28078012 28080018 28088032 28095005 28096024 28102001 28103009 28104022 28108010 28132036 28135015 28138019 28140040 28146014 28171016 28185028 28206012 28210026 28211018 28218015 28255009 28256017 28261002 28266013 28267014 28274022 28274038 28276022 28279027 28282010 28290018 28295004 28298011 28298029 28300010 28308024 28309008 28317020 28325018 28335023 28345015 28348001 28351009 28352008 28352012 28358015 28363011 28363027 28365027 28365052 28365067 28365073 28373017 28374031 28380005 28383015 28389012 28404023 28414018 28414021 28415009 28424028 28433007 28437012 28445009 28464016 28466041 28479035 28481010 28484019 28485005 28496006 28511009 28519001 28523039 28524025 28525015 28527007 28545009 28546021 28551025 28575029 28588030 28604024 28608013 28616012 28623012 28625001 28627007 28629014 28630007 28631009 28633020 28645009 28660013 28668014 28668018 28670009 28671016 28673026 28675005 28675017 28676011 28679019 28686011 28691035 28695009 28695013 28705036 28720026 28759006 28762010 28762022 28777010 28794008 28802009 28803018 28804021 28808006 28813040 28844020 28849007 28886021 28893025 28904006 28904016 28906001 28915031 28918028 28922030 28935019 28940018 28940025 28952035 28955003 28959009 28960007 28964005 28964010 28968017 28976018 28977001 28978008 28983020 28994032 28999048 29010012 29013041 29015019 29017004 29017024 29029042 29033026 29035003 29035016 29043032 29044019 29044044 29055031 29056004 29057012 29059012 29059028 29059035 29059057 29073015 29077004 29084021 29084042 29094006 29102030 29104027 29114026 29119010 29119033 29120012 29120029 29124010 29131016 29131022 29142011 29157017 29159017 29159037 29162030 29176030 29178008 29180006 29180011 29180018 29182013 29184005 29185019 29186005 29189006 29195009 29205005 29209020 29209028 29215012 29222014 29226001 29229010 29252013 29258038 29261001 29267008 29269017 29271002 29275016 29276006 29277004 29279020 29281021 29284035 29286012 29288009 29289017 29296004 29297016 29298012 29301019 29302016 29304007 29304012 29308008 29310040 29314011 29324003 29326010 29330017 29332011 29336021 29337016 29341007 29342026 29343016 29352015 29359008 29359027 29361005 29361013 29361015 29362014 29364008 29364014 29366012 29368009 29369053 29370010 29371023 29373019 29374018 29380010 29382005 29389034 29389045 29394014 29394017 29406004 29407020 29407028 29410008 29412010 29414025 29418011 29423015 29425027 29431001 29432012 29440010 29446030 29447012 29449009 29450014 29453007 29467030 29467047 29469013 29471004 29475036 29477013 29477019 29478002 29482039 29488030 29489010 29492005 29495023 29497010 29500024 29503035 29507015 29509001 29509009 29510014 29511012 29513013 29517015 29518020 29523017 29529017 29529026 29529031 29529041 29531006 29531008 29531032 29534022 29534031 29535013 29544017 29549008 29555036 29562014 29562033 29573019 29581007 29586008 29586026 29590007 29590018 29591006 29597008 29597021 29599019 29603008 29611022 29615003 29616012 29620008 29625009 29628019 29629007 29633004 29634031 29636025 29639001 29652006 29652012 29653040 29654035 29662011 29662023 29663010 29663018 29664007 29666008 29671006 29671017 29672023 29677009 29678016 29680016 29681013 29685029 29691021 29698040 29698046 29703009 29707006 29708016 29710008 29710010 29712010 29714009 29714019 29716007 29717008 29718010 29719017 29721009 29722006 29725012 29728005 29732019 29735013 29736013 29739019 29740014 29741006 29743016 29749026 29751007 29751028 29757005 29757008 29758007 29761018 29766001 29768033 29774029 29774036 29777023 29778015 29785007 29792011 29792022 29793004 29793015 29794001 29796010 29797005 29798009 29798026 29800037 29803007 29805034 29806015 29807011 29811021 29811030 29811046 29817023 29819006 29821013 29823018 29830016 29841018 29846008 29847020 29848028 29850024 29856012 29856025 29858006 29862024 29865009 29865024 29872014 29891008 29897033 29899019 29900023 29902024 29905016 29908015 29909021 29911015 29911028 29916020 29921036 29925014 29925018 29927009 29927031 29927033 29927037 29928011 29933011 29935011 29937016 29940023 29942017 29944014 29946016 29948017 29963012 29966021 29967053 29968009 29969047 29971019 29973008 29975005 29982017 29985018 29986001 29987046 29988027 29995010 29996009 29996024 30002030 30004021 30005010 30007004 30018030 30027008 30027025 30028015 30031023 30038012 30038017 30041001 30060004 30064009 30064013 30066008 30066031 30071020 30083013 30101028 30106015 30106017 30107009 30108018 30110038 30115013 30116010 30119003 30119007 30125053 30139022 30142011 30142022 30146012 30156019 30157014 30159008 30164022 30167006 30168001 30173008 30178012 30179027 30183008 30184018 30185030 30186036 30194016 30196025 30198006 30204024 30209005 30210030 30211025 30214025 30215019 30218023 30219009 30230021 30231039 30232006 30234018 30235010 30240013 30241034 30259023 30272036 30280024 30281009 30288009 30292005 30296009 30310016 30312037 30316008 30328013 30330008 30331008 30332011 30333014 30333021 30336005 30336017 30337020 30337027 30339007 30345008 30347004 30349011 30349017 30349031 30350019 30354010 30356010 30358002 30360006 30361004 30362035 30364003 30365017 30366017 30366036 30370012 30376034 30378027 30379025 30382046 30382048 30383036 30385006 30388007 30397016 30397024 30397034 30398008 30399013 30399023 30401019 30402022 30408001 30408006 30411011 30414013 30421020 30423010 30429014 30429022 30431011 30433010 30434008 30434012 30437011 30441009 30445022 30450030 30450032 30452020 30454015 30455009 30466019 30467032 30471021 30471024 30471042 30480003 30481048 30482007 30488022 30491014 30492018 30497011 30499038 30506032 30507007 30512007 30513018 30518010 30523017 30528016 30529002 30529016 30530003 30530021 30533016 30535005 30535017 30544029 30550030 30556026 30557009 30567017 30572020 30573034 30575038 30596011 30598012 30610039 30611011 30613009 30614020 30615023 30617022 30619015 30619024 30620005 30620031 30631029 30632009 30636016 30643025 30645028 30645032 30645035 30645045 30648010 30649008 30649028 30652024 30669014 30673009 30674008 30674013 30675007 30680006 30680028 30682035 30685060 30686028 30689008 30702020 30702032 30704020 30706015 30718012 30718027 30720013 30721004 30736022 30737024 30738033 30744005 30751023 30764008 30766010 30772007 30777011 30777038 30778011 30780016 30780035 30790018 30791019 30792032 30793043 30793045 30800029 30800049 30802050 30806018 30809009 30809026 30819003 30820041 30820059 30821023 30824024 30833022 30833025 30835011 30835032 30838024 30839014 30840017 30840040 30852024 30856016 30860024 30861026 30862014 30867008 30868017 30870030 30883014 30888028 30891034 30892023 30892028 30892032 30897014 30899010 30901032 30906029 30909030 30909035 30910035 30911015 30914009 30915008 30915018 30919027 30925009 30929013 30930005 30932005 30934004 30934031 30936018 30936025 30937030 30937037 30941027 30950027 30950036 30955008 30957016 30959012 30962012 30964007 30968020 30970012 30973006 30973010 30975005 30980008 30980029 30981022 30989019 30990036 30996024 30996036 31001003 31002015 31003008 31003014 31005009 31006010 31007009 31007012 31007015 31008018 31008021 31009029 31010020 31011018 31013018 31014012 31016011 31016031 31017011 31019029 31020004 31022009 31024016 31025005 31029027 31030006 31032013 31033008 31036009 31036032 31037007 31038007 31038036 31043007 31043037 31047019 31049014 31049021 31050015 31055011 31055016 31057020 31059035 31062016 31062025 31065001 31067021 31077016 31078011 31080002 31082019 31086016 31087014 31089006 31089015 31089033 31090025 31092028 31095017
dingangue|1|30661011
dingih'i|1|30575006
dingihe|1|24392005
dingihẹ̌ku|1|26422005
dingotang|1|29559024
dingọko|1|30709009
dise|4|26282014 26892016 27787004 29054016
distriku|1|27496010
diwang|1|30375017
diọ|8|24094005 25505014 25789033 27236018 27860024 27872005 28659033 28784021
doit'i|4|24034009 24034015 24715017 24715027
doit'u|1|26660028
doite|9|24037013 24064008 24610022 24760015 25582021 25597007 25597030 25603002 26586018
doitě|35|23728026 23804004 24033006 24037016 24070034 24133019 24135004 24136018 24137009 24139013 24140002 24208012 24211006 24445022 24635029 24689021 24690005 24716011 25040027 25237011 25237017 25238026 25399005 25598006 25745018 25748007 25750008 25756022 25804005 26587023 27195027 27503013 27796009 30516033 30684015
doitẹ̌ku|3|25598025 25623032 27003010
dokatengu|2|24532019 25008037
dokeng|34|23177021 23575023 23794018 23803009 24609012 24737014 24995022 25710007 26322014 26459013 26475011 26727016 26731035 26765012 26925017 26945042 27423014 27464008 27550023 27828010 27951003 28959025 29111028 29145012 29367007 30010026 30018050 30132011 30588018 30591002 30651030 30652014 30677046 30973022
dokẹeweng|1|29588007
dokterě|2|24278017 25289024
dokě|1|28458010
dokạ|2|28744012 29778021
dokạku|1|25692022
dolohẹ̌ko|1|23657016
domba|42|23332013 23416017 23434007 23501017 23501027 23501033 23502008 23741005 24041023 24086037 24442022 25593023 25594005 25594014 25659011 25872011 26110012 26111013 26483011 26484013 26485002 26485009 26486003 26486014 26489016 26490013 26494010 26494017 26494028 26495020 26498004 26498013 27209012 27209019 28548027 30125057 30210020 30425006 30468007 30712007 30920018 31007019
domba'm|1|24767014
domba-Ku|6|26496022 26508014 26509002 26914046 26915038 26916061
dombane|9|23501012 23740009 23740024 24982010 25593008 26493013 27655051 28548035 30262027
dombang|1|28462044
dompete|1|25901009
dompetě|1|25900018
dongkeng|3|29869008 30395007 30698026
dorong|6|23607002 24434003 27756006 28950008 29449011 30639027
dorong'E|1|23207006
dorongang|3|24432015 26682004 26716032
dorongange|1|23605011
dosa|41|23265006 23386017 23521009 24268017 24271020 24317005 25129028 25132021 25245023 26416013 26428009 26735018 27949010 28061008 28070012 28076012 28081004 28082012 28092006 28099022 28100004 28101011 28103004 28105027 28105050 28119022 28120024 28486008 29125014 29190009 30132029 30134026 30138013 30145026 30253009 30370015 30422005 30424023 30585015 30641015 30641063
dosan|7|24083015 24336037 26074021 28031004 30134012 30443013 30585010
dosane|8|26389020 26482012 26722017 26724021 27303020 28899005 30030037 30641050
dosang|9|27016010 28899013 30092018 30136022 30160028 30549008 30550006 30550028 30703038
dosanu|1|25128021
doti|1|24892008
doune|1|26106019
dua|85|23400010 23408026 23419008 23423004 23461012 23618015 23791034 23791041 23798007 23810018 24024027 24026008 24031007 24031021 24069006 24075010 24102012 24108022 24303009 24305008 24334021 24390012 24407011 24415007 24420009 24445024 24451013 24520018 24574011 24625004 24652035 24765009 24772009 24775013 24798014 25016009 25160015 25160027 25247028 25288012 25303007 25314008 25319020 25377019 25474015 25720007 25868018 25895022 25895029 25980004 26009008 26163024 26197026 26200002 26265007 26271006 26325012 26328011 26329022 26533004 26840006 26892011 27104008 27125057 27201012 27201022 27593007 27781011 27797002 27831009 28724028 29781015 30815032 30875033 30893035 30914021 30947032 31066010 31066016 31066024 31068010 31068023 31075003 31075009 31083020
duam|3|24417008 25585016 26939013
duambaụ|2|23447002 25305027
duambua|8|23615010 23617020 24446030 24449011 24449044 25315025 25318009 26267011
duambẹ̌ka|1|30906010
duan|4|24827025 25701003 28816020 31000028
duane|2|25289010 31074032
duang|25|23374019 23747011 23855020 24041018 24232014 24642019 24716013 24768005 24854010 25110006 25115034 25237005 25365015 25512014 25600011 25686005 25829010 25996013 26005006 26880006 26934014 27143008 27742019 28166010 29123004
duata|46|26516020 26517021 27157008 27157015 27463028 27472014 27542043 27548025 27610022 27612024 27623020 27690039 27985017 27985030 28465013 28466028 28477031 28529009 28532011 28533006 28535016 28535036 28535041 28538021 28538048 28575009 28575036 28582017 28587006 28587012 28588007 28596017 28637018 28864002 28915009 29140018 29183006 29310029 29523026 29570029 30450036 30646006 30732050 30738041 31062015 31096016
duatan|2|27904040 29441009
duatang|1|27623028
dudal᷊eng|1|27693011
dudaringihě|1|30437016
dudaringihẹ̌be|1|27379027
dudokạ|1|27744016
duděnta|2|25694008 25694023
dugi|1|29429018
dugine|1|29458032
duhine|1|30027032
dukụ|1|27209024
dul᷊u|8|24229013 27314015 28234016 28751022 29905019 30327004 30513064 30802054
dul᷊ung|3|30864005 30871019 30872006
dul᷊unge|8|23588009 26907006 26910013 27883027 27898024 27900027 30813040 30814007
dul᷊ungu|1|30870019
dumakeleng|1|30120014
dumakelengke|1|28851010
dumakị|1|25268014
dumakịkowe|1|30048011
dumal᷊eng|12|24445018 25437028 25552006 25572023 25593032 26403012 26697011 28952027 29552004 30751020 31047005 31078007
dumal᷊inaụ|1|30984054
dumangeng|1|25617009
dumararingang|1|27615021
dumararingihe|2|30289010 30292024
dumaringihě|15|23555028 24428047 25109016 25123017 26425015 26498025 27019028 27450051 27687016 27827023 27928036 29842035 30233007 30286015 30918007
dumarisị|2|28285033 31004004
dumarokạ|4|25759008 30147013 30878022 30885026
dumasehě|1|25514024
dumokạ|24|23439026 23965005 24726005 24730019 25429007 25512013 25513004 25513011 25513017 25513031 25513039 25837012 25837019 26649036 27049012 27570014 29349013 29666007 29853010 29856021 30880020 30913036 30990006 31037019
dumoloh'i|2|26889020 27017020
dumoloh'u|1|24745004
dumolohi|1|28962008
dumolohu|2|23581005 30876004
dumolohẹ̌ben|1|25586019
dumol᷊osewe|1|28742019
duměllusě|1|28196006
duměndingang|1|30940043
duměnta|107|23176025 23204017 23357006 23398038 23463005 23700011 23711018 24000013 24001019 24002013 24119028 24223012 24388015 24464020 24550019 24551009 24863043 25042022 25215016 25328022 25500012 25506004 25509002 25511006 25580004 25651020 25674010 25719016 25796006 25854008 25862005 25965004 25978014 26060021 26075008 26180004 26182018 26236003 26239011 26254017 26272020 26293015 26302022 26445018 26490003 26492004 26551016 26692018 26729012 26759004 26771004 27017004 27017022 27169033 27289011 27289032 27388034 27430041 27590039 28062037 28236024 28333003 28371020 28396008 28452016 28685004 28742017 28779025 28814047 28826011 29044009 29045007 29046046 29054027 29127014 29368024 29372022 29407075 29442023 29448019 29512009 29619020 29664014 29872005 29872020 29983015 30001025 30134018 30135013 30150014 30159037 30171018 30179016 30388021 30470008 30527008 30569018 30607034 30687023 30723030 30734016 30750033 30750050 30758004 31088012 31093012 31101016
dumẹ̌sungu|1|25769011
dunia|432|23218015 23248005 23249005 23253006 23293007 23302005 23386009 23452009 23471003 23485014 23530027 23532029 23575026 23692018 23692029 23699008 23726031 23735004 23746007 23746019 23928009 23967014 23972014 23979016 23988017 23989017 23993003 24041004 24043031 24068004 24214015 24215011 24216021 24271011 24355028 24537009 24542008 24737018 24745013 24745018 24749003 24764004 24889010 24988010 25032004 25069018 25107029 25132013 25224007 25260026 25327008 25385023 25437033 25456022 25509004 25511012 25516019 25629020 25630012 25630021 25632007 25638006 25697022 25743035 25852014 25853013 25860003 25862014 26046005 26054009 26055004 26055005 26055011 26074022 26133011 26134015 26137008 26138009 26138014 26140012 26152015 26152020 26199037 26272022 26291024 26309030 26333028 26336014 26336021 26394014 26405025 26405031 26408023 26446005 26446011 26473005 26480007 26518026 26533025 26551018 26600020 26606015 26612005 26612012 26613010 26615031 26627004 26628021 26628026 26632016 26632030 26688004 26691023 26696018 26699014 26700007 26718002 26718014 26719007 26719013 26719025 26719034 26719038 26735011 26738010 26747009 26748037 26755012 26755020 26760015 26760033 26764007 26765013 26766010 26769011 26771014 26771021 26773021 26774011 26774021 26774027 26775012 26776007 26776013 26778008 26778016 26781031 26783016 26784042 26822008 26822015 26822043 26823029 26924022 26932033 26955013 27022043 27035015 27047029 27049003 27210010 27271014 27336023 27410037 27426026 27430050 27548004 27548014 27550016 27552015 27554019 27555013 27613048 27868008 27939023 27951007 27998017 28011037 28036009 28060005 28061014 28065055 28155008 28173038 28184010 28207031 28207038 28225010 28248005 28384021 28384030 28385044 28386015 28391011 28391026 28392015 28392026 28396021 28396030 28401024 28401029 28402007 28402023 28407009 28412029 28415024 28429016 28430006 28433004 28435020 28443038 28447020 28465044 28470010 28470019 28519022 28521011 28522049 28533015 28633021 28738012 28738021 28743005 28759007 28759017 28763011 28763031 28767002 28772017 28773013 28813019 28864004 28879015 28882011 28882037 28888024 28975009 28976009 29111047 29135020 29136010 29141032 29203026 29203036 29211002 29217014 29232009 29242040 29261016 29261027 29267011 29282018 29341010 29343013 29384006 29385010 29386013 29402012 29402017 29407053 29441034 29472008 29482014 29482032 29486021 29489045 29503023 29503041 29515028 29520009 29523007 29540011 29712017 29748041 29796008 29796018 29806006 29819039 29858016 29872008 29877022 29881012 29921030 29922015 29966022 29967025 29970010 29974015 29976002 29983012 29983018 30018054 30038006 30097006 30117050 30132015 30139009 30176009 30180044 30186039 30222011 30223006 30238028 30239007 30240008 30256003 30268012 30294029 30299012 30335012 30339029 30342018 30342031 30360009 30392035 30395008 30395018 30395025 30411014 30449010 30464006 30475024 30484036 30494011 30506004 30521016 30527033 30528017 30529012 30530004 30533029 30536015 30566003 30566010 30566016 30567004 30567030 30581037 30593011 30606025 30607043 30608029 30609010 30609021 30613015 30618023 30621030 30629008 30629015 30630005 30631008 30644015 30653008 30653022 30692024 30703023 30705025 30757024 30757034 30783008 30783014 30786053 30790022 30793009 30793012 30793023 30798020 30802037 30804022 30807008 30809003 30812020 30833017 30835018 30835021 30841023 30842018 30844012 30868014 30877017 30879046 30883002 30883031 30888018 30891053 30896014 30901024 30901030 30905013 30908002 30908010 30912017 30917011 30917020 30920010 30921018 30922022 30923008 30930045 30933023 30934029 30942035 30943012 30943015 30945045 30946008 30956027 30957011 30969022 30974013 30978002 30978008 30981027 30984036 30984048 30994014 30995023 30997011 30997018 31003002 31005005 31017030 31017042 31018027 31020019 31037009 31047013 31048008 31050016 31055007 31055012 31078004
dunian|1|30716024
duruhaka|2|24539010 30688026
durutulisu|2|27621003 27627006
dusule|1|29899023
dědua|2|27520024 27520031
děduan|5|27516004 27528008 27534011 27534021 27540007
děduh'E|1|24265010
děduh'i|1|25996019
děhụ|2|30845021 30928025
dělah'u|1|24113009
dělahě|2|25920003 27503028
dělima|1|31074009
děllahu|1|26801029
děllahě|1|30875004
děllang|1|25269011
děllị|1|29971023
děllụ|3|30865020 30866002 30866022
dělusě|1|25737016
děmme|3|23264012 23265014 23736013
děmpugě|3|25488016 26268011 30835034
děndengelu|1|29874030
děndipahě|1|30863018
děnguange|2|24103016 24799013
děngụ|2|27680005 30829021
děngụe|3|25693003 29754049 31011006
děntako|2|25533026 29936011
děntaěng|1|27656007
děntaěngu|2|25499010 28574014
děntạ|1|30404003
děntạe|1|28799015
dẹ̌dahěndongang|1|29017019
dẹ̌daloěng|5|27603029 27613039 28350022 28907008 29021014
dẹ̌daloěngu|2|28990008 29666016
dẹ̌dal᷊engangu|1|23400015
dẹ̌darihangu|1|27839023
dẹ̌daringihang|1|26380012
dẹ̌daseng|2|23253021 30752016
dẹ̌deakeng|1|28217011
dẹ̌diagateng|1|27656018
dẹ̌diagatengu|1|29126010
dẹ̌dorongang|6|23328032 23849003 25961006 26546016 30602003 30640032
dẹ̌dorongange|1|23813022
dẹ̌dorongangu|1|23662015
dẹ̌dua|20|23409006 23827005 23827011 24151017 24645021 24647016 25238019 25874010 26023018 26543018 26868020 27143017 27194008 27476015 27514006 27523016 28956022 30879059 30880007 30881017
dẹ̌duam|1|23191009
dẹ̌duan|88|23183036 23225003 24186013 24245019 24306003 24624004 24848034 25118010 25161013 25356010 25878005 26998006 27000008 27005026 27008007 27024004 27024029 27026021 27030003 27036009 27037020 27044010 27046004 27050007 27191024 27192004 27194004 27195030 27201008 27202014 27338010 27363004 27364033 27365020 27366011 27367011 27370026 27371004 27405005 27406009 27409007 27413027 27416003 27418005 27429004 27436005 27438008 27439005 27443006 27445003 27445018 27455016 27465027 27465035 27468033 27470007 27475003 27476004 27478003 27482004 27490008 27503021 27504005 27506009 27509006 27513021 27515003 27518007 27519020 27522026 27523008 27524003 27525003 27529041 27529051 27530010 27538018 27539022 27563005 27608014 27615016 27631015 27911039 29557006 29815015 29862005 29863022 30182027
dẹ̌duang|14|23190019 23453007 23702009 24235016 24245015 24541011 24630021 25013004 25028010 26089010 27042004 27524027 28378013 30193011
dẹ̌děntaěngken|1|29775012
dẹ̌sunge|1|26206007
dịe|2|25998004 30549023
dụdae|1|26690003
dụdalěto|1|24325027
dụdal᷊eng|5|24621011 26533013 26534004 26616027 30719020
dụdal᷊inaụ|2|24238007 29064002
dụdal᷊oka|1|24990015
dụdal᷊ěto|1|27883011
dụdareạ|1|29370007
dụdaringihě|20|23594019 24238004 24339011 24711030 25020019 25174005 25267010 25380010 25403015 26235009 26303021 26566008 26628003 26823047 27727005 27926015 29026034 29764032 30181006 30238044
dụdarisi|1|25702005
dụdarisị|19|23288013 23973012 24128008 24732008 24905014 25996018 26811006 26934018 27290025 27546005 27730019 27737013 27830005 30114016 30364016 30767003 30786009 30832017 30870027
dụdendehě|1|30014034
dụdokạ|6|25536009 27445005 27564007 27838043 28869002 30204016
dụdul᷊agě|1|31098032
dụděllị|5|25495014 25509011 25817019 27152056 31062027
dụděnta|5|23836022 25526015 26074008 27604010 30135027
e|12601|23146002 23163012 23165003 23168025 23169013 23170012 23172019 23172023 23172035 23173018 23174029 23175019 23176023 23178027 23178030 23182004 23182022 23183018 23183022 23186041 23189015 23190002 23190010 23190023 23190026 23191005 23192005 23193017 23195010 23196004 23196024 23197010 23202022 23203010 23203017 23204020 23204038 23205011 23207013 23207021 23208026 23209011 23209015 23210008 23211002 23213004 23213013 23213020 23218016 23219009 23225015 23226016 23227019 23228009 23232012 23233022 23234005 23236011 23239007 23240008 23241010 23242008 23244011 23244015 23252004 23252014 23252018 23253007 23253018 23256010 23260011 23260038 23263003 23264006 23264010 23264013 23264021 23265009 23265012 23265015 23267003 23268010 23268026 23269003 23269016 23269020 23270008 23274004 23274008 23276004 23279004 23280015 23280021 23281021 23282012 23282024 23284019 23286007 23287003 23289022 23292014 23292021 23296023 23297015 23298015 23301013 23302014 23302017 23303014 23303019 23304006 23304011 23305002 23305012 23306008 23306016 23308023 23309023 23311019 23312014 23313014 23315017 23316006 23316015 23317019 23318012 23319012 23319025 23321016 23322023 23323009 23323018 23323025 23323030 23328023 23331011 23332006 23336007 23337006 23339019 23339032 23340003 23340007 23341007 23343007 23345016 23347007 23350032 23350041 23351005 23351009 23351013 23352006 23353005 23354009 23354021 23355003 23355010 23355023 23355051 23356035 23356037 23358011 23359011 23359017 23360003 23362004 23362013 23362029 23363027 23364007 23364024 23365005 23366005 23366017 23367015 23368004 23368008 23368014 23369004 23369011 23370009 23370015 23370021 23372016 23372018 23372022 23372028 23373017 23374023 23375016 23377005 23377013 23377025 23378008 23378012 23378015 23378023 23378032 23379003 23379021 23381004 23382004 23382021 23382037 23383017 23384003 23385006 23386011 23386025 23386031 23387003 23389003 23389021 23389037 23390002 23392014 23392016 23393010 23393029 23394002 23394008 23394023 23395018 23395032 23396022 23397017 23397024 23398002 23398012 23398042 23400031 23402020 23402027 23402029 23403002 23404012 23405010 23405015 23405021 23406003 23407020 23408010 23410004 23411004 23413006 23413011 23413022 23413029 23414004 23414012 23414022 23418006 23421002 23425006 23430011 23431011 23431026 23431029 23433007 23433017 23434003 23438006 23438017 23439005 23441030 23441033 23442002 23446013 23450009 23450018 23451010 23452004 23452012 23453002 23453017 23455011 23455028 23456008 23457013 23457018 23458014 23458021 23460010 23461013 23462012 23465019 23465024 23466010 23467025 23470012 23471020 23472009 23472012 23472019 23473011 23476008 23476019 23477017 23478003 23478014 23479004 23479013 23479031 23480002 23482010 23483031 23483039 23484006 23484015 23485022 23485028 23487033 23488014 23489003 23489008 23489014 23490004 23490012 23491007 23491015 23492005 23492015 23494023 23495016 23496014 23497005 23497009 23497012 23497022 23498004 23498010 23501028 23501034 23502003 23502009 23503002 23503011 23504004 23504011 23505007 23508003 23508014 23508016 23508022 23510003 23510009 23511003 23512015 23513003 23513019 23514016 23514024 23515007 23515042 23517022 23517033 23518003 23518019 23519019 23520007 23520021 23521026 23522036 23523006 23525003 23525009 23525026 23526008 23527007 23528002 23528011 23530003 23530018 23531020 23531031 23531039 23531047 23532004 23532011 23532018 23532030 23533004 23534023 23535018 23537018 23539002 23539015 23541016 23542013 23542024 23544004 23544013 23544017 23546003 23546005 23546012 23548011 23551017 23555005 23555018 23555041 23556003 23558007 23559014 23561022 23562007 23562025 23563008 23563014 23564014 23567010 23568003 23568007 23569006 23570007 23570018 23571013 23572013 23573013 23575010 23575017 23576002 23576014 23576030 23577008 23578008 23578018 23578021 23580003 23580015 23581003 23583007 23583016 23586022 23588003 23588013 23588021 23588030 23589008 23592016 23594002 23594011 23597018 23597033 23598004 23599008 23600004 23600016 23601016 23603005 23603023 23604012 23606014 23606020 23607006 23609002 23609006 23610006 23610015 23611006 23613005 23613017 23614011 23615003 23615015 23617011 23617036 23618008 23620002 23620025 23621019 23622007 23622017 23623019 23625004 23625013 23626004 23626008 23626015 23627015 23628003 23628012 23629018 23630004 23630006 23631020 23632003 23633027 23634018 23642008 23646019 23647013 23651016 23655002 23656003 23656020 23657003 23658005 23658011 23661009 23662012 23662016 23663009 23663013 23663015 23665010 23666010 23670011 23670025 23672023 23673002 23673012 23675006 23675013 23676011 23676032 23677013 23677038 23678002 23678009 23679015 23680006 23680018 23680026 23681003 23681025 23685005 23685012 23685019 23686021 23686027 23688011 23691007 23691019 23692002 23692011 23692019 23692030 23693002 23695018 23696010 23696018 23697002 23697028 23698019 23699017 23699020 23700009 23705022 23705037 23706009 23706022 23706031 23710002 23710027 23711011 23713003 23713013 23716017 23716027 23719004 23719016 23719022 23720002 23721010 23722006 23723002 23723019 23725015 23725022 23726008 23726020 23726033 23729017 23731017 23732015 23733010 23733013 23734009 23734017 23734027 23734029 23735014 23736009 23739004 23740018 23740028 23740037 23742007 23742019 23743021 23743025 23743037 23744004 23746008 23746020 23749002 23751004 23751021 23753007 23753024 23754007 23754016 23755003 23756029 23758022 23759005 23760003 23760015 23760023 23761004 23761010 23761013 23762002 23762010 23762020 23763015 23764011 23766004 23766017 23767016 23768011 23769004 23770023 23772014 23777011 23777025 23779014 23779027 23780010 23780025 23782015 23783003 23784034 23784036 23787020 23788009 23788024 23789010 23789019 23791010 23791013 23791027 23792024 23794004 23794016 23794027 23795005 23795021 23796006 23796016 23799018 23800012 23801005 23801015 23804002 23804012 23806004 23806013 23807003 23807007 23807009 23808009 23810002 23810024 23811011 23812002 23813002 23818024 23819004 23821005 23824009 23824014 23824019 23825004 23825012 23826003 23826008 23827003 23827006 23827021 23827024 23830014 23830017 23833002 23833005 23833012 23834005 23834011 23834016 23834021 23835004 23835020 23836010 23836017 23837006 23837010 23839002 23839006 23840012 23840017 23840021 23841003 23843008 23844002 23846035 23848012 23849011 23850002 23850011 23850026 23850042 23851005 23852004 23853012 23853025 23854010 23854022 23854037 23855036 23856008 23856018 23857002 23857005 23857015 23857020 23858008 23858021 23858042 23859005 23859032 23860040 23861008 23861011 23862011 23864004 23864008 23864015 23865008 23866003 23867009 23867015 23868016 23869019 23869023 23869028 23869030 23870011 23872009 23875005 23877004 23877017 23878006 23879010 23880003 23880016 23881002 23881018 23882003 23883026 23884002 23885023 23885025 23886003 23887006 23888005 23888017 23889047 23893016 23896006 23896024 23897008 23897015 23897036 23899002 23900006 23901006 23901009 23901015 23901021 23903006 23903025 23904018 23905002 23905013 23907005 23907016 23913011 23914004 23916013 23916021 23917002 23917014 23918008 23921007 23927012 23928017 23932035 23933040 23934032 23934035 23935018 23935034 23936004 23936017 23940018 23942023 23943003 23943016 23944011 23946011 23946016 23948011 23948023 23949017 23949022 23950009 23951005 23951009 23951019 23952003 23953004 23956005 23956012 23956020 23956038 23957005 23958006 23958019 23959008 23959022 23960026 23961002 23961011 23963013 23964007 23964011 23967002 23967015 23972003 23972018 23980005 23980021 23981014 23982007 23983005 23984033 23985005 23987009 23987014 23987020 23987029 23988002 23988006 23988018 23989019 23990021 23992013 23993004 23993009 23994012 23994016 23995004 23996009 23997021 23999005 24001007 24001017 24001027 24002011 24008002 24010004 24011005 24011011 24012004 24013004 24014003 24014010 24015010 24017005 24017012 24017018 24019005 24019007 24019024 24019032 24020002 24020007 24020016 24021004 24022006 24026010 24030025 24032025 24033002 24033017 24034006 24034017 24035010 24035015 24035019 24036006 24036010 24036016 24036018 24036022 24039006 24039008 24040004 24040012 24041011 24042006 24042018 24043003 24043019 24043032 24044020 24046007 24046012 24046017 24046024 24047008 24047015 24047018 24047027 24047037 24048012 24049003 24049023 24050003 24050018 24052002 24052010 24053013 24053016 24053033 24053037 24054003 24054018 24055017 24057014 24058012 24062003 24063004 24066003 24067008 24068005 24072025 24072029 24073019 24073028 24074004 24075011 24076013 24077005 24078019 24079005 24080006 24080008 24081014 24081032 24082002 24082008 24083003 24083010 24084022 24085002 24086011 24086024 24086030 24086034 24086038 24087008 24088012 24088018 24089010 24089018 24090012 24090023 24093008 24093016 24094002 24094023 24094031 24094038 24095002 24095031 24096013 24096029 24098002 24100002 24100006 24101010 24103004 24103022 24107010 24107018 24108005 24108012 24109024 24110011 24110028 24110034 24111013 24111019 24112018 24112024 24113017 24114008 24115017 24116003 24116010 24117004 24117014 24117023 24118011 24118019 24118028 24119013 24119034 24120004 24120023 24120031 24121003 24121008 24123018 24124028 24125010 24125016 24126008 24126024 24126032 24128019 24129010 24130020 24130027 24132011 24134005 24136011 24136017 24136020 24137010 24138007 24140011 24140016 24141015 24142004 24142012 24144004 24144011 24145007 24147003 24147019 24148014 24150009 24152014 24154036 24155014 24157002 24157019 24159020 24161011 24161016 24164019 24165002 24167013 24168004 24170025 24171010 24173022 24173027 24175003 24176028 24179004 24181007 24181016 24181022 24182010 24187004 24190020 24193025 24194041 24196020 24197005 24197012 24198008 24199003 24200003 24201002 24206015 24207002 24208017 24209012 24211004 24211026 24212004 24214016 24215012 24215028 24216014 24216022 24217002 24217011 24218002 24218013 24218019 24219002 24220003 24220020 24220034 24221006 24222010 24223010 24223018 24223024 24223026 24224005 24226004 24226018 24227002 24227010 24227016 24227020 24229014 24229020 24229024 24230007 24230016 24231005 24232009 24232025 24233010 24234009 24236010 24236016 24236024 24236026 24236030 24238005 24238014 24238023 24240009 24240012 24240017 24240019 24240025 24240028 24242004 24242011 24243003 24244005 24246010 24246022 24247021 24249005 24250011 24250024 24253014 24254003 24254019 24255006 24255011 24255022 24256029 24257015 24257019 24260021 24260027 24260041 24261016 24261039 24261049 24262012 24263016 24263024 24263030 24264005 24265021 24266015 24267003 24268018 24268022 24270012 24271013 24271016 24272003 24272005 24272008 24273016 24273033 24274012 24275002 24275025 24275035 24276010 24276020 24277022 24277036 24277047 24278003 24278014 24278022 24278026 24278040 24279012 24279015 24279035 24281007 24282025 24283014 24283021 24283026 24283033 24284006 24284008 24284018 24285004 24285006 24285015 24285031 24286061 24288010 24289004 24291028 24292009 24293011 24293021 24294003 24294018 24295004 24299009 24300008 24300023 24300026 24301012 24302002 24302016 24303014 24305003 24305014 24308006 24308010 24309002 24309011 24310016 24310021 24311020 24312005 24312008 24312020 24315013 24316024 24318008 24320002 24323011 24323016 24323024 24324007 24325020 24325033 24328003 24328010 24328017 24329011 24330004 24331002 24332018 24334011 24335020 24336035 24337002 24338002 24339018 24341023 24342007 24342013 24343024 24344008 24345014 24346010 24350009 24350023 24351025 24351028 24353012 24354004 24354011 24355004 24355023 24359012 24360005 24360015 24360019 24360027 24363013 24365021 24366002 24369012 24372017 24372027 24374015 24374022 24375017 24375020 24377016 24378005 24378010 24378019 24378022 24378041 24379004 24379017 24379021 24379027 24380030 24381012 24382005 24383005 24384004 24385002 24385023 24386011 24389004 24390004 24391006 24393011 24394012 24394016 24395029 24396003 24399018 24399027 24400017 24400032 24401007 24404002 24406006 24407003 24407019 24408004 24412009 24412022 24414009 24415008 24415024 24420010 24420019 24421005 24422016 24422028 24423005 24424002 24424014 24424021 24425026 24430031 24430036 24431029 24432012 24433003 24434012 24435014 24435019 24436026 24437002 24438007 24439016 24440005 24443017 24444007 24444017 24444024 24445004 24445008 24445033 24445040 24446005 24447008 24449006 24449033 24451005 24452008 24453002 24453026 24454006 24455003 24455015 24457012 24458012 24458023 24458030 24459005 24459013 24460006 24461006 24464007 24464041 24467009 24467032 24468005 24469010 24469019 24469038 24470037 24470042 24472004 24472012 24473009 24473016 24474003 24477011 24478007 24481008 24482024 24483004 24483027 24487011 24487014 24488002 24488013 24490006 24491008 24491021 24492010 24492019 24493004 24493013 24493020 24494003 24494011 24494024 24495002 24495020 24496004 24497018 24498002 24498005 24498020 24499005 24499014 24501006 24501014 24501032 24503002 24503009 24504007 24505009 24505012 24505019 24507017 24507023 24508021 24509022 24512002 24512018 24513005 24513012 24513020 24514018 24515005 24517006 24517022 24518003 24518026 24518041 24521003 24522011 24523026 24524008 24524016 24524035 24524039 24525004 24525012 24526023 24527008 24528028 24530006 24530012 24530021 24531002 24532012 24534004 24534020 24535006 24535031 24537006 24537010 24538005 24539014 24539018 24539037 24540009 24541026 24542010 24543002 24544032 24545005 24545017 24546002 24546017 24548003 24548027 24549012 24549014 24550012 24550017 24551006 24551011 24551016 24551028 24551040 24552008 24553002 24553015 24553032 24554004 24555009 24556006 24558012 24558015 24559005 24559021 24559024 24560008 24561022 24561029 24561038 24562014 24563004 24563009 24563017 24563020 24564007 24564025 24565004 24565012 24565014 24565020 24565028 24569026 24570010 24572015 24574006 24575002 24576011 24576027 24576036 24578004 24578026 24579008 24581011 24581025 24583007 24584004 24584019 24585008 24586008 24587008 24590002 24590021 24590036 24591005 24591020 24592006 24593003 24595006 24595011 24595015 24596005 24596019 24598006 24599005 24602026 24603017 24603032 24603037 24604003 24604009 24604013 24604019 24605010 24605012 24606002 24606009 24606028 24606039 24608027 24610036 24611007 24611010 24615024 24616010 24616019 24616023 24616028 24617008 24619050 24620017 24622012 24622029 24624009 24626003 24626009 24626018 24627003 24628034 24629013 24629022 24630010 24631005 24631022 24631032 24632014 24634004 24635010 24636017 24637014 24638014 24638021 24638027 24638032 24639003 24640003 24640008 24640017 24640022 24641013 24642007 24643007 24643014 24643037 24644017 24644019 24645005 24645023 24646007 24646015 24647004 24648008 24648017 24648019 24650012 24655017 24655022 24656002 24656016 24657014 24658002 24658017 24658025 24659008 24659030 24662009 24662025 24664008 24664034 24665005 24665017 24666020 24666027 24667014 24667020 24668009 24668017 24668029 24669012 24669019 24670005 24670014 24670026 24670029 24671004 24672010 24672012 24672023 24674018 24674028 24675002 24675006 24675021 24675026 24676021 24677004 24678012 24679026 24680005 24680011 24680029 24680033 24681011 24681023 24683012 24684013 24684020 24684022 24685002 24685008 24685010 24688014 24688040 24688056 24689003 24690021 24691008 24692003 24692024 24693011 24693036 24693046 24696011 24697007 24697019 24698021 24700007 24700034 24700040 24702016 24702019 24702042 24703015 24704004 24705007 24706004 24706022 24707003 24707008 24708007 24709013 24709018 24710010 24710013 24710022 24711009 24715010 24717005 24717023 24717032 24718005 24718016 24718024 24719018 24720007 24720022 24720028 24720030 24721002 24722022 24722024 24724011 24724018 24725014 24726028 24726037 24728006 24729041 24729054 24730008 24734010 24735002 24737005 24738020 24739012 24740009 24742007 24742012 24743003 24744007 24746009 24746022 24748005 24748015 24749004 24749009 24750016 24750021 24750028 24752017 24756013 24756021 24756026 24758015 24758020 24758052 24761004 24762020 24763004 24763010 24764005 24764011 24764016 24767009 24767016 24767029 24768010 24768026 24769012 24771014 24771024 24771028 24773022 24774007 24774012 24776005 24776022 24777005 24777017 24777020 24777032 24778002 24778008 24778025 24778028 24779008 24780003 24780022 24782010 24782015 24782021 24782030 24782034 24783005 24783007 24784014 24785014 24785022 24786014 24786020 24786027 24789002 24789016 24790006 24791018 24791024 24792002 24792010 24792021 24793027 24793033 24795002 24796005 24796024 24796030 24797012 24798015 24799003 24799017 24799024 24799029 24800016 24801007 24802009 24802015 24803002 24803012 24804003 24804032 24805003 24806010 24808021 24811012 24813003 24813021 24814005 24815004 24815025 24816017 24816026 24817003 24817013 24817018 24818004 24819004 24819014 24820027 24821014 24823007 24825029 24826005 24827029 24832004 24833006 24833017 24835003 24836014 24839009 24839023 24842016 24843013 24844011 24845002 24848016 24848022 24852002 24853004 24853016 24854004 24855011 24857005 24857009 24858010 24859014 24859029 24860004 24860012 24861005 24861009 24861024 24863020 24863041 24864005 24865007 24866003 24866008 24866017 24866023 24868004 24868034 24873021 24873048 24874018 24875004 24877010 24877020 24877023 24877034 24879005 24879008 24880007 24880019 24880032 24884005 24886002 24887015 24888012 24888049 24889011 24889017 24894014 24897010 24897014 24899011 24900008 24902020 24904004 24904007 24905006 24907004 24907011 24907018 24908013 24909010 24911016 24911027 24911052 24912014 24912020 24913002 24913005 24913012 24913019 24915023 24916029 24917004 24917010 24917014 24918009 24920003 24923004 24924003 24924017 24927011 24928010 24929002 24929008 24929017 24929028 24930023 24931006 24932002 24932008 24932016 24932020 24932022 24933007 24934004 24934010 24935007 24935014 24935016 24935021 24936006 24937005 24937010 24938003 24938007 24938013 24939011 24940005 24941003 24941007 24942013 24942016 24942020 24943005 24943011 24944006 24945004 24945009 24946003 24946013 24947004 24947008 24947010 24948014 24949002 24952007 24952011 24953003 24953011 24953022 24955008 24956006 24956015 24957016 24957018 24960005 24960014 24960019 24960022 24961006 24961011 24964008 24965004 24966011 24966014 24967015 24967025 24969012 24971013 24972003 24972011 24973009 24974004 24974011 24975014 24976004 24978003 24983012 24984003 24984017 24985016 24986003 24987012 24989011 24989015 24990019 24991006 24991009 24992009 24994003 24994005 24994014 24995008 24995014 24997006 24999008 24999026 25000006 25002014 25003002 25003013 25004005 25005003 25008013 25008034 25009013 25010021 25012013 25012027 25013017 25013019 25014002 25014015 25016003 25017003 25017009 25018015 25018032 25019016 25022026 25023013 25023023 25023030 25024009 25025002 25025006 25026003 25029014 25029019 25030011 25030021 25031003 25031009 25031014 25031020 25032005 25032011 25033003 25033008 25033034 25034023 25034035 25034038 25035002 25035012 25035020 25036004 25036010 25036015 25037008 25037012 25038004 25038022 25040009 25040011 25040037 25041006 25041008 25042012 25042016 25042028 25042033 25042035 25042049 25043010 25044010 25045006 25045019 25045027 25045031 25047005 25047014 25047020 25048005 25048020 25048024 25048028 25048031 25048034 25065008 25065017 25065021 25068011 25069020 25070006 25070012 25070017 25072008 25072016 25073017 25073031 25074006 25074010 25075014 25078002 25078006 25078016 25080014 25080030 25082018 25083006 25084026 25085017 25087015 25087025 25087035 25089008 25089019 25090006 25090016 25091028 25092006 25094009 25095002 25095022 25097006 25098018 25099007 25099012 25099016 25099020 25099026 25102007 25102018 25102027 25103016 25103023 25104005 25104024 25105004 25105010 25105018 25106003 25106020 25106022 25106028 25107010 25107030 25108014 25110014 25110020 25111017 25111027 25111035 25112006 25112018 25113007 25113015 25113024 25113027 25115006 25115017 25115031 25115036 25115041 25116014 25118027 25119012 25120029 25120048 25121011 25121015 25121020 25122024 25122028 25122030 25122037 25125005 25125034 25126030 25127027 25128022 25129018 25129023 25131008 25132004 25132015 25132018 25132022 25132036 25133018 25134011 25135017 25136013 25139006 25139014 25141013 25142019 25144032 25145008 25145016 25145025 25145027 25145030 25146003 25148007 25151010 25152007 25152012 25155018 25155029 25156013 25157014 25157016 25157021 25157023 25158008 25158014 25158022 25160009 25164012 25165008 25165023 25166008 25167013 25167022 25169013 25170031 25171008 25173007 25174006 25176023 25177014 25178014 25179017 25180022 25181018 25181026 25182047 25182059 25183009 25184014 25184023 25184030 25188019 25189040 25189056 25190003 25190013 25191003 25192003 25192015 25192030 25194003 25195024 25196021 25197004 25197013 25198006 25199011 25200019 25201008 25201016 25202015 25202041 25203016 25204003 25205021 25205026 25206005 25206016 25207016 25208009 25208035 25209012 25210002 25210010 25211012 25212004 25212006 25212018 25212024 25212027 25213007 25214004 25215008 25215022 25216005 25216032 25218006 25218029 25218041 25220007 25220025 25221017 25223011 25223016 25223018 25223030 25224009 25224021 25224025 25225007 25225030 25226008 25226015 25229004 25230003 25231006 25232018 25232023 25233011 25233023 25234019 25234021 25234028 25235014 25235021 25236016 25236020 25238020 25239003 25239011 25239016 25240002 25240034 25240039 25240047 25241011 25241021 25242011 25242020 25243005 25243009 25244011 25245009 25245016 25245019 25245024 25246008 25248026 25251002 25251025 25253010 25253015 25256021 25257006 25260011 25261006 25261011 25262020 25262025 25264023 25266007 25267014 25267028 25268018 25268028 25269015 25270033 25270037 25271023 25271034 25274005 25274025 25274031 25275011 25275023 25276011 25276023 25277004 25278009 25278017 25278035 25279005 25279009 25279014 25280004 25281004 25281015 25281031 25282007 25282009 25282014 25283006 25283023 25283026 25283029 25284007 25285002 25285011 25285016 25285022 25286007 25286018 25287003 25288006 25288018 25288026 25291008 25293006 25293026 25295012 25295021 25298010 25300002 25301005 25301010 25301019 25302005 25302021 25303019 25304002 25308012 25309011 25309024 25311003 25311015 25311019 25311039 25312004 25312006 25313008 25313026 25313036 25314038 25315007 25315011 25316020 25317004 25318010 25318013 25318016 25318022 25318024 25318031 25318044 25320004 25320028 25324007 25325002 25326020 25328035 25329008 25329014 25330007 25331003 25332003 25334009 25335003 25335006 25335012 25335021 25336006 25337009 25340007 25340019 25341014 25341016 25344009 25344026 25345003 25345009 25346011 25346017 25347005 25347009 25348011 25350017 25350029 25350037 25350042 25350046 25354017 25356018 25356038 25357008 25358002 25358006 25359021 25360005 25360012 25360024 25361009 25361014 25361024 25362006 25362016 25362024 25364011 25365004 25366006 25366025 25370011 25371018 25373015 25375009 25375012 25377020 25380028 25381006 25381021 25381028 25382005 25384010 25385011 25385049 25386025 25386032 25389002 25389019 25389026 25392002 25393015 25394033 25396008 25398006 25398011 25398018 25399014 25400002 25400017 25400027 25401003 25401018 25402002 25402012 25403010 25404004 25408018 25412011 25414036 25415021 25416005 25416017 25417013 25420018 25421010 25421017 25425013 25425016 25426003 25426015 25428025 25430004 25430016 25430031 25431009 25432015 25432019 25432023 25435003 25435007 25437024 25438020 25438029 25438036 25440002 25440008 25440013 25440019 25440024 25441009 25442004 25442022 25445004 25447009 25448028 25448036 25451002 25451016 25454025 25455007 25455020 25456003 25456006 25456011 25458011 25459015 25459024 25468022 25468029 25469006 25469010 25469016 25469028 25470009 25470023 25472006 25473006 25475022 25475026 25476008 25477020 25478002 25478010 25478020 25480004 25480012 25480029 25482012 25483002 25487011 25487022 25487025 25487033 25488007 25488014 25488020 25490014 25492014 25493002 25493019 25493031 25494006 25494008 25496017 25497019 25498002 25499012 25499019 25500010 25505012 25510010 25511007 25511013 25512004 25512008 25513009 25513019 25513033 25513037 25517007 25517011 25520005 25520016 25520018 25520026 25521010 25523016 25525020 25525024 25525028 25526005 25526020 25526029 25526036 25528009 25532022 25534002 25534007 25535004 25535029 25535033 25537007 25537012 25538002 25538014 25538024 25539009 25539018 25540002 25540011 25542013 25543008 25544010 25544028 25545007 25545014 25545018 25546018 25547006 25552018 25553010 25554006 25555018 25558008 25558016 25559002 25559015 25562023 25566032 25568003 25568015 25568026 25571005 25571008 25571016 25572006 25572008 25575004 25576002 25577021 25578012 25580022 25584009 25586013 25587017 25587026 25591007 25591016 25593027 25593036 25595005 25595022 25598019 25598026 25601025 25602002 25602006 25602009 25602011 25603005 25603017 25604006 25605012 25606014 25606020 25607002 25608009 25610005 25610007 25612002 25613004 25615004 25615015 25616021 25617002 25618008 25618027 25619018 25620007 25620016 25621009 25621013 25622015 25624007 25624010 25624012 25624022 25626005 25626019 25626023 25627010 25628002 25628013 25628015 25628017 25628024 25628033 25629009 25629015 25629021 25630033 25632008 25636020 25636039 25637006 25637011 25637035 25638007 25638016 25639012 25640013 25643004 25643020 25643022 25646019 25646022 25646031 25647009 25647026 25648008 25648020 25650018 25651004 25654008 25657004 25657013 25659025 25660024 25660027 25662015 25664002 25665008 25666026 25667019 25668010 25669002 25670006 25671007 25671009 25671012 25672021 25676019 25678008 25678015 25679015 25679025 25681020 25682009 25683016 25687005 25688010 25691015 25695002 25699019 25699022 25702017 25705007 25705014 25706007 25707006 25716008 25718019 25727004 25728019 25731018 25732023 25732025 25736009 25737019 25740002 25740010 25743002 25747007 25748013 25751005 25756011 25758002 25759011 25759020 25762036 25763011 25763014 25764005 25764010 25765008 25767002 25767009 25767023 25768008 25769020 25769039 25771009 25773008 25774017 25775011 25776010 25776022 25778013 25779021 25781002 25785005 25788010 25789007 25790003 25792002 25793006 25793008 25793013 25794014 25794023 25794036 25795015 25796017 25796022 25797021 25799034 25801007 25804013 25805023 25806007 25812006 25813017 25815014 25817014 25818017 25818020 25819009 25821012 25823006 25824008 25825003 25828004 25830009 25831005 25831018 25833021 25834016 25835019 25837002 25845009 25848008 25848028 25849004 25850020 25850027 25851018 25851027 25852015 25852018 25853002 25853020 25854006 25854013 25855005 25855014 25857013 25859012 25860004 25860009 25865005 25866006 25866009 25867009 25868002 25868005 25871007 25872009 25872015 25872017 25874008 25875008 25876006 25878020 25879007 25880016 25880022 25881005 25881010 25881016 25881022 25882002 25882008 25883019 25884002 25884006 25884023 25884031 25885010 25885017 25885028 25886006 25887003 25888005 25889010 25890017 25891020 25894013 25896017 25897003 25897011 25899016 25899022 25902006 25902028 25902031 25904005 25910015 25910019 25912007 25913010 25915006 25916012 25917002 25918004 25918018 25921021 25921026 25924014 25928006 25929016 25932004 25936005 25938005 25939015 25939021 25940004 25940006 25940017 25941018 25947006 25947018 25948014 25950025 25950035 25951013 25954008 25954012 25956017 25958028 25961018 25962025 25965007 25965013 25966005 25974011 25976004 25976017 25981007 25983004 25985007 25988003 25988013 25991009 25996002 25998011 25999004 26009013 26011015 26015021 26016005 26018004 26021004 26021019 26021031 26022010 26024012 26024029 26024032 26026003 26026008 26031017 26033027 26036011 26036029 26037005 26037015 26038011 26038016 26039008 26039021 26039027 26040003 26041003 26045009 26046003 26046006 26046009 26046013 26046019 26048002 26049002 26049008 26050002 26050008 26050011 26052010 26054006 26055006 26055012 26058009 26058014 26059002 26060014 26060024 26062003 26062016 26063025 26065007 26066021 26067022 26067027 26068007 26069007 26071005 26072006 26072011 26072013 26073003 26074023 26076004 26076007 26076017 26078014 26078017 26078030 26079002 26079011 26079017 26079020 26080009 26081002 26081013 26082006 26082013 26084025 26086003 26086012 26086019 26087003 26087012 26087020 26089003 26090002 26090012 26092015 26093024 26093035 26094008 26094014 26095021 26095029 26096013 26096025 26097004 26099003 26099005 26100009 26104027 26105028 26106008 26106026 26107022 26109011 26111024 26111028 26112002 26112013 26114005 26114020 26114027 26116002 26116016 26118032 26126019 26127011 26129007 26129036 26131006 26132012 26133007 26133023 26134007 26134020 26135014 26135019 26136004 26137009 26138004 26138010 26138015 26139025 26140008 26140015 26141014 26141020 26142008 26142013 26144023 26146014 26147037 26148005 26150003 26150012 26150031 26150033 26151008 26151012 26152010 26152016 26152028 26152033 26154012 26157023 26158003 26160017 26162009 26162022 26164017 26166004 26166023 26167023 26168011 26169006 26169024 26170007 26171010 26171022 26174002 26175015 26177005 26177014 26177024 26178010 26179014 26179027 26180015 26181003 26181013 26182016 26183004 26183011 26183016 26184008 26185010 26186013 26186022 26187008 26189004 26189012 26190005 26191006 26194003 26194008 26199013 26201008 26203027 26204027 26204036 26205003 26205018 26206010 26207003 26207009 26207013 26207019 26207025 26209011 26210002 26210006 26210014 26210019 26210030 26211003 26212010 26212012 26213008 26214007 26214021 26214025 26215004 26215011 26215014 26215022 26217025 26218015 26218020 26218024 26218031 26219009 26220007 26220012 26220016 26221008 26221015 26221018 26222009 26223009 26224006 26224016 26224022 26225005 26225020 26226003 26228004 26228010 26228013 26228019 26229010 26230010 26230031 26230037 26232016 26233011 26234010 26234023 26234031 26235006 26235017 26236019 26239008 26240010 26240021 26241002 26241017 26241021 26242003 26242009 26243012 26245003 26245009 26246003 26246015 26247003 26247014 26248008 26248012 26249016 26250023 26250027 26252002 26253002 26254002 26256013 26257017 26258013 26262010 26263002 26263011 26263022 26263035 26265003 26265013 26269014 26271020 26272016 26273003 26273018 26274008 26274012 26275013 26276003 26276005 26277013 26278004 26280010 26280013 26280026 26280035 26281004 26281019 26282002 26282006 26282020 26283002 26283012 26285024 26286018 26287003 26287007 26289006 26290004 26290016 26291007 26293003 26293031 26295014 26296003 26296007 26297008 26298003 26299005 26299017 26300008 26302012 26303012 26304019 26306003 26309003 26309031 26311016 26312008 26313003 26313009 26314014 26316003 26316023 26316036 26318008 26319015 26320010 26320015 26321010 26322011 26323024 26325004 26325013 26325021 26326017 26326020 26327003 26327013 26328013 26329005 26329026 26330022 26332010 26332016 26332024 26333009 26333020 26333029 26334006 26336003 26336011 26336022 26336025 26337002 26337011 26338011 26339006 26339015 26340004 26340009 26341003 26341005 26343012 26344016 26345007 26345016 26346014 26347019 26348010 26349003 26349016 26351003 26351013 26351030 26352028 26353007 26354004 26354018 26355002 26355020 26355029 26355033 26356005 26356026 26357029 26357036 26357044 26358002 26358008 26358020 26360016 26361003 26361009 26361032 26362010 26362015 26362021 26362030 26363003 26363008 26363013 26364005 26364007 26364013 26364022 26364044 26365020 26365025 26366008 26366013 26366023 26366025 26367007 26367013 26367024 26368003 26368009 26368026 26369018 26369022 26370005 26370018 26371005 26371010 26372003 26372005 26374002 26374011 26374018 26374020 26375003 26377009 26379012 26379027 26380004 26380015 26381004 26382006 26383004 26385002 26385010 26387005 26387026 26388021 26389032 26391029 26391035 26392015 26392020 26393005 26393011 26394004 26394012 26394020 26395002 26395007 26395015 26396008 26396012 26396017 26396032 26397010 26398003 26398009 26398013 26398021 26399005 26400006 26400017 26401035 26403010 26403032 26404023 26405004 26405010 26405017 26405028 26406036 26407008 26407016 26408016 26408020 26408024 26410017 26410024 26410046 26411006 26411009 26412004 26412011 26413002 26415003 26415012 26416014 26417016 26418003 26418007 26419002 26419008 26420006 26421008 26421023 26422002 26422018 26423015 26423019 26423025 26424010 26424023 26424034 26426002 26426047 26427003 26428010 26428017 26429007 26429021 26430003 26430015 26431005 26431010 26432002 26432020 26433005 26433010 26434004 26434006 26434011 26434018 26435011 26435018 26435028 26436018 26437015 26437026 26437033 26439004 26439010 26439021 26440016 26441004 26441006 26441021 26443006 26443016 26445007 26445014 26445016 26446003 26446008 26447006 26447012 26448023 26450028 26451007 26452008 26452018 26452026 26452034 26452036 26454016 26456024 26456027 26456030 26457008 26457037 26458004 26459005 26459017 26459027 26460006 26461007 26461012 26462007 26462010 26462021 26463006 26463009 26463030 26465009 26465023 26465031 26466011 26466023 26466027 26467011 26469016 26469020 26470003 26470016 26470019 26471017 26472007 26472012 26475017 26476027 26477002 26478003 26479008 26480009 26480016 26480021 26481022 26482021 26483025 26484007 26484014 26485003 26485010 26486004 26486008 26486015 26489013 26490006 26490014 26491002 26491010 26492002 26492011 26492019 26493002 26493007 26494018 26494029 26495003 26495010 26495021 26496002 26499009 26500008 26500015 26501009 26503011 26504005 26506002 26506005 26506020 26507023 26507027 26509003 26510002 26511003 26511012 26513004 26513008 26514004 26514020 26514031 26515003 26515009 26515025 26516014 26517010 26519010 26520032 26520039 26522005 26523022 26523026 26526003 26526017 26527003 26527012 26528012 26528016 26528021 26528029 26529003 26530003 26531004 26532011 26532017 26532021 26533017 26534006 26535017 26535022 26536005 26538005 26538013 26539006 26540010 26540020 26541002 26541006 26542003 26543011 26544008 26544020 26545020 26546004 26546009 26546020 26547002 26548003 26548006 26548017 26548023 26549003 26549022 26550008 26550020 26551013 26551020 26552023 26556002 26556027 26556035 26557002 26557016 26557026 26560004 26561014 26562014 26563004 26564024 26565022 26566016 26566032 26569005 26571022 26572020 26572030 26574011 26574019 26575025 26576022 26577009 26578005 26579007 26579014 26580013 26581012 26581024 26582008 26582019 26583004 26583010 26583013 26583019 26584004 26584011 26584030 26584039 26586002 26586008 26588005 26588010 26588019 26589010 26593015 26594005 26595011 26596006 26596009 26597020 26597037 26599005 26600005 26600012 26600018 26600021 26601010 26602021 26605013 26606017 26607007 26607013 26607018 26607027 26608002 26608005 26608011 26608021 26608031 26608035 26611009 26612002 26612010 26612013 26613003 26613006 26613011 26613015 26615003 26615009 26615012 26615017 26615026 26615032 26615038 26616009 26616017 26616031 26617004 26617008 26618010 26619019 26623029 26625010 26625017 26625025 26626012 26627006 26627016 26628017 26628022 26629005 26629010 26629018 26629028 26630003 26632006 26633007 26633012 26633014 26636012 26637014 26638007 26638016 26638020 26639025 26639031 26643011 26643030 26645003 26649006 26649026 26649034 26650003 26650010 26650027 26651014 26651022 26651029 26652012 26652026 26653004 26654005 26655005 26655007 26657022 26657031 26658009 26658021 26658026 26660030 26661016 26661018 26662013 26662018 26663004 26663022 26664004 26666006 26666010 26667031 26668014 26669017 26669025 26671004 26671008 26671016 26672009 26674005 26674012 26674015 26675005 26676015 26677004 26678015 26678019 26678028 26679009 26679018 26679027 26679040 26680006 26680015 26681028 26682010 26682019 26682021 26682024 26683010 26684006 26685002 26686016 26687011 26688005 26688026 26689013 26689024 26690006 26690015 26690018 26690025 26690034 26691014 26692008 26692016 26693006 26693026 26695005 26695020 26696013 26696019 26697009 26697014 26697025 26697035 26697039 26697045 26698002 26698012 26699002 26699015 26699024 26700008 26700012 26700015 26700018 26700024 26701007 26701014 26702012 26704005 26704008 26705003 26705006 26705010 26705018 26705029 26707009 26708008 26710008 26711003 26711010 26711019 26712004 26715010 26715017 26716009 26716027 26718003 26718015 26719008 26719014 26719019 26719030 26719039 26720009 26721021 26722003 26722020 26722027 26723005 26724006 26724016 26724024 26725022 26726002 26726011 26727011 26727019 26728002 26729003 26729020 26731004 26731020 26731028 26732004 26732024 26733003 26734003 26734010 26734019 26734023 26734032 26734037 26735019 26737003 26737009 26738004 26738012 26740004 26740024 26741006 26741014 26741017 26742005 26742021 26744008 26744049 26744054 26747010 26748019 26748027 26748033 26749013 26750013 26752003 26752017 26753015 26754021 26755003 26755016 26756006 26756014 26757004 26757008 26757012 26757022 26757029 26758003 26759025 26759033 26760003 26760016 26760029 26761014 26763003 26765004 26765014 26766002 26767002 26767014 26768024 26768039 26769007 26770003 26770013 26771002 26771009 26771049 26772003 26772010 26772029 26773002 26773011 26773014 26773017 26773027 26774002 26774012 26775002 26775014 26775021 26776004 26777013 26778009 26779002 26779010 26779020 26779023 26780007 26780019 26780024 26781002 26781009 26781014 26781032 26781037 26782002 26782014 26783017 26783025 26784014 26784025 26784032 26784037 26784040 26784043 26785005 26785007 26785012 26785019 26785024 26785027 26786002 26786013 26786025 26788004 26788006 26788014 26789005 26791009 26791019 26792002 26792011 26792016 26794007 26794017 26794027 26795005 26795024 26797008 26797011 26797019 26797026 26797034 26798012 26798014 26799016 26800011 26801015 26801033 26802004 26802012 26803007 26803021 26804011 26805003 26805008 26806005 26806014 26806030 26806032 26809018 26810006 26811012 26811025 26812014 26813015 26814002 26814020 26815017 26816013 26817018 26817023 26818003 26819016 26819020 26820007 26820020 26821016 26821029 26822005 26822013 26822021 26822026 26822039 26823024 26823030 26823045 26824010 26824024 26825006 26825017 26825026 26827006 26828003 26828005 26829015 26830013 26831019 26832008 26832028 26832037 26833003 26833008 26833020 26835005 26835018 26835024 26835031 26837006 26837019 26837026 26837036 26838016 26839011 26839021 26840017 26840023 26841006 26841010 26841032 26841036 26842004 26842017 26844018 26844026 26846004 26846013 26846019 26847017 26847020 26848004 26848011 26849004 26849008 26849012 26849022 26849024 26849035 26850012 26850041 26850052 26851005 26852005 26854006 26854010 26854019 26854025 26855013 26855017 26855025 26856003 26856005 26856009 26857004 26857017 26857026 26857044 26857063 26858004 26859009 26859014 26860005 26861023 26862004 26863005 26864040 26865035 26866003 26866005 26866010 26866021 26866023 26866028 26868014 26868018 26869011 26869019 26869028 26870019 26870028 26871002 26871008 26871010 26872003 26872008 26873004 26873008 26873011 26874004 26874006 26874014 26875008 26876002 26876009 26879004 26879009 26879011 26879016 26881003 26881005 26881012 26881021 26883012 26883017 26883020 26883031 26883045 26885012 26886004 26886021 26888016 26889019 26891007 26891010 26891022 26891025 26893007 26893011 26893014 26893021 26893025 26893043 26894003 26894016 26894021 26894026 26895002 26895009 26895013 26895015 26896003 26897009 26897027 26898007 26899004 26899013 26902009 26902016 26902025 26903004 26903008 26903021 26905021 26906005 26906013 26906035 26907003 26910006 26910015 26910022 26910036 26911003 26912009 26912013 26913002 26914025 26914032 26914038 26915017 26915024 26915030 26916016 26916039 26916045 26916048 26916051 26916053 26918016 26918025 26919036 26920017 26921003 26921017 26921024 26921026 26922003 26922014 26922020 26922040 26923003 26923009 26924012 26924015 26924024 26924033 26926009 26926016 26926022 26927040 26929005 26929014 26929023 26930002 26930011 26930013 26930019 26931007 26932011 26933011 26933016 26935018 26935027 26935033 26935039 26936002 26936005 26938002 26939018 26940011 26940024 26941003 26942004 26943007 26944008 26945029 26945038 26948018 26948042 26950002 26950007 26951006 26951010 26952017 26953005 26954004 26954011 26954024 26955014 26956012 26956017 26957011 26958014 26961025 26961034 26962007 26962016 26964018 26964046 26965004 26965014 26966003 26967002 26967007 26967024 26967038 26967050 26968009 26968016 26969002 26969010 26970002 26970018 26971009 26972023 26972036 26972048 26972052 26972056 26973006 26973015 26973030 26974004 26974018 26975009 26976004 26976008 26976013 26977005 26977009 26977017 26977022 26978003 26978009 26978015 26978021 26978025 26979019 26979029 26979038 26980003 26980024 26981022 26982004 26983023 26983029 26984011 26984015 26985010 26986008 26986021 26987010 26987029 26988011 26988021 26988026 26988035 26989005 26989028 26990031 26991016 26992011 26993008 26993012 26994003 26994012 26997014 26997018 26997023 26997031 26999014 27000002 27000011 27001011 27003008 27003016 27003029 27004004 27004006 27004012 27005009 27005018 27005031 27006003 27007005 27008011 27008022 27008024 27009035 27010022 27011003 27012018 27012027 27013035 27013039 27014007 27014027 27015006 27015024 27016014 27017002 27017015 27017018 27018009 27018012 27019003 27019010 27019019 27019033 27020007 27020015 27021009 27021022 27021024 27022007 27022027 27022036 27023005 27023028 27024015 27025027 27027017 27028015 27030031 27031008 27032003 27032008 27032018 27033019 27033043 27033047 27033052 27034005 27035008 27035010 27035019 27036003 27036011 27036014 27036024 27036033 27037011 27038008 27038013 27039012 27039026 27039033 27040005 27040012 27040020 27043004 27043016 27044003 27044021 27044027 27045007 27046009 27046016 27047006 27047025 27047030 27048006 27048021 27048029 27049004 27049010 27049017 27050017 27051007 27051011 27051015 27051029 27052019 27052023 27052026 27053005 27053013 27054009 27054013 27054021 27055004 27055031 27056006 27056016 27057007 27057020 27057027 27058008 27059014 27059022 27062004 27062006 27063004 27063006 27063024 27063029 27064032 27065020 27068003 27068016 27069016 27069024 27070006 27070015 27070018 27070023 27070037 27071006 27071011 27072005 27072012 27072021 27072028 27073013 27074009 27075002 27075004 27075009 27076002 27076021 27077004 27077013 27077015 27078003 27078007 27079003 27079007 27079017 27079021 27079026 27080015 27081004 27081009 27081018 27081021 27081028 27081033 27081039 27082007 27082009 27082019 27082026 27082032 27083008 27083014 27083018 27083022 27083029 27083035 27083038 27084029 27085004 27085020 27085023 27086006 27086035 27087008 27087010 27087013 27088006 27088022 27088032 27089007 27089011 27090007 27090019 27091004 27091017 27092003 27092008 27092012 27092018 27094025 27094028 27094034 27095002 27095006 27095011 27096026 27096043 27097013 27098003 27098028 27098037 27099009 27099027 27099032 27099036 27100004 27100007 27101003 27101007 27101012 27101017 27102004 27102013 27102029 27102032 27102036 27103005 27103024 27103032 27103044 27104009 27104014 27104016 27104022 27104031 27105020 27106004 27107003 27107011 27107013 27107031 27108006 27108015 27108018 27109005 27110007 27111011 27111024 27111038 27112004 27112014 27113013 27114023 27115019 27115023 27115030 27116003 27116014 27116029 27117017 27118012 27119038 27121004 27121021 27122011 27122016 27122021 27122032 27122061 27123004 27123007 27123011 27124003 27125015 27125018 27125035 27125038 27125042 27125048 27125053 27126006 27126023 27127011 27128014 27128022 27129003 27129017 27129023 27129025 27130030 27131009 27131024 27132004 27132008 27132019 27133003 27133005 27133024 27134007 27134017 27134022 27135007 27136008 27136018 27136034 27137008 27137014 27137016 27137020 27137027 27138020 27138023 27139007 27139023 27141005 27142011 27143024 27143030 27144006 27144008 27144027 27145016 27146005 27146012 27146031 27147009 27148003 27148012 27148020 27149002 27149010 27149019 27149022 27150010 27150015 27151002 27151012 27151015 27151024 27151031 27152004 27152026 27152031 27152039 27152042 27152048 27153004 27153014 27153028 27154014 27154028 27155004 27155016 27155029 27155038 27156008 27156016 27157009 27157017 27157025 27157034 27157039 27158008 27158013 27158016 27158033 27159004 27159016 27159018 27159054 27159058 27160005 27160022 27160028 27160034 27161006 27161025 27161035 27162002 27162013 27162026 27163003 27164004 27165018 27166002 27166007 27166019 27166025 27168011 27168041 27169006 27169015 27169024 27169031 27169036 27170003 27170008 27171005 27173006 27173013 27174003 27176016 27177002 27177013 27177023 27178015 27178017 27178023 27179007 27180027 27181013 27182003 27182017 27183004 27183013 27183018 27184008 27184017 27185007 27186004 27186021 27186027 27187012 27187015 27187024 27189005 27189025 27189029 27189038 27190022 27190026 27191006 27191010 27192007 27192021 27193005 27193016 27194012 27194017 27194021 27195017 27196004 27196011 27197004 27197018 27198003 27198012 27198016 27199007 27199018 27200008 27200016 27201005 27201023 27202010 27203007 27204047 27204050 27206004 27207005 27207008 27207010 27207031 27208007 27209003 27209025 27209035 27210011 27211005 27211020 27212004 27213022 27214023 27215015 27215019 27216002 27216012 27216032 27217005 27219020 27219033 27220012 27221004 27222015 27223003 27223007 27226004 27227017 27227022 27228003 27228006 27230014 27230022 27231004 27231020 27232003 27232012 27233016 27234004 27234051 27237015 27238003 27239004 27239006 27239010 27239013 27239032 27240002 27240007 27240010 27242004 27244025 27244033 27245014 27247002 27247006 27248019 27248022 27249003 27250022 27252016 27253020 27254015 27255015 27255020 27256011 27256028 27257013 27257033 27258002 27258016 27258020 27258026 27258034 27258037 27259003 27262012 27262026 27263004 27263020 27264004 27264008 27264020 27264031 27264035 27267006 27267010 27267012 27268011 27269011 27270008 27273003 27274008 27275014 27278005 27278011 27279016 27279027 27281005 27281013 27282006 27282009 27282043 27283030 27284005 27284024 27284026 27285005 27285010 27286004 27286016 27288011 27288030 27289013 27289019 27290012 27290019 27290021 27291012 27293009 27293017 27293025 27293038 27293044 27294006 27294013 27294019 27295007 27295011 27296030 27296034 27297003 27298008 27298020 27298030 27298046 27299005 27299025 27300006 27301018 27302009 27302022 27303003 27304009 27305014 27305020 27305030 27306013 27307002 27307006 27307012 27307026 27309009 27309018 27309024 27310012 27313002 27313010 27313015 27313031 27314003 27315012 27315015 27316003 27316010 27316016 27316019 27317014 27318013 27319017 27320005 27320015 27320023 27320033 27321002 27321005 27323016 27323027 27324003 27324006 27324012 27324026 27325006 27325016 27325020 27325043 27326017 27326030 27326036 27327010 27327012 27328023 27328032 27329003 27330007 27331012 27332004 27334036 27334038 27336016 27336024 27337007 27337022 27341005 27341040 27342025 27342027 27343012 27343022 27344011 27344023 27344032 27345003 27345005 27345010 27345016 27345018 27345030 27345040 27346002 27346004 27346015 27346026 27347006 27347014 27347021 27347028 27347030 27349021 27349040 27352020 27354009 27354016 27355013 27355027 27356003 27356010 27356020 27357024 27359012 27359019 27360002 27360008 27361007 27361020 27362005 27363006 27363010 27365012 27365017 27366014 27366017 27367007 27367014 27368011 27368020 27368024 27369004 27371018 27372012 27372015 27373010 27373016 27373025 27374007 27374012 27374022 27374043 27375008 27375026 27376008 27378010 27378015 27378024 27378039 27380003 27380011 27380031 27381011 27383012 27384011 27385007 27385017 27385022 27385026 27385034 27386008 27386022 27386025 27388017 27388023 27388029 27388040 27388042 27389019 27390012 27390021 27390023 27390031 27390056 27391008 27391015 27393004 27394007 27394033 27395004 27395022 27396005 27396027 27397003 27397013 27397031 27398011 27399019 27400011 27400015 27401017 27401021 27401036 27403018 27404011 27404021 27404023 27404029 27405014 27405026 27405032 27406006 27406011 27406033 27406037 27407005 27407010 27408005 27408009 27409018 27409053 27410004 27410007 27410011 27410014 27410018 27411002 27411014 27411016 27411019 27411035 27412004 27413014 27413020 27414004 27414011 27414015 27414020 27415005 27415014 27417007 27418021 27420002 27420007 27421007 27421015 27422005 27422009 27423004 27423011 27424026 27424030 27424032 27425009 27425018 27426003 27426006 27426022 27426027 27428026 27429020 27429027 27429029 27430011 27430022 27430037 27430039 27431007 27433012 27433016 27433022 27434007 27434022 27434026 27436009 27436025 27437025 27437032 27437040 27437043 27438005 27438013 27438022 27438026 27438032 27441010 27441023 27442011 27442022 27442041 27443008 27443015 27445041 27446010 27447002 27447006 27447015 27447024 27447026 27447039 27448022 27449007 27450022 27450032 27450046 27451004 27451011 27451031 27451037 27452002 27452006 27453031 27453037 27454005 27454011 27455012 27455038 27455044 27456005 27457010 27457029 27458009 27459004 27459010 27459019 27459024 27462008 27463004 27464005 27465006 27465045 27465050 27467029 27468005 27468010 27469004 27469011 27470004 27470018 27471004 27472048 27473016 27473020 27474006 27474019 27475005 27475020 27476013 27476016 27476027 27477004 27478016 27478021 27479032 27479039 27482012 27483017 27483025 27485008 27487027 27487034 27488007 27488024 27488036 27489004 27489011 27490004 27490014 27490022 27491009 27491019 27492006 27494024 27494029 27494034 27495003 27495005 27496014 27496024 27496030 27497019 27497030 27498024 27498036 27499006 27499010 27499016 27499028 27499043 27500005 27500013 27500018 27500028 27501011 27501016 27502016 27502032 27502046 27502048 27502053 27503014 27503024 27504014 27504016 27504021 27504024 27504032 27505018 27506003 27506027 27507006 27507016 27508004 27508009 27508013 27508018 27508020 27508024 27509002 27509020 27510007 27510014 27510024 27511015 27511025 27511035 27512004 27512013 27513003 27514002 27514014 27514020 27516013 27517010 27517029 27518027 27519009 27520004 27520018 27520027 27520032 27521012 27521032 27521041 27521044 27521050 27521058 27522005 27522014 27522021 27522035 27523024 27524007 27524024 27524031 27525014 27525024 27526018 27526020 27526025 27526034 27526039 27527006 27527020 27527035 27527044 27529004 27529028 27529031 27530020 27530041 27530048 27530051 27531013 27532009 27532013 27533004 27533012 27533020 27534017 27535004 27535027 27536016 27536024 27537002 27538009 27539012 27539029 27540017 27540019 27541022 27542019 27542024 27543017 27543022 27544012 27544019 27545006 27545013 27545027 27546013 27546029 27547009 27548002 27548015 27549023 27550004 27550017 27550026 27551003 27551022 27551027 27551034 27552005 27552008 27552017 27552034 27553005 27553011 27553019 27554004 27554011 27554020 27554026 27555014 27555025 27555035 27555042 27556025 27556030 27560017 27560040 27561012 27562005 27562020 27563008 27563022 27563029 27563033 27564004 27564041 27564059 27565002 27565009 27565015 27565024 27566006 27566011 27566022 27567007 27567009 27568003 27568021 27569014 27569020 27570002 27570011 27571008 27571012 27572019 27573003 27573016 27573026 27575009 27575018 27576040 27577012 27579010 27579018 27579034 27580003 27581005 27582025 27583025 27583030 27583032 27584004 27584008 27584014 27585003 27585033 27585043 27585047 27585065 27586004 27586012 27586035 27587003 27587014 27588025 27588033 27589010 27590009 27590040 27591010 27592013 27592019 27592023 27593003 27594012 27594015 27594031 27595004 27595036 27595065 27595070 27596012 27596021 27596030 27596034 27597002 27598020 27598026 27599014 27599032 27601016 27601021 27602005 27602007 27602022 27602029 27602035 27603004 27603008 27603012 27603016 27603021 27604003 27604021 27605005 27605009 27605029 27606006 27606016 27610037 27611009 27611031 27611038 27612003 27612008 27612017 27612031 27612042 27612058 27613008 27614005 27614011 27614015 27615011 27615020 27615026 27615034 27616016 27617006 27618013 27618024 27618028 27619039 27620006 27620015 27621005 27621010 27621021 27621042 27622019 27623004 27623009 27624007 27624010 27624013 27624016 27624026 27624036 27625015 27625023 27626009 27626025 27626037 27627008 27627012 27628005 27628007 27628011 27628014 27628035 27630016 27630022 27633007 27633018 27633031 27633035 27634005 27634017 27635010 27636033 27636042 27637004 27637006 27637014 27637017 27638028 27638030 27639002 27640003 27640005 27640010 27640023 27642006 27642018 27642021 27642027 27643015 27644016 27645003 27645007 27645010 27645012 27646013 27646024 27647006 27649009 27649012 27649018 27649023 27650002 27650009 27650011 27650017 27651003 27651009 27651013 27651016 27651025 27651030 27651035 27651039 27652018 27653005 27653019 27654002 27654007 27654012 27655009 27655015 27655023 27655038 27655042 27655046 27655054 27655059 27656003 27656021 27657006 27657028 27657032 27658012 27658015 27658019 27658026 27659003 27659030 27660002 27661004 27662005 27662018 27662021 27662034 27662038 27663015 27664005 27664009 27665005 27665013 27665021 27666003 27666011 27666018 27666022 27666031 27666041 27667003 27667014 27667019 27668006 27668008 27668018 27668025 27668031 27669022 27669029 27670007 27670012 27670024 27671005 27671007 27671020 27672003 27672013 27672021 27672024 27672029 27673004 27673006 27673015 27674002 27675003 27675006 27675009 27676025 27676031 27676036 27676046 27677015 27678018 27678020 27679011 27679019 27680006 27680010 27681022 27681029 27682006 27683018 27684018 27684026 27685005 27685030 27685038 27685044 27686004 27686031 27686050 27687003 27687020 27687026 27689004 27689010 27689037 27689049 27690009 27691041 27691043 27691048 27692003 27692007 27692010 27692021 27692036 27693008 27693018 27693028 27693034 27693043 27693049 27693056 27694016 27695005 27695011 27695027 27696006 27696013 27696024 27696026 27697008 27697029 27697040 27698009 27698027 27698031 27698033 27699005 27699023 27699029 27699033 27700009 27700012 27700021 27700026 27701003 27701007 27701012 27702003 27702007 27704005 27705012 27705021 27706010 27706013 27706017 27707011 27708002 27708010 27708020 27708040 27708047 27708054 27708060 27708065 27709002 27709014 27709021 27710004 27710010 27710014 27710048 27711002 27711011 27711013 27712008 27713003 27713010 27713013 27714006 27714018 27715006 27715010 27715014 27715025 27715030 27716002 27716012 27716016 27717028 27719015 27719036 27720003 27720018 27721013 27721017 27721021 27722002 27722014 27723018 27723024 27724027 27725011 27725021 27726003 27726009 27726027 27727002 27727009 27727014 27727022 27728007 27729006 27729008 27729013 27729029 27730010 27730027 27731016 27731023 27732005 27732018 27732024 27733006 27733021 27733028 27734012 27734026 27735005 27735015 27735030 27735035 27735041 27736005 27736009 27736020 27738005 27738012 27738039 27739006 27740006 27740024 27740035 27741009 27741034 27741040 27741047 27741058 27742011 27742013 27743007 27743010 27743020 27743025 27743031 27744003 27744009 27744013 27744025 27744028 27744040 27745004 27745009 27745027 27745034 27746004 27746018 27746021 27746025 27746030 27747005 27747007 27748007 27749019 27750003 27750011 27750022 27750044 27751006 27751015 27751018 27752005 27752015 27752027 27753029 27754004 27754013 27754024 27755003 27755008 27755022 27756026 27756043 27757016 27758002 27758006 27758026 27762003 27762024 27764029 27765012 27765027 27765037 27766004 27766010 27766012 27767017 27768006 27768008 27769003 27769007 27769022 27769026 27770007 27770021 27771004 27771015 27772002 27772023 27772037 27773002 27773013 27774021 27775003 27775007 27775028 27776012 27776017 27776022 27776032 27777005 27778006 27778015 27778024 27778030 27779010 27780003 27780026 27780030 27780038 27781016 27782007 27783016 27784018 27784031 27784043 27784049 27785015 27786010 27786015 27786022 27788005 27788010 27788023 27789017 27789035 27790016 27790020 27791015 27791019 27791027 27792017 27793025 27795021 27795028 27795032 27796010 27797022 27799011 27799013 27801014 27801018 27802009 27803006 27803025 27803031 27804005 27804007 27804021 27805004 27805009 27805027 27806004 27806014 27807005 27807019 27807023 27808003 27808007 27808017 27808039 27808043 27809011 27812015 27813003 27813008 27813016 27814003 27814008 27814010 27815005 27816026 27817003 27817009 27817016 27819009 27820035 27821011 27821014 27822003 27822010 27822032 27823003 27823027 27823036 27823042 27824005 27824009 27824015 27824021 27825003 27825009 27826007 27826025 27827005 27827014 27827025 27828004 27828008 27828020 27828026 27830003 27830017 27831019 27831028 27831036 27831043 27832009 27832015 27834012 27834020 27834032 27835021 27835029 27836007 27837010 27838004 27838011 27838040 27838046 27839004 27839010 27839014 27839017 27840005 27841002 27841020 27842030 27843008 27844003 27844008 27844041 27845006 27846005 27846028 27846041 27847010 27847044 27848004 27848010 27849006 27849014 27850005 27850016 27850047 27851018 27852004 27852010 27852015 27852022 27853008 27853020 27853028 27853038 27855012 27856009 27857006 27857019 27858003 27858034 27858043 27859004 27859019 27859027 27860005 27860009 27860017 27861005 27861013 27862006 27863007 27863010 27863020 27863035 27863041 27863046 27863051 27863053 27863068 27864016 27865009 27865014 27865031 27865036 27866007 27866010 27866016 27866021 27866040 27868003 27868015 27869006 27869014 27869018 27869029 27870007 27871005 27871008 27871017 27871019 27872003 27872024 27872032 27873017 27873031 27873035 27874010 27874012 27875005 27875012 27875017 27876008 27877006 27877008 27877014 27877031 27877041 27877049 27878003 27878014 27878029 27878034 27879011 27880013 27880022 27880032 27880034 27881010 27881016 27881023 27882004 27883009 27883016 27883020 27883025 27884013 27884025 27885007 27886005 27887004 27887006 27887019 27887024 27887029 27888007 27888011 27889006 27889021 27889037 27890002 27890024 27891015 27892005 27893005 27894013 27894018 27895004 27895007 27895009 27895022 27895024 27896005 27896008 27896028 27896035 27897024 27898005 27898013 27899004 27900016 27900024 27901013 27902008 27902012 27902017 27902025 27902033 27903010 27903018 27903020 27904004 27904006 27904015 27904017 27904024 27904037 27904042 27905004 27905018 27906008 27906021 27906025 27906030 27906048 27907023 27908008 27908020 27909013 27909017 27910004 27910013 27910025 27910030 27911007 27911009 27911015 27911018 27911022 27911030 27912003 27912014 27913005 27913017 27913024 27913030 27914005 27914020 27915013 27915019 27915036 27915050 27916005 27916007 27916010 27916013 27917010 27917030 27917037 27917049 27917054 27917062 27918003 27918006 27918014 27918018 27919005 27919009 27919015 27919020 27919031 27920015 27920028 27921009 27921039 27921043 27922004 27922012 27922017 27922022 27922026 27923027 27923036 27923047 27923053 27923057 27925011 27925025 27925033 27926003 27926006 27927006 27927021 27928004 27928019 27928022 27928031 27928034 27929008 27930004 27931004 27931019 27935004 27937007 27937015 27938020 27939031 27940014 27940027 27941015 27942017 27943002 27943017 27944030 27944046 27946021 27947007 27947010 27948008 27948019 27948053 27948058 27949003 27949016 27950008 27950019 27951015 27951029 27951032 27952002 27952008 27952022 27953007 27955005 27956004 27956013 27956018 27956029 27957008 27958003 27958015 27958024 27958040 27959003 27959013 27963014 27964012 27965009 27965013 27965020 27966030 27967023 27968024 27969004 27971016 27971021 27973007 27974004 27974008 27975004 27975024 27975034 27976028 27977004 27977016 27977026 27978004 27978019 27980004 27981017 27982003 27983003 27983019 27985014 27985018 27987005 27988010 27988025 27989005 27989019 27990007 27991005 27991011 27991017 27992005 27994011 27995008 27995018 27996007 27996014 27997006 27997009 27997021 27997029 27997043 27998007 27999012 27999027 28000027 28000038 28001003 28001009 28003004 28004009 28008004 28011002 28011014 28011023 28011038 28011042 28012029 28013015 28013030 28014004 28014007 28014019 28015003 28016016 28016021 28016024 28017002 28017012 28017024 28018007 28019030 28022003 28023003 28024013 28024015 28025006 28027017 28028008 28028024 28029017 28029027 28033006 28034043 28036011 28036019 28037020 28037028 28038003 28039004 28040004 28040022 28041031 28048003 28048022 28050013 28050023 28050042 28051007 28051020 28052003 28052008 28053004 28054010 28054025 28055005 28057002 28057017 28058012 28058028 28059033 28061004 28061009 28061018 28062009 28063005 28063012 28064025 28066006 28067005 28068004 28068015 28068022 28068034 28069004 28069010 28069015 28069035 28070006 28071004 28072011 28072020 28073006 28073034 28075009 28075025 28076003 28078020 28079005 28080021 28083017 28084004 28084021 28085028 28086016 28091016 28092003 28092017 28096004 28096014 28097017 28097033 28098042 28098046 28098053 28099010 28099017 28099024 28100003 28100024 28101012 28101014 28102003 28103005 28104014 28105005 28105010 28105018 28105026 28105036 28105048 28105051 28106015 28108012 28108017 28108021 28111020 28112014 28113014 28114003 28114008 28115003 28115009 28115024 28115029 28115036 28116005 28116008 28116013 28116019 28121003 28122008 28123003 28125008 28127029 28128011 28128017 28129009 28130021 28131009 28132008 28132026 28133004 28133009 28133014 28134005 28134051 28136003 28136011 28137003 28137007 28137016 28138012 28142005 28142016 28143006 28143011 28143019 28143027 28144003 28144014 28144017 28145006 28147004 28147028 28147035 28148012 28150017 28151007 28151015 28152011 28153005 28153011 28153014 28153025 28157005 28157010 28157016 28157021 28157027 28157034 28158002 28159014 28160009 28160037 28161013 28162002 28165004 28165013 28165022 28166022 28167008 28167017 28167039 28168003 28169014 28169020 28170016 28173006 28173010 28173016 28173039 28174004 28174012 28174018 28174026 28175013 28176006 28177005 28177016 28177022 28177033 28179003 28179017 28180003 28182015 28183012 28184003 28185011 28185017 28185023 28186014 28186022 28187004 28187014 28188012 28189004 28189010 28190006 28190009 28190013 28190020 28191016 28192008 28192013 28193014 28194003 28195009 28195014 28195017 28197020 28198022 28199003 28200005 28201002 28201020 28202005 28204015 28205008 28206014 28207021 28209003 28209012 28209022 28209028 28210004 28210015 28210019 28211013 28212025 28213003 28216019 28216024 28216029 28217025 28217027 28218006 28218012 28221031 28222004 28222026 28222033 28223003 28223025 28224009 28224016 28225013 28226015 28226021 28226028 28226037 28227008 28227014 28228039 28230017 28231004 28231013 28232003 28233022 28235029 28235041 28235051 28236008 28236016 28236022 28239004 28239012 28240010 28241009 28243003 28244005 28246003 28247007 28247041 28249003 28249022 28249033 28250004 28251009 28251014 28251021 28251029 28252004 28252047 28254022 28254026 28265017 28265021 28265024 28265027 28266005 28266010 28266019 28268006 28268013 28268024 28269008 28270007 28270018 28271003 28273014 28274009 28276004 28277006 28278024 28279002 28279021 28284016 28284024 28284029 28285010 28285037 28286007 28286017 28286028 28287008 28287013 28287035 28289008 28289016 28289030 28291026 28291030 28292005 28292023 28298004 28298036 28300005 28301031 28303006 28304025 28305011 28306015 28307004 28307016 28307022 28307027 28308008 28308022 28309012 28312015 28313032 28317003 28318022 28318028 28319017 28319021 28320034 28320047 28321016 28322024 28323019 28324002 28324015 28325005 28325025 28327003 28328038 28329004 28331031 28331036 28331049 28331056 28332014 28332021 28335004 28337004 28338002 28339016 28341024 28344010 28344027 28345012 28346008 28348005 28349016 28350010 28355026 28358006 28359005 28359011 28362027 28362032 28365015 28365021 28365041 28369004 28369012 28369024 28369031 28370002 28370007 28371025 28372016 28373003 28374013 28378003 28380019 28381005 28381031 28382006 28382025 28382028 28383005 28383007 28383011 28383018 28384006 28384012 28384022 28384025 28384031 28385006 28385019 28385038 28385045 28386003 28386012 28387004 28387018 28387026 28387036 28387043 28387046 28388009 28388016 28388019 28389004 28389011 28389015 28390014 28390023 28390025 28390033 28391005 28391019 28391032 28392003 28392019 28392024 28393013 28394003 28394010 28394020 28394029 28394036 28394042 28394050 28395014 28396022 28396025 28396031 28397016 28398002 28398009 28399006 28399016 28399019 28399024 28400004 28400010 28400016 28401008 28401012 28401021 28401025 28401034 28402004 28402008 28402012 28402016 28402021 28402024 28403009 28404022 28404028 28404033 28404038 28405003 28405010 28405014 28405017 28406007 28406028 28407004 28407028 28408003 28408011 28408018 28408021 28409008 28410007 28411004 28411023 28412004 28413024 28414023 28414034 28415011 28416019 28416023 28416034 28416040 28417002 28417012 28418012 28419002 28419006 28420003 28420013 28420022 28421008 28421013 28421021 28421025 28421033 28421039 28422005 28424003 28424011 28424018 28425010 28425018 28426004 28427009 28427017 28428008 28428016 28429017 28429021 28430007 28430014 28430021 28430025 28430031 28431007 28431013 28432006 28434004 28434011 28435015 28436006 28437003 28437024 28438002 28438012 28439013 28439022 28439031 28439037 28439057 28439061 28440009 28440011 28440020 28440026 28440040 28440047 28441009 28442013 28442023 28442038 28443012 28443017 28443023 28443034 28444003 28444007 28444023 28444029 28444033 28445006 28445014 28445020 28445026 28445031 28446003 28446011 28446018 28446021 28446027 28447003 28447006 28447009 28447015 28447022 28447026 28447029 28448002 28448006 28449004 28449034 28449043 28449048 28450004 28450011 28450015 28451003 28451005 28451033 28452005 28452013 28453004 28453007 28453012 28453020 28453031 28454005 28454010 28454019 28455003 28455014 28456011 28456028 28457010 28457024 28457028 28458003 28458011 28458020 28458041 28458049 28460004 28460020 28461004 28461016 28462008 28462023 28462035 28462047 28463009 28463028 28463032 28463039 28463045 28464007 28465022 28465035 28465040 28466003 28466013 28466019 28466044 28467009 28467015 28467026 28467040 28467045 28469016 28469032 28469040 28470007 28470011 28471009 28471016 28471024 28473010 28473013 28474013 28475012 28476005 28476011 28476017 28476025 28477012 28478014 28478018 28478024 28479042 28480006 28480015 28480018 28480024 28480029 28480034 28480036 28481017 28481022 28481025 28481033 28481036 28481042 28482004 28482014 28484013 28484030 28485011 28485014 28486004 28486010 28486014 28487008 28487016 28487035 28488002 28489002 28490012 28490019 28491003 28491023 28491025 28492002 28492007 28492013 28492016 28492020 28492025 28492031 28492034 28493014 28493031 28494002 28494006 28495007 28495013 28495033 28496011 28496014 28496024 28498008 28498014 28498020 28499017 28500008 28500014 28500020 28500033 28500039 28500043 28501007 28501019 28502010 28502030 28502050 28502058 28503015 28503025 28503032 28503039 28503045 28504012 28504025 28504033 28504046 28505011 28505018 28505027 28506012 28506021 28506034 28507009 28507021 28508002 28510019 28510024 28511003 28512015 28513009 28513011 28513020 28513029 28514010 28515004 28515014 28515018 28516015 28516032 28517002 28517012 28518022 28519010 28519024 28519029 28519033 28520002 28520025 28522014 28522021 28522031 28523006 28523021 28523030 28523033 28523047 28524009 28524031 28525004 28525024 28526007 28526017 28527026 28528012 28528024 28529010 28529021 28529028 28529033 28530014 28531010 28532012 28532026 28534005 28534007 28534022 28534026 28534046 28534048 28535003 28535012 28535024 28535037 28535059 28536006 28536013 28536017 28536021 28536025 28536034 28536038 28536043 28537009 28537022 28538011 28538022 28538035 28539008 28539020 28540013 28540017 28540023 28541006 28541012 28541015 28541020 28542003 28542011 28542016 28542027 28542034 28543005 28543010 28543025 28543030 28544003 28545002 28546002 28546012 28546025 28547007 28547011 28548004 28548012 28548018 28548028 28549002 28549006 28549019 28550006 28550011 28550025 28551011 28551021 28551034 28552003 28552014 28552024 28553004 28553008 28553016 28553021 28553028 28553036 28553040 28553043 28553050 28554022 28555004 28555012 28556013 28556017 28556026 28556030 28556042 28557005 28557016 28557024 28557030 28558004 28558009 28558016 28558025 28558029 28559012 28559016 28559019 28559031 28559039 28560003 28560011 28560019 28560024 28561004 28561006 28561011 28561025 28561027 28561039 28561047 28561050 28562005 28562007 28562013 28562021 28562033 28562037 28563005 28563007 28563026 28563030 28563034 28563040 28564003 28564011 28564014 28565012 28565030 28566012 28566018 28566037 28566045 28567005 28567015 28568002 28568006 28568008 28568012 28568014 28568018 28568022 28568030 28568035 28568041 28569019 28569030 28569033 28570005 28570009 28571004 28571008 28572005 28572011 28572019 28572026 28573005 28573023 28574004 28574019 28575006 28575020 28575026 28575033 28576003 28577003 28577008 28577017 28578003 28578013 28579012 28579023 28579028 28580007 28581006 28581013 28581018 28581028 28581040 28581056 28582009 28582018 28583002 28583005 28583015 28584005 28584012 28584019 28584029 28584043 28585004 28585011 28585017 28585023 28586011 28587013 28588008 28588024 28589003 28589010 28589028 28590013 28591006 28591014 28591022 28591027 28591035 28591042 28591046 28592013 28594006 28594010 28595018 28596010 28597019 28598006 28598015 28598019 28598023 28599003 28599011 28599014 28600020 28601005 28601011 28601022 28601024 28601030 28602008 28603002 28603014 28604003 28604031 28604036 28604040 28605004 28605016 28605021 28606014 28606028 28607011 28607017 28607022 28608003 28608017 28608020 28608024 28609003 28609011 28610003 28610017 28611009 28612003 28612010 28612017 28612020 28613013 28613020 28614010 28615013 28615015 28616007 28616015 28617021 28617028 28618004 28619016 28619019 28621012 28622009 28623033 28623043 28623048 28624013 28624020 28624025 28625011 28625017 28625026 28626009 28626014 28626022 28626028 28626032 28627011 28627018 28627023 28628003 28628009 28628014 28628025 28629003 28630004 28630015 28630022 28632005 28634017 28634021 28635024 28635029 28635032 28635037 28636005 28637011 28637020 28638011 28638028 28638034 28639005 28639008 28640007 28640012 28641007 28641017 28642004 28643003 28643005 28643019 28644003 28644008 28644013 28644026 28645003 28645026 28645029 28645039 28645047 28646002 28646010 28646016 28647003 28648006 28648022 28648036 28648040 28649004 28650003 28650006 28650012 28650021 28651007 28651012 28651021 28652007 28653007 28653013 28653023 28654003 28656005 28656011 28656022 28657014 28658007 28658010 28658021 28658028 28659009 28659016 28659019 28659025 28661006 28661011 28661025 28662013 28663009 28663051 28665017 28667012 28667016 28667021 28667026 28668023 28668038 28669006 28669016 28669023 28672015 28673015 28674010 28674013 28674022 28674029 28674047 28674061 28675008 28675014 28676006 28676009 28676015 28677003 28677009 28677015 28677017 28677023 28677025 28677042 28678006 28678028 28678032 28678042 28678048 28679004 28679014 28679029 28680014 28681006 28681029 28682009 28682021 28683017 28683020 28684002 28684008 28684016 28684026 28684032 28684049 28684054 28685009 28685020 28685028 28685032 28685039 28686003 28686017 28686021 28686025 28686033 28687006 28688015 28688024 28688033 28689004 28689009 28689014 28690004 28690010 28690017 28690024 28690028 28691009 28691016 28691022 28691025 28692015 28693009 28693015 28693018 28694003 28694006 28694010 28694017 28694022 28694034 28695028 28695036 28696007 28696013 28697002 28697010 28698007 28698009 28698019 28698025 28699018 28699034 28699037 28700005 28700016 28700023 28700029 28700031 28700040 28700043 28701019 28702009 28702013 28703006 28703012 28703018 28703027 28704022 28705008 28705019 28705045 28706013 28706017 28707004 28707012 28707027 28707030 28708006 28708011 28708017 28709005 28709019 28710014 28710016 28710021 28710024 28711004 28711007 28712002 28713003 28713018 28714024 28715011 28716016 28716029 28716034 28717006 28719003 28720003 28720024 28721010 28721013 28722009 28722025 28722033 28723010 28724002 28724013 28725018 28727006 28727010 28727012 28728002 28728008 28728015 28729005 28729011 28729020 28729027 28729036 28729039 28729042 28729050 28730016 28730018 28730029 28730033 28731004 28731021 28732012 28733027 28734008 28734016 28734020 28734024 28734034 28734044 28735005 28736005 28736011 28736025 28738014 28738023 28738028 28739012 28739016 28740005 28740010 28740018 28740022 28740027 28741004 28741016 28741022 28742003 28743006 28743012 28743031 28744009 28744015 28746005 28746011 28746029 28747004 28747018 28747033 28747039 28748004 28748013 28748019 28748030 28748034 28748044 28749008 28750008 28750012 28751003 28751008 28751033 28751049 28752009 28753012 28754007 28755007 28755015 28756007 28758008 28758019 28759010 28759018 28760004 28761006 28761012 28761021 28762017 28763007 28763016 28763020 28767017 28768007 28768015 28768019 28768029 28769002 28769016 28769027 28770007 28770016 28771005 28771012 28771014 28771024 28771028 28771038 28772005 28772018 28772025 28773014 28773022 28774005 28775006 28775009 28775012 28776007 28776014 28777019 28777036 28778009 28778023 28779010 28779015 28779019 28779030 28780003 28780008 28780017 28780025 28782002 28782013 28783004 28783017 28783031 28784002 28784014 28785003 28787004 28787006 28788027 28789026 28791005 28792003 28793002 28794002 28795003 28795008 28795018 28796005 28796017 28796025 28796035 28797007 28799006 28799014 28801002 28801011 28802017 28803009 28805023 28805026 28805036 28806007 28806020 28807004 28807017 28807022 28807038 28808003 28809007 28809012 28809019 28809026 28809036 28811007 28811012 28811020 28811028 28811032 28812003 28812012 28812015 28812020 28812027 28812032 28812051 28813003 28813010 28813017 28813027 28813031 28813036 28813042 28813051 28814005 28814020 28814028 28814057 28816004 28816008 28817002 28818003 28818008 28818017 28818021 28818027 28818034 28819004 28819007 28820007 28820019 28821006 28821031 28821036 28822006 28822019 28823005 28823010 28823016 28823037 28824002 28824015 28824022 28825002 28826004 28827005 28828013 28828032 28828039 28829002 28829006 28829008 28829020 28830008 28830032 28830036 28831007 28831010 28832003 28833004 28834002 28834018 28835015 28836006 28836017 28837012 28837014 28838003 28838021 28839024 28839032 28839042 28840004 28840021 28840024 28840037 28840041 28840052 28840057 28842003 28842014 28842020 28842026 28842033 28842038 28842047 28843005 28843010 28843015 28844004 28844010 28845004 28846003 28846010 28847003 28847012 28847020 28847026 28848007 28848028 28848036 28849005 28849013 28849026 28849036 28850010 28851018 28851021 28852008 28852018 28853003 28853007 28853018 28854004 28854012 28855003 28855020 28855022 28856004 28856026 28856033 28858004 28858008 28859006 28859012 28859018 28860003 28860007 28860013 28860025 28860037 28860053 28861003 28861019 28862003 28862014 28862027 28862043 28862047 28863006 28863018 28864006 28864026 28865006 28865012 28865027 28866003 28866008 28866011 28866018 28866024 28866028 28867004 28867024 28868003 28868008 28868012 28868017 28868019 28869005 28869025 28871005 28871028 28872002 28872009 28872015 28872020 28873005 28873011 28873028 28873034 28874003 28874017 28874025 28875025 28876007 28876021 28877006 28878004 28878009 28878017 28878020 28878026 28879004 28879017 28879020 28879027 28880009 28880015 28880023 28882004 28882013 28882016 28882022 28882029 28882039 28882045 28882053 28882062 28882065 28883018 28883023 28884007 28884026 28884030 28884039 28885004 28886006 28886010 28886018 28887021 28888006 28888016 28888022 28888027 28889013 28889021 28889029 28889033 28890005 28890016 28891004 28891019 28891025 28892004 28892011 28892028 28893003 28893011 28893022 28894005 28894009 28894019 28894024 28894030 28895008 28895017 28895023 28896011 28897003 28897010 28897014 28897019 28897035 28897040 28898004 28898012 28898025 28898034 28899003 28899009 28899018 28899022 28900004 28900012 28900029 28901007 28901013 28901023 28901032 28901036 28901041 28902003 28902009 28902016 28903007 28903011 28903021 28903026 28904003 28904010 28904014 28905015 28905022 28906011 28906021 28906030 28907003 28907015 28908003 28908021 28909005 28909007 28909017 28909025 28910010 28910021 28911003 28911008 28911015 28911022 28912008 28912014 28912018 28913018 28913024 28915012 28915026 28915038 28915046 28916009 28916013 28916024 28917002 28918008 28918016 28918022 28918031 28918035 28918043 28919005 28919013 28919025 28919028 28920002 28920022 28920028 28921002 28921022 28921027 28922002 28922011 28922021 28922028 28922037 28923006 28923021 28924004 28924051 28924058 28924064 28925009 28925022 28925034 28925039 28926003 28926019 28926029 28926036 28927005 28927015 28927028 28929028 28929037 28930007 28930012 28930015 28930028 28931002 28931024 28931033 28932003 28932019 28932023 28933002 28934007 28937020 28938010 28938020 28938026 28939006 28939015 28940003 28940011 28940043 28941002 28941020 28942008 28942016 28943010 28943027 28944003 28945009 28946009 28946012 28946024 28946061 28948005 28948011 28948018 28949005 28949011 28950004 28950011 28950018 28951007 28952025 28952033 28952042 28953003 28953011 28953018 28954003 28954012 28954017 28955010 28955019 28955034 28956013 28956033 28957013 28959019 28959035 28959049 28960036 28961002 28961053 28962013 28962023 28962029 28962034 28962042 28963010 28963019 28964002 28964018 28965003 28965028 28966005 28966012 28967002 28967026 28968031 28968037 28969024 28969028 28970009 28970015 28970035 28970041 28970045 28970055 28970060 28972004 28973003 28973007 28973016 28973020 28973024 28973031 28974020 28974033 28975003 28975010 28975014 28976006 28976024 28977014 28977018 28978014 28979003 28979009 28979034 28980002 28980018 28981009 28982002 28982008 28983011 28983018 28983029 28984006 28984016 28984026 28985003 28985009 28985013 28985019 28985030 28986013 28986021 28987003 28987020 28987026 28987037 28987052 28988006 28988010 28989005 28989021 28992002 28992023 28993003 28993015 28993019 28993027 28995003 28997004 28997010 28997015 28997025 28998008 28998018 28999006 28999009 28999021 28999032 28999038 28999050 29000003 29000011 29000021 29001009 29001016 29001020 29002005 29002016 29004016 29005009 29005017 29006026 29007008 29007011 29007021 29008012 29008016 29009017 29009019 29010019 29010022 29011002 29011008 29011022 29011026 29012003 29012007 29012017 29013010 29013017 29013026 29013028 29013033 29013037 29015022 29016005 29017002 29018007 29019005 29019016 29020004 29020012 29020019 29021009 29022002 29023006 29023014 29023017 29024008 29024016 29025002 29025014 29025022 29026010 29026015 29028005 29028007 29028015 29028021 29029004 29029012 29029024 29029048 29030004 29030032 29032003 29032008 29032013 29032020 29032026 29032035 29032042 29032054 29032059 29033003 29033011 29033019 29033022 29033028 29033040 29034020 29034036 29035012 29035024 29036021 29036030 29036033 29037003 29037014 29037023 29037038 29037050 29038007 29038011 29038017 29038024 29038037 29039004 29039009 29039023 29039027 29040005 29041002 29041034 29041044 29042007 29042024 29042030 29042042 29043002 29043016 29044013 29044021 29044028 29044032 29045005 29045015 29046006 29046031 29047014 29047022 29048016 29048044 29049028 29050010 29051003 29051024 29051036 29051041 29052004 29052010 29052013 29052017 29053006 29053011 29053015 29053021 29054013 29054025 29054039 29054045 29055019 29055027 29055033 29056009 29056019 29056021 29057009 29057016 29059042 29062010 29062027 29066010 29067009 29067029 29068009 29068025 29069011 29070002 29070024 29072018 29075002 29075020 29076004 29078006 29078010 29080009 29081015 29083006 29084008 29084045 29085004 29085015 29087004 29087019 29088033 29089007 29090004 29091021 29093015 29098008 29098053 29099003 29099023 29099037 29101003 29102003 29102020 29103007 29103013 29104022 29106002 29108002 29108018 29108032 29111009 29111015 29113007 29113033 29115003 29115018 29119004 29121024 29122008 29123012 29124008 29124019 29124029 29125009 29127005 29131027 29133003 29133012 29136006 29139021 29141004 29141016 29141022 29141039 29145008 29145016 29147015 29154008 29154014 29154024 29156016 29156021 29156027 29157020 29159006 29162019 29163009 29163019 29163026 29164004 29165019 29167015 29168006 29168014 29168024 29169018 29170010 29174002 29174019 29174033 29177003 29177011 29177014 29179002 29179010 29180004 29180016 29181006 29182004 29193007 29196005 29196010 29196014 29197017 29199017 29201012 29203027 29209002 29210020 29211007 29212006 29213009 29214007 29214023 29216005 29217025 29217030 29218002 29218006 29219004 29220014 29220029 29221003 29221019 29221026 29223002 29223012 29224013 29224020 29225005 29225023 29225040 29226018 29227016 29228004 29229002 29229015 29230002 29233005 29233012 29233020 29233032 29235011 29235015 29235021 29235032 29236004 29236011 29237002 29237008 29237012 29237029 29238003 29238022 29240003 29240015 29242014 29242042 29243017 29244005 29244025 29244028 29245011 29245018 29246011 29246020 29248004 29248015 29248020 29248023 29249016 29249024 29249030 29252003 29254009 29255002 29257003 29257006 29257018 29258032 29258044 29259003 29259014 29259017 29260005 29260013 29260015 29260026 29260031 29261006 29261010 29261019 29262003 29262008 29262018 29263003 29263010 29264011 29265004 29266005 29267015 29268002 29268008 29269023 29270018 29271014 29272012 29273003 29274008 29276014 29277016 29278004 29280004 29281005 29281013 29283014 29283021 29284019 29284031 29285002 29285008 29285010 29285015 29285021 29286021 29287004 29288005 29288021 29288034 29289009 29289015 29291004 29293009 29294019 29295005 29296006 29298007 29298020 29301004 29302012 29302024 29302033 29303006 29303016 29303023 29305007 29306003 29306022 29307029 29310011 29310018 29310020 29310043 29311013 29316014 29317010 29318005 29319006 29319015 29319019 29321013 29323017 29327011 29328005 29328009 29329012 29329015 29330005 29330010 29330022 29331005 29331011 29331017 29332006 29332018 29333006 29333026 29335008 29336005 29336011 29336025 29337003 29337009 29338004 29338017 29338033 29339007 29340007 29341005 29343014 29344010 29344029 29345008 29345016 29346004 29346013 29346019 29346023 29346025 29347012 29348005 29350004 29350015 29350021 29350024 29351005 29351015 29351018 29351024 29352010 29352018 29353007 29354005 29354011 29354018 29354026 29355003 29355011 29355019 29356004 29356021 29357015 29357021 29357027 29358004 29358012 29358017 29358022 29359014 29359019 29362003 29369012 29369040 29370002 29371003 29374002 29375017 29376004 29376023 29377018 29378028 29379003 29379007 29379014 29379030 29380027 29380031 29381016 29381018 29382017 29382025 29382027 29385019 29388019 29388024 29389005 29391003 29392002 29398014 29403009 29404045 29406007 29407054 29407081 29409029 29411010 29411019 29412004 29412006 29413002 29414022 29415010 29416007 29416010 29417036 29419011 29419027 29420029 29425004 29425018 29426019 29426030 29427017 29427036 29428004 29428010 29428022 29429015 29430020 29430040 29431010 29431023 29432002 29433003 29434002 29436021 29437026 29438008 29439026 29440002 29440012 29441011 29441020 29442017 29443004 29443009 29444018 29448004 29448014 29449020 29450009 29453009 29453011 29453021 29454007 29454019 29455002 29455018 29456012 29457015 29458028 29459018 29460010 29461006 29461012 29462010 29467026 29467044 29469032 29471020 29471031 29472004 29472009 29472013 29472033 29473011 29473021 29474007 29474015 29475028 29475033 29475043 29476018 29476030 29478018 29480004 29480013 29481003 29481017 29482007 29482034 29483005 29483022 29484003 29484017 29485015 29486028 29487003 29488009 29488025 29489036 29489042 29489046 29490003 29490016 29490019 29491002 29491012 29491020 29492003 29492007 29492013 29492020 29493003 29494003 29494013 29494022 29494028 29494033 29495006 29495010 29495027 29496002 29496007 29497002 29497035 29498003 29499004 29500004 29500009 29500016 29500020 29501012 29502008 29502019 29502032 29503025 29504006 29505016 29506005 29509021 29510005 29510016 29511005 29512004 29514014 29514027 29518005 29518010 29518014 29518025 29519003 29520005 29521009 29521017 29522005 29522016 29522020 29523008 29523021 29524004 29525006 29526003 29527008 29527012 29528005 29528030 29529008 29529049 29530003 29530008 29531020 29532006 29532014 29533004 29533021 29533036 29534007 29534018 29535009 29535023 29536005 29538005 29538011 29540004 29540012 29542014 29543006 29543013 29544008 29545006 29546004 29546008 29546023 29546026 29547004 29547008 29548011 29549004 29549023 29550013 29550022 29551016 29552028 29553005 29553025 29554028 29555039 29556002 29559004 29559008 29561006 29561013 29561018 29562030 29563003 29563025 29563035 29565010 29566004 29566013 29566025 29566031 29566039 29567014 29567028 29569008 29569031 29569039 29570012 29570015 29571033 29572014 29573007 29573030 29573033 29574004 29575005 29575026 29575033 29576008 29576026 29577003 29577026 29578004 29578019 29579006 29579014 29579020 29579026 29580017 29580022 29580034 29581003 29581020 29581029 29582006 29582017 29583003 29583016 29583034 29583049 29584017 29584023 29584044 29585014 29585023 29585038 29586003 29586011 29586017 29586020 29586028 29587016 29587025 29587031 29587039 29587047 29588010 29588019 29588027 29589003 29589009 29589012 29589024 29590017 29590023 29592004 29593026 29594018 29594025 29595005 29595012 29595022 29595035 29596012 29596022 29596035 29597003 29597014 29597036 29597040 29597057 29598019 29598029 29599004 29600009 29600022 29601003 29602007 29602012 29603003 29603018 29604004 29604034 29605032 29605039 29606013 29607002 29608006 29610027 29611003 29612020 29613021 29614004 29614013 29614025 29614032 29615017 29616019 29618017 29619009 29619013 29619021 29619027 29620004 29620011 29620017 29620021 29620030 29620034 29621021 29621032 29624012 29626006 29627015 29628015 29628022 29629004 29629011 29630005 29630017 29630036 29630043 29631003 29632025 29634007 29634028 29636003 29637010 29640006 29640013 29641006 29642011 29643008 29645005 29645009 29645013 29645022 29645048 29646003 29646012 29647006 29649004 29649015 29650007 29651017 29653007 29653023 29654008 29655004 29655008 29656003 29657008 29657014 29657016 29658004 29659017 29659023 29660024 29660033 29661007 29661015 29661022 29661031 29661040 29663021 29663023 29664036 29665018 29665034 29667013 29668012 29672032 29673006 29674012 29675009 29675017 29675027 29675052 29675062 29676005 29676012 29676017 29676023 29677022 29678014 29678031 29678034 29678044 29680013 29681005 29681009 29681022 29682003 29683004 29683014 29683017 29683025 29684003 29684012 29684017 29685013 29685035 29686004 29686013 29686021 29687003 29687017 29688009 29688016 29689008 29689011 29690010 29690017 29691009 29695002 29695023 29696014 29698011 29698021 29698025 29698028 29700002 29700008 29700040 29705003 29705008 29705015 29706006 29706013 29706043 29708009 29709002 29709023 29710003 29710016 29710028 29712019 29712026 29713007 29713010 29713025 29714006 29715017 29715032 29716015 29716026 29717004 29717013 29718003 29718015 29718020 29720009 29720013 29722003 29723013 29723023 29724013 29724025 29724031 29725002 29726003 29727006 29729002 29729013 29731008 29736010 29737016 29740005 29741014 29742004 29742026 29744003 29745007 29746002 29747004 29747009 29747031 29747037 29748011 29750009 29751018 29751022 29751032 29752005 29753005 29754036 29754040 29756011 29756026 29758005 29758012 29760042 29762019 29762025 29762033 29764004 29764035 29766005 29766013 29768047 29771005 29773008 29774010 29777015 29778010 29778027 29780007 29780014 29780029 29780032 29781003 29781010 29781018 29782026 29784004 29784014 29785011 29786026 29786029 29787020 29789006 29790014 29790020 29790024 29791007 29792007 29792014 29793007 29793010 29795005 29795011 29796006 29797009 29798006 29798019 29798023 29799012 29799023 29800004 29800012 29801010 29801024 29802004 29802012 29802028 29804002 29805038 29806008 29806031 29806035 29808018 29808023 29810025 29811011 29811039 29811062 29813019 29814002 29814018 29815002 29815021 29815025 29816004 29816015 29816021 29816024 29817011 29818009 29818015 29819002 29819010 29819026 29819040 29820004 29820006 29820021 29820029 29821005 29821010 29822010 29822015 29822022 29822031 29824006 29824013 29825010 29826010 29826013 29826020 29827006 29828015 29828023 29828029 29829009 29830002 29830011 29831003 29831009 29832004 29832011 29834006 29835008 29837004 29837019 29838005 29839008 29840004 29840008 29840016 29841004 29842004 29842016 29843012 29843017 29843022 29843028 29843031 29846019 29847006 29847012 29847017 29848005 29849008 29849034 29850007 29850035 29852006 29853013 29855005 29856002 29857003 29859009 29860005 29861016 29862010 29862021 29862028 29863010 29863014 29864008 29864012 29864034 29864038 29864041 29865003 29865037 29866015 29867005 29867008 29867022 29869003 29869012 29869022 29870021 29870025 29871004 29871010 29873007 29873021 29873036 29874006 29874015 29874033 29875003 29875011 29876005 29876011 29876019 29876023 29877003 29877008 29877019 29878002 29878014 29879003 29879013 29879017 29879024 29879027 29879047 29880005 29881004 29882006 29882010 29882022 29884004 29884010 29884023 29885005 29885012 29885014 29885021 29886004 29886015 29886021 29887008 29887021 29887025 29887032 29888003 29888014 29888020 29888030 29889004 29889014 29889032 29891003 29893003 29893009 29894005 29894031 29895010 29895019 29895030 29896006 29897004 29897013 29897030 29897035 29898007 29898033 29899005 29899013 29900004 29902029 29903008 29904023 29905008 29905012 29906004 29906012 29906021 29907019 29908003 29908022 29908031 29909008 29910007 29911007 29912011 29913009 29916004 29916011 29917015 29919010 29919018 29920003 29920008 29921003 29921007 29921011 29921018 29921024 29922003 29922011 29922028 29924021 29925024 29927003 29927014 29927026 29928004 29928008 29929010 29930003 29930006 29932003 29932007 29932012 29932017 29932023 29933016 29934007 29934015 29935003 29935008 29937008 29938003 29939007 29939025 29942010 29943005 29943007 29944003 29944008 29944019 29945002 29945024 29946007 29946012 29946021 29946025 29946031 29947011 29947021 29948004 29948008 29948013 29948021 29949021 29950008 29950012 29950024 29951007 29951013 29952004 29952010 29952024 29952035 29953003 29953015 29953021 29953025 29953029 29954008 29954013 29955003 29955018 29955055 29956005 29956013 29956022 29957011 29957014 29957016 29957020 29958004 29958017 29958023 29958026 29958033 29959006 29959010 29959014 29960002 29960013 29960026 29961008 29961013 29961016 29961027 29962006 29962019 29965009 29965017 29965022 29965026 29966005 29966011 29966017 29966026 29966032 29967008 29967027 29967036 29967042 29969005 29969016 29969022 29969031 29969042 29970005 29970014 29970020 29971004 29971007 29971012 29971016 29972008 29972015 29973003 29973020 29974002 29974007 29974013 29975012 29976004 29976011 29976020 29976026 29977003 29977021 29978010 29978013 29979005 29979025 29980014 29980026 29981014 29981034 29982005 29982012 29982028 29983003 29983019 29983023 29984010 29984017 29984027 29985014 29986013 29986033 29986037 29987004 29987010 29987019 29987027 29987042 29988004 29988016 29988021 29989017 29989030 29990019 29991006 29991020 29991030 29992016 29992020 29994002 29995002 29995036 29996021 29997011 29997020 29997023 29998018 29998020 29998027 29999004 29999018 30000004 30001003 30001012 30001021 30001026 30002014 30002021 30002027 30002040 30003008 30003013 30004024 30005029 30006021 30007002 30009025 30010004 30010017 30010029 30011004 30011019 30012010 30012026 30013008 30013017 30013025 30014004 30014037 30015003 30015005 30015008 30016004 30016011 30016020 30017003 30017008 30017015 30017026 30018013 30018024 30018028 30018039 30018041 30018047 30018056 30019020 30020020 30022003 30022011 30022019 30022038 30022044 30023005 30023015 30023019 30024005 30024013 30025010 30025023 30026005 30026015 30026025 30026040 30027004 30027041 30028010 30028022 30028027 30029005 30029014 30029018 30030016 30030031 30031006 30031016 30031019 30031030 30032008 30032014 30032022 30032031 30032036 30032040 30033004 30034006 30034023 30035013 30035018 30035021 30035027 30036017 30036023 30036029 30037004 30037007 30037012 30038008 30038019 30038041 30039003 30039017 30041004 30042010 30043027 30044006 30044016 30045003 30045008 30045023 30046006 30046012 30046031 30046039 30046042 30046058 30047020 30048003 30048006 30048016 30049007 30049014 30049027 30049030 30049037 30050012 30051031 30052008 30052024 30054013 30054020 30055003 30056003 30056010 30057003 30057014 30057028 30058002 30058026 30059006 30060014 30061004 30061016 30062003 30063008 30063013 30063030 30063045 30064003 30064020 30065021 30066004 30066014 30066023 30066026 30068004 30068043 30069005 30069011 30069016 30069024 30070006 30070014 30071036 30072008 30072012 30073008 30073018 30073027 30074007 30074015 30074023 30076008 30076012 30076024 30076034 30077012 30079003 30079008 30079016 30080004 30081013 30081021 30082006 30082011 30082016 30083004 30083007 30084004 30084019 30084032 30084035 30085011 30085021 30086004 30086015 30086020 30086032 30086037 30087006 30088009 30088016 30089005 30089009 30090005 30090008 30090022 30090026 30090033 30091004 30091012 30091033 30091041 30091045 30092009 30092013 30092023 30092025 30092033 30092043 30093004 30093021 30093036 30093046 30094014 30095009 30095023 30096004 30096020 30098019 30098026 30098039 30098049 30099007 30100008 30101004 30101013 30102024 30103007 30103026 30106006 30106022 30107018 30108008 30110004 30111019 30111029 30111034 30111038 30112007 30113008 30113012 30113033 30113040 30114007 30115002 30115020 30115029 30116016 30116027 30117004 30117011 30117031 30117040 30117053 30118024 30118045 30119020 30120023 30120027 30120045 30120059 30121019 30121029 30123004 30123022 30125004 30125018 30125049 30126003 30126009 30126016 30127004 30127008 30127021 30128007 30128015 30128018 30128027 30129004 30129012 30129019 30130004 30130023 30130033 30130037 30130041 30131005 30132021 30132030 30133007 30133018 30134005 30135004 30135042 30136007 30136026 30138010 30138014 30139027 30140003 30141003 30141009 30141020 30142004 30142015 30142035 30143002 30143008 30143011 30143021 30143027 30144009 30144021 30144029 30145008 30145027 30147005 30148005 30149008 30149018 30150002 30150015 30150020 30150026 30151003 30151007 30152005 30152009 30152020 30153013 30155006 30155012 30156006 30156011 30156033 30157003 30158004 30158017 30159003 30159012 30159014 30159033 30159035 30160008 30160020 30160030 30161009 30161014 30162008 30162011 30163002 30163005 30163015 30163025 30163037 30163044 30164003 30164015 30164019 30164029 30165002 30165011 30166009 30166014 30166022 30166026 30170008 30170012 30171006 30171019 30172004 30172017 30172021 30173004 30173013 30173021 30174003 30174021 30175006 30175011 30176006 30176010 30176018 30176024 30177031 30178006 30178018 30178033 30178038 30178044 30178048 30178056 30179012 30179020 30179025 30179030 30180009 30180021 30180050 30181010 30181024 30181028 30182013 30182038 30183012 30183017 30184021 30184030 30186008 30186016 30187013 30188008 30189002 30189022 30189033 30189036 30189044 30190025 30190035 30191013 30192006 30192013 30193008 30194020 30195007 30196012 30196033 30197008 30197016 30198010 30199023 30200011 30200017 30201008 30202020 30203018 30204019 30204032 30205003 30205011 30206015 30206026 30207010 30211003 30212002 30212021 30213004 30213012 30213019 30214006 30214017 30214024 30214027 30214033 30214037 30215004 30215018 30215040 30215043 30215057 30216016 30217010 30217018 30218007 30218022 30219003 30221012 30222003 30222020 30222034 30222039 30222048 30223007 30223026 30223030 30223039 30224007 30224017 30224037 30224047 30225008 30226009 30227006 30227012 30227019 30228013 30228030 30229015 30231010 30231016 30231033 30232012 30232027 30233023 30234006 30234012 30234016 30235016 30235023 30235027 30236013 30236018 30236023 30236029 30236033 30236042 30238034 30238056 30238062 30239008 30239012 30239019 30239022 30239026 30239031 30240004 30241015 30241026 30241037 30242004 30245004 30245021 30246003 30246018 30246027 30247008 30247018 30247022 30248005 30248010 30248015 30248021 30249007 30249013 30249021 30249027 30249033 30250004 30251018 30251024 30251028 30251041 30251046 30252003 30253014 30253023 30254013 30254019 30255007 30255013 30256005 30256011 30256014 30257006 30257009 30257024 30257030 30258005 30258011 30258018 30259009 30259018 30259026 30259035 30259042 30259060 30259062 30260005 30260009 30260014 30260019 30261006 30261014 30261019 30261024 30262003 30262017 30262038 30263006 30263010 30263015 30263019 30263029 30263032 30263038 30263045 30264011 30264017 30264020 30265013 30265019 30265028 30267003 30269015 30270013 30271008 30272007 30272016 30272021 30272031 30272042 30273005 30273017 30274017 30274029 30276005 30276011 30277006 30277012 30277019 30278004 30278009 30278012 30278017 30278021 30278028 30279033 30279038 30280003 30280012 30280020 30281003 30281012 30282016 30282022 30284007 30285021 30286004 30286012 30287004 30287013 30288011 30288018 30291005 30291019 30292003 30292020 30292042 30293010 30293019 30297011 30297025 30297042 30298015 30299014 30300009 30300013 30301008 30302005 30302022 30302027 30303016 30304010 30305030 30306004 30306013 30307004 30307008 30307015 30308011 30308020 30309016 30310002 30310011 30310028 30311013 30312016 30312018 30312031 30312034 30312041 30313006 30313014 30314020 30315016 30315026 30316002 30317007 30317019 30318003 30318015 30319014 30319018 30319028 30319040 30320007 30320017 30321021 30322004 30322019 30323015 30323019 30323025 30324002 30324005 30324008 30324015 30324024 30325005 30325010 30325016 30325023 30325030 30326002 30326009 30326023 30326027 30326034 30328005 30328010 30329002 30329007 30329015 30329027 30330004 30332007 30332014 30332021 30334012 30334031 30336021 30337005 30337017 30338005 30341008 30341019 30341027 30342003 30342019 30343010 30343017 30343020 30343025 30344006 30344011 30344019 30344028 30344032 30344043 30345011 30346007 30346016 30346021 30346028 30349022 30349026 30349035 30350012 30350035 30351013 30351025 30352009 30352013 30352018 30353012 30354005 30354016 30355008 30357012 30359028 30360019 30362010 30362013 30363015 30366025 30366033 30367025 30367032 30367038 30368016 30370008 30370017 30371025 30372017 30373005 30373009 30373014 30374028 30375013 30375020 30375028 30376021 30376031 30376041 30376057 30378037 30379028 30380013 30380021 30381010 30381013 30381016 30381025 30382009 30382018 30382026 30382043 30383003 30383009 30383012 30383024 30383034 30384006 30384014 30385003 30385010 30385014 30385019 30385024 30386003 30386032 30386045 30387007 30387053 30390013 30390017 30391012 30392005 30392037 30392044 30393003 30394018 30395005 30395020 30395026 30396005 30396025 30396034 30397031 30397036 30398010 30398028 30399010 30399016 30399021 30400004 30401005 30403016 30404004 30404024 30405003 30405037 30405041 30405045 30406010 30406030 30407006 30407011 30407017 30407031 30409012 30409023 30410006 30410012 30410026 30412033 30413003 30414018 30414020 30415004 30415010 30416023 30417004 30417016 30418020 30419003 30420032 30420036 30421007 30423002 30423033 30424004 30424009 30424019 30424024 30424036 30425004 30425008 30425014 30425022 30425027 30426016 30426029 30427004 30428003 30429004 30431003 30431017 30432008 30433012 30434021 30435013 30435019 30435026 30436007 30437003 30437013 30437023 30437029 30441017 30441032 30441040 30442014 30444006 30444013 30445011 30445020 30445034 30446013 30446019 30446029 30446038 30446045 30447006 30447022 30449012 30449016 30450037 30451003 30451008 30451012 30452005 30453005 30453029 30455015 30456009 30457004 30457012 30457023 30458005 30458017 30458032 30459008 30459011 30460017 30461014 30461021 30462006 30463012 30463021 30464007 30464015 30464022 30464028 30464042 30465005 30465012 30465024 30466010 30466023 30467002 30467010 30467015 30467021 30467044 30468008 30468014 30468020 30468028 30469012 30470006 30470009 30470017 30471008 30471016 30471032 30471038 30471047 30472012 30474021 30475006 30475021 30475025 30476008 30476011 30476013 30476031 30477003 30477007 30478004 30478026 30478039 30478045 30478050 30479013 30480007 30480013 30480016 30480026 30481015 30481027 30481037 30481040 30482004 30482009 30482017 30483002 30483018 30484006 30484013 30484016 30484034 30485011 30485018 30485024 30488025 30488036 30489008 30489013 30489027 30490013 30490021 30492004 30493006 30494008 30495003 30495009 30496019 30496027 30497003 30497018 30497036 30498004 30498008 30498012 30498022 30499006 30499013 30499041 30500012 30500018 30501016 30501030 30501039 30502004 30502008 30502044 30502057 30502065 30502071 30503022 30503026 30504009 30504037 30504040 30505004 30506005 30506011 30506018 30506025 30507004 30507011 30508005 30508010 30508023 30508026 30509006 30509012 30509021 30509031 30510003 30510021 30510024 30510032 30511008 30511021 30511025 30511028 30511032 30511037 30512013 30512018 30512023 30513005 30513010 30513038 30513044 30513056 30514008 30514034 30514048 30515007 30515041 30516008 30516029 30517010 30517023 30518004 30518018 30519003 30519023 30520013 30520021 30520027 30522005 30522011 30522017 30523005 30523012 30523021 30524008 30524019 30525012 30526009 30526022 30527005 30527011 30527021 30527034 30528012 30528021 30530007 30530030 30531009 30531020 30531022 30531030 30532002 30532037 30533005 30533024 30535020 30535026 30536004 30536010 30537016 30537028 30538002 30538006 30538022 30539016 30540009 30541015 30542030 30543003 30543018 30543029 30544009 30544014 30544022 30545003 30545007 30545011 30546003 30546012 30546016 30547021 30548012 30548020 30548031 30548037 30549010 30549021 30550011 30551016 30551022 30551028 30552005 30552021 30552037 30553007 30554004 30554010 30555022 30556014 30556022 30557011 30558009 30558025 30558037 30559008 30560017 30561007 30562008 30563002 30563010 30564002 30565047 30566017 30567006 30567013 30567021 30568002 30568008 30568016 30569005 30569022 30569033 30570005 30570014 30570032 30571023 30571027 30573002 30573018 30573021 30574006 30574018 30575030 30575040 30576004 30576010 30578005 30578029 30578038 30578046 30579016 30580026 30581005 30581011 30581021 30581033 30581038 30582008 30582020 30582027 30582033 30582037 30582046 30582054 30583018 30583022 30584004 30584010 30586015 30587014 30588007 30588024 30588027 30589006 30589014 30589022 30589029 30590003 30590026 30591009 30591014 30592025 30592032 30593012 30594007 30594013 30594026 30594034 30595008 30595018 30596009 30596024 30596029 30597019 30598017 30599007 30599014 30599020 30600008 30600014 30600020 30600027 30601010 30601014 30601020 30602013 30603004 30603009 30603020 30603027 30604009 30604015 30604022 30604025 30604037 30605018 30605030 30606004 30606022 30606031 30606034 30607011 30607017 30609011 30609018 30610004 30610017 30610028 30611008 30611015 30611024 30612005 30612012 30613003 30613016 30614012 30614017 30614033 30615009 30615015 30616014 30616016 30616019 30616023 30617004 30617009 30617028 30618004 30618012 30618019 30619005 30619009 30619012 30620011 30620016 30620026 30620037 30621002 30621011 30621020 30621032 30622007 30622013 30622032 30623004 30623008 30624016 30624031 30625016 30625023 30626007 30626014 30626031 30628004 30629006 30629013 30629016 30630006 30630015 30631005 30631012 30631019 30631035 30631041 30631046 30634011 30634025 30635003 30635010 30635026 30635030 30635043 30636007 30636021 30638008 30639004 30639014 30639024 30639030 30640014 30640021 30640030 30641013 30641037 30641045 30641069 30641072 30641078 30642005 30642017 30643003 30643015 30643023 30643028 30644003 30644008 30644017 30645003 30645008 30645025 30645042 30645048 30646007 30647012 30648004 30649023 30650002 30651005 30651013 30651018 30652002 30653004 30653009 30653023 30653032 30653038 30654015 30656014 30658014 30658026 30659010 30659014 30660010 30661005 30661017 30662002 30662006 30662013 30662031 30662036 30663009 30663015 30665006 30666007 30666017 30667008 30667019 30668002 30668019 30669004 30669011 30669020 30669033 30669038 30669073 30670017 30670027 30671003 30671011 30672013 30673006 30673019 30673029 30673042 30674025 30675004 30675009 30676007 30676022 30676026 30676034 30676049 30677006 30677018 30677051 30677058 30678002 30678010 30679019 30679023 30679027 30679035 30679048 30680011 30680015 30682006 30682030 30682040 30682044 30683005 30683026 30685006 30685009 30685017 30685032 30685045 30686006 30686022 30686033 30687010 30687021 30688006 30688011 30688024 30688027 30689003 30689011 30689022 30689031 30691020 30692004 30692011 30692018 30692025 30693009 30693023 30693029 30693037 30694019 30695007 30695013 30696007 30696041 30697002 30697020 30697027 30698008 30699004 30699013 30699019 30699034 30700008 30700012 30701013 30701024 30701027 30703024 30704024 30705009 30705026 30706003 30706005 30706011 30707002 30707027 30707037 30708004 30708012 30710004 30710015 30710019 30715004 30715024 30715031 30716003 30716009 30716015 30716020 30717013 30717018 30718003 30718007 30718018 30718021 30718031 30718036 30719009 30719026 30720002 30720016 30721014 30722003 30722018 30723017 30723023 30723028 30723036 30723039 30724025 30725004 30725011 30726010 30727002 30727008 30727034 30727041 30729004 30729013 30730006 30731019 30731030 30731054 30734014 30735004 30735011 30735027 30735034 30735053 30736006 30736012 30737002 30737011 30737030 30737032 30737038 30738004 30738023 30738028 30739018 30740003 30740019 30740026 30741003 30741012 30741017 30742007 30742031 30743005 30744014 30744045 30746009 30746012 30747004 30747011 30748011 30748028 30749004 30749007 30749016 30749028 30750011 30750031 30750037 30751032 30752005 30753004 30753012 30753015 30754011 30754032 30755002 30755029 30756008 30756016 30756036 30757012 30757035 30758002 30758023 30759004 30759015 30759024 30759031 30759047 30759052 30760004 30760012 30761011 30762023 30764006 30764013 30764023 30764026 30764031 30764034 30765037 30765040 30766004 30767018 30767025 30768022 30769004 30769011 30770008 30770014 30770035 30770040 30771002 30771011 30771014 30771025 30772015 30773018 30774005 30774007 30774012 30774021 30775007 30776018 30776024 30778005 30779008 30779025 30779030 30779035 30780010 30780032 30781017 30782003 30783009 30783015 30784003 30785020 30785029 30786004 30786018 30787006 30787013 30788004 30788006 30788012 30788016 30788022 30788031 30788040 30788045 30789010 30789022 30789040 30790003 30790023 30791023 30791027 30792015 30792026 30793018 30793025 30793037 30793050 30794004 30794009 30795015 30796004 30796030 30797005 30797011 30798011 30798023 30799004 30799010 30799019 30800003 30800020 30800024 30800032 30800036 30800052 30801005 30801009 30801012 30801016 30802002 30802007 30802026 30802030 30802038 30802045 30804013 30804019 30805004 30805007 30805018 30805025 30806006 30808002 30808015 30809004 30809014 30809020 30810007 30810013 30810027 30810033 30812021 30813011 30813020 30814017 30814029 30815015 30816004 30820005 30820012 30820025 30820058 30820063 30821005 30821011 30821022 30822003 30822010 30822017 30822020 30822026 30822028 30824006 30824014 30824018 30825014 30825018 30825041 30826011 30827014 30828004 30828010 30828029 30829006 30829010 30829014 30829016 30829022 30831038 30832007 30832011 30832022 30833004 30833006 30833020 30834008 30834012 30834014 30835007 30835022 30835024 30835031 30835036 30836005 30836009 30836023 30837003 30837012 30837018 30839012 30840004 30840025 30840038 30841006 30841029 30842002 30842010 30842025 30843004 30843009 30843012 30844005 30844013 30845022 30847023 30848004 30850012 30851007 30851016 30852022 30852028 30853004 30854002 30854006 30854010 30854019 30855003 30855017 30856004 30856006 30857002 30857009 30858006 30858035 30859009 30860016 30860022 30860029 30861017 30863002 30863022 30864015 30865017 30866005 30866009 30866024 30867004 30868021 30868024 30869005 30869011 30869025 30870010 30870017 30871003 30871010 30871024 30871032 30871036 30871045 30872002 30872009 30873004 30873011 30873015 30873019 30873023 30873025 30875009 30875028 30875037 30876002 30876006 30876021 30876026 30877018 30878009 30878018 30878025 30878036 30879003 30879010 30879017 30879023 30879026 30879040 30879047 30879060 30880008 30880018 30881004 30881013 30881015 30882009 30882014 30883003 30883022 30884007 30884010 30884013 30884024 30884030 30884034 30885003 30885007 30885014 30885017 30885019 30885031 30886019 30886027 30886034 30886040 30887003 30887010 30888002 30888006 30888019 30889019 30890029 30891005 30891024 30891047 30891054 30892007 30892009 30892012 30892015 30892020 30893003 30893013 30893019 30893030 30895015 30895023 30896017 30896027 30896031 30897019 30897026 30897039 30898005 30898027 30899004 30899006 30899013 30900003 30900017 30901015 30901025 30902008 30902012 30902016 30902022 30902025 30902035 30902058 30903007 30903014 30903023 30904005 30904018 30904036 30905014 30905018 30906004 30907003 30907012 30908003 30908008 30908011 30908021 30909008 30909029 30910010 30910028 30910038 30911026 30912011 30912018 30914025 30915005 30915023 30917022 30917032 30919024 30921022 30922003 30922005 30922014 30922023 30923009 30923023 30923036 30924007 30925003 30926019 30927002 30928002 30928009 30928028 30930008 30930014 30930020 30930040 30930046 30931009 30931022 30931031 30931047 30933013 30933017 30933024 30934019 30934022 30935003 30935013 30935022 30936006 30936015 30937018 30937042 30938013 30938018 30940023 30940029 30941002 30941007 30942002 30942026 30942029 30942036 30943008 30943013 30943016 30944005 30945006 30945013 30945023 30945029 30945033 30945036 30945041 30945046 30945050 30946009 30946015 30946030 30947013 30948027 30948034 30949014 30949023 30949044 30949049 30950010 30950016 30950025 30950034 30950040 30951016 30951020 30951024 30952004 30952009 30952014 30953004 30953006 30953015 30953019 30954008 30954018 30954025 30954027 30955004 30955016 30955021 30955025 30955035 30956010 30956015 30956019 30956025 30957026 30958012 30958022 30959005 30959020 30960006 30960012 30961008 30961016 30961019 30961029 30961032 30962017 30963005 30963013 30964002 30964006 30965004 30965021 30965023 30965026 30966029 30967018 30967025 30967028 30968012 30969026 30969036 30970003 30971002 30971008 30971015 30972005 30972017 30973003 30973021 30973026 30973029 30974017 30974025 30974040 30975003 30976006 30976025 30977002 30977011 30977019 30977028 30977035 30978003 30978009 30979005 30979007 30979012 30979045 30980006 30981003 30982017 30982023 30983003 30983026 30984010 30984020 30984049 30984064 30984071 30985013 30986007 30987026 30987030 30988005 30989005 30989010 30989015 30989024 30990009 30990016 30990022 30990027 30990040 30991008 30992004 30992007 30993004 30993017 30994004 30994012 30995002 30995020 30997004 30997012 30997019 30998015 30999003 30999012 31000003 31000014 31000023 31001012 31001016 31001031 31001039 31002032 31003003 31004032 31005006 31006009 31008003 31008014 31008023 31008029 31009003 31009024 31010011 31011013 31013029 31013038 31013051 31014019 31014030 31015006 31015008 31015025 31015030 31016015 31017002 31017023 31017031 31017035 31017043 31018002 31018028 31019016 31019020 31020020 31020025 31021005 31021009 31022016 31022021 31022027 31022033 31023003 31023009 31023013 31023028 31024021 31024028 31025022 31026012 31027003 31027018 31027022 31027027 31028002 31028023 31028027 31028048 31028054 31028060 31029002 31029006 31029014 31030002 31030016 31031006 31032005 31033031 31037002 31037010 31038005 31038025 31039018 31039020 31039026 31041018 31041026 31042004 31042021 31042027 31043019 31043052 31043058 31044003 31044007 31045014 31045025 31046007 31046009 31046015 31047014 31047022 31048009 31049008 31049024 31049027 31050017 31051007 31051019 31051035 31052005 31052016 31052031 31053008 31053010 31053018 31054012 31055018 31056003 31056005 31056008 31057016 31058011 31058020 31058029 31059010 31059014 31059033 31060009 31060011 31060017 31061005 31061014 31063028 31063042 31064005 31064011 31064028 31064036 31066006 31066025 31068014 31068024 31069005 31070008 31070015 31070017 31070021 31070023 31070025 31070033 31070036 31071002 31071004 31071008 31071014 31071024 31072003 31072011 31073006 31073030 31075004 31076002 31076014 31076025 31077014 31077019 31078005 31078014 31079005 31080007 31081017 31081040 31082002 31082010 31082028 31083012 31083028 31084006 31084018 31086012 31086033 31087003 31087011 31087025 31088003 31088009 31089010 31089019 31089021 31089035 31090019 31091024 31092003 31092006 31092010 31092012 31092021 31092023 31092036 31092038 31093025 31094003 31094009 31095006 31096025 31097002 31097025 31097031 31097036 31098004 31098008 31098017 31098033 31098043 31099012 31099030 31100013 31100030 31100035 31101009 31101013 31101019 31102004 31102011
ei|9|24123009 27404003 28314012 28315006 29159019 29319016 30283005 30346017 31023015
eisě|2|30976002 30976030
elehangu|1|26367019
empong|2|25102015 25103020
ene|3757|23157036 23163037 23164004 23165008 23165015 23166009 23167002 23168013 23168026 23170009 23170022 23171018 23177024 23178002 23178015 23178020 23179026 23179028 23179033 23179040 23181007 23181011 23181023 23183027 23183030 23183035 23184007 23184011 23186011 23186050 23186054 23190014 23190018 23191008 23192027 23193020 23194003 23206003 23206015 23207007 23218002 23227003 23233008 23235010 23250008 23250017 23253009 23254002 23254010 23254034 23258002 23259007 23259017 23259019 23260025 23263018 23263023 23264015 23265017 23267014 23267020 23267024 23267034 23270018 23272007 23285015 23299030 23306023 23308002 23311016 23312019 23313017 23315002 23315024 23317002 23321013 23329013 23330020 23331018 23342015 23345010 23349015 23350027 23352004 23354007 23356010 23359009 23359022 23363005 23363008 23364014 23370018 23374036 23376005 23378019 23382029 23388006 23389008 23391008 23395020 23395040 23396012 23396018 23397016 23397038 23402003 23402032 23406002 23406008 23407007 23410016 23411013 23420003 23423005 23426023 23429025 23431005 23431008 23432019 23433021 23437030 23438005 23439015 23449003 23461018 23467006 23470006 23474010 23480021 23483042 23485003 23486003 23494031 23499005 23501018 23503015 23503020 23505017 23507002 23512020 23514006 23515027 23518014 23519023 23521002 23524020 23533010 23534002 23535024 23535032 23537019 23541004 23541010 23542009 23545012 23547016 23549004 23553002 23554002 23556002 23560012 23561003 23562023 23565016 23566004 23568023 23572004 23575002 23578002 23578010 23579006 23584031 23584041 23586026 23590002 23591007 23592006 23593010 23593015 23596016 23597009 23599003 23600024 23601004 23606006 23607003 23607026 23609016 23609019 23610002 23610020 23611015 23611019 23617002 23617031 23619005 23633017 23633023 23640003 23645016 23648008 23649012 23652013 23654003 23655008 23656009 23659003 23661006 23662020 23663006 23664019 23664028 23665004 23670016 23670036 23671009 23672008 23683006 23690015 23691002 23694004 23695020 23695025 23698023 23700017 23706017 23707008 23710008 23715013 23718030 23719011 23719020 23719025 23720022 23728009 23728022 23728035 23729003 23735017 23735024 23738021 23741006 23743017 23745009 23745013 23747018 23747021 23748012 23753011 23754002 23756003 23756023 23757003 23758003 23759016 23760007 23762008 23768003 23768008 23769013 23772010 23772022 23774011 23778011 23778022 23781005 23781008 23783010 23784032 23785004 23785006 23789011 23791022 23792026 23798016 23801012 23803002 23804005 23805008 23810008 23814011 23816023 23816029 23817011 23817019 23818003 23824004 23827015 23829023 23830010 23830022 23831004 23837021 23844012 23846013 23846032 23846042 23847008 23847018 23848028 23848045 23850048 23852022 23856005 23858006 23859044 23860034 23867019 23868011 23871007 23871015 23872014 23876002 23876013 23880006 23880021 23884004 23884017 23885002 23885008 23890002 23891007 23895006 23896003 23898015 23900004 23906004 23911002 23913016 23919011 23922003 23923019 23933035 23935040 23937012 23937032 23938015 23939003 23939010 23940009 23941009 23942046 23942054 23954003 23955003 23957002 23960010 23961030 23964017 23964022 23966003 23968003 23974003 23974006 23977003 23979004 23980025 23981004 23981027 23983013 23984010 23987006 23988013 23991009 23992004 23998003 24002002 24004004 24005010 24006004 24009003 24022010 24024003 24025009 24028004 24028008 24029008 24030004 24031009 24032004 24037002 24055004 24056006 24058003 24060007 24062001 24062027 24062031 24063007 24063016 24064003 24066005 24067005 24068013 24070032 24070035 24071003 24074018 24077002 24079023 24081019 24091002 24101012 24102014 24103018 24104005 24106006 24107006 24110008 24126002 24127012 24128004 24129013 24129016 24133005 24133025 24135005 24136006 24137019 24138002 24138009 24139002 24140003 24141009 24143002 24146003 24149022 24150014 24154028 24160010 24162017 24163002 24164003 24170029 24172028 24173015 24175010 24177006 24185013 24187002 24191012 24193012 24194002 24194007 24197024 24201007 24201020 24204005 24204009 24205007 24207005 24210006 24211007 24211016 24211019 24215002 24225003 24226008 24228002 24229016 24239003 24241008 24242008 24242016 24245009 24246008 24246019 24246026 24249004 24249010 24254030 24255003 24256013 24257005 24257011 24258003 24261003 24261010 24261021 24262004 24265023 24265029 24269003 24271028 24278007 24281014 24282014 24282020 24286050 24286068 24294025 24294029 24298003 24305009 24311019 24313015 24315012 24316019 24316022 24318015 24321003 24321025 24323002 24325016 24331013 24332010 24333004 24334031 24337014 24341003 24343020 24344017 24345029 24347002 24351013 24351027 24352002 24352010 24353004 24353009 24357012 24358013 24358028 24359003 24360029 24361004 24362004 24368002 24373002 24374012 24375021 24376003 24378014 24379009 24381008 24382006 24382014 24385026 24387017 24392002 24392014 24394011 24395004 24395021 24398003 24399007 24404016 24405015 24405035 24407018 24408012 24408020 24409003 24410039 24411028 24418020 24419023 24422033 24422042 24424006 24425003 24426004 24426027 24427002 24427022 24429013 24430003 24430028 24430039 24431008 24432004 24434004 24434022 24435017 24436002 24436007 24436015 24436019 24436023 24437008 24441011 24441025 24449002 24449012 24449023 24449028 24449041 24449045 24451002 24455007 24456014 24463009 24463028 24469002 24470026 24476007 24479021 24481022 24483020 24484012 24487004 24487010 24488008 24488032 24490012 24490015 24492004 24493010 24494002 24496023 24497005 24497016 24497027 24498016 24499003 24500010 24500023 24502004 24507028 24507045 24508019 24508028 24509017 24509035 24514013 24517010 24518009 24524014 24524022 24524029 24525002 24526009 24526013 24527014 24532002 24533007 24535002 24535010 24539023 24541004 24546012 24549006 24557007 24557030 24557037 24558034 24564017 24565018 24567024 24569008 24575019 24582009 24584011 24586010 24590008 24594005 24596002 24598002 24599016 24600016 24603003 24606017 24609005 24609008 24610005 24611014 24613009 24615006 24629014 24629031 24630013 24635024 24636007 24638017 24641018 24641021 24643018 24643034 24644013 24646022 24647019 24652027 24654015 24654037 24655008 24655025 24656030 24659011 24660010 24661011 24661016 24664016 24665002 24674031 24675036 24675049 24675056 24676017 24677008 24677010 24678018 24679014 24681004 24682003 24682014 24683023 24683026 24685007 24686009 24686020 24696009 24697014 24700029 24701002 24705020 24708027 24711025 24715022 24717018 24720012 24722016 24725018 24726025 24727043 24732023 24735006 24736006 24737004 24738008 24738025 24739003 24739027 24741005 24742005 24744004 24747009 24753002 24753016 24757007 24758048 24758057 24759018 24760002 24760028 24762004 24766008 24769010 24770002 24770013 24771006 24772002 24774002 24776026 24779002 24781010 24790028 24814004 24823020 24823030 24824004 24826014 24827003 24848013 24850018 24855003 24863017 24863048 24867011 24869031 24869042 24872006 24873019 24873039 24874003 24876011 24880002 24882008 24883022 24884009 24887008 24891009 24896019 24897007 24898003 24898015 24900004 24900011 24905003 24905013 24906006 24912006 24916027 24918004 24921014 24922002 24923018 24928015 24929023 24930008 24933004 24936019 24958003 24959008 24975004 24977005 24981009 24982003 24982017 24989029 24991019 24993008 24996019 24999004 25001014 25002007 25005002 25007007 25008015 25012005 25012018 25017005 25017011 25023026 25025017 25028014 25041003 25042003 25048015 25066015 25070020 25071003 25078026 25081011 25082004 25084007 25084011 25084015 25089002 25089027 25092013 25095013 25097012 25099030 25103009 25103013 25106010 25107023 25108002 25110011 25115002 25116005 25119008 25119015 25121007 25121017 25122006 25122009 25124002 25125039 25126004 25126021 25127040 25128016 25132030 25135002 25137003 25143007 25143015 25144026 25145021 25148022 25151021 25151025 25151041 25155027 25156008 25157011 25159004 25160028 25160034 25164002 25164008 25170011 25181028 25192029 25194017 25195028 25196024 25198012 25200022 25202018 25203002 25205005 25206011 25206014 25207004 25208017 25208039 25209008 25211003 25214011 25217002 25225014 25233004 25234025 25235010 25238007 25238027 25240009 25243004 25244008 25247004 25248017 25254020 25255009 25257008 25258009 25258016 25259014 25259021 25260029 25264002 25266014 25267017 25273017 25275002 25275044 25276006 25276015 25278004 25278030 25279028 25280017 25282017 25283014 25287010 25288004 25290002 25290013 25293002 25293038 25296005 25298018 25300008 25301013 25301028 25306015 25307014 25323012 25325010 25334003 25337004 25338003 25338018 25339012 25340017 25341021 25342011 25343032 25344022 25344030 25347012 25347027 25349007 25354013 25354026 25355006 25356014 25364005 25365002 25366016 25367005 25370024 25371006 25373007 25376017 25385003 25387009 25390015 25391002 25393004 25395008 25395014 25396014 25397003 25397011 25397015 25398022 25398028 25400014 25401005 25401013 25413006 25420015 25423030 25424016 25426011 25428017 25428030 25430009 25430025 25432027 25432036 25433012 25434017 25437026 25439016 25441002 25445002 25446013 25447008 25447021 25448042 25451013 25455002 25457028 25458026 25459007 25460004 25464017 25467009 25475006 25477003 25478031 25482009 25487010 25487031 25488017 25490004 25490022 25493026 25497014 25497025 25498006 25498010 25500002 25501005 25503003 25504003 25505004 25506013 25508008 25510015 25518017 25520003 25521003 25523024 25525002 25527005 25530021 25532008 25532012 25533003 25533010 25533015 25533030 25536003 25546003 25550003 25551010 25554002 25557013 25559035 25560010 25561013 25564002 25566049 25568009 25570007 25573018 25575002 25575008 25583018 25585024 25585032 25592002 25594006 25594015 25597031 25598007 25603010 25619004 25622020 25624003 25626003 25627002 25637020 25639011 25642014 25650028 25655002 25658030 25661002 25668014 25674002 25681010 25683003 25686004 25689007 25689022 25690002 25692003 25692015 25692026 25693010 25693014 25695012 25700003 25700036 25702004 25703012 25703021 25704025 25704033 25710003 25710013 25711002 25711031 25712003 25712005 25713006 25713010 25723002 25723012 25726004 25729010 25730012 25732003 25732027 25733012 25734003 25735010 25737007 25739005 25743018 25746004 25747003 25751003 25754002 25755009 25756003 25756013 25756025 25757004 25758021 25760007 25762026 25762033 25765018 25767031 25769018 25773010 25773015 25774022 25777013 25780009 25782025 25788023 25790014 25790021 25790024 25791012 25792010 25792015 25792021 25793004 25794010 25795021 25795030 25796011 25796020 25798007 25798015 25799011 25799017 25799026 25802002 25803009 25812004 25813012 25817020 25818003 25820002 25834011 25834024 25836013 25836018 25839004 25840002 25847016 25848003 25848005 25849003 25850008 25854003 25855003 25858009 25859004 25861028 25862003 25869002 25877003 25877017 25878010 25882012 25884013 25886007 25892023 25892026 25894017 25895002 25900002 25906013 25912021 25914006 25917021 25918005 25920004 25921016 25922013 25924004 25925013 25927006 25931015 25937003 25937006 25939002 25940015 25942005 25943021 25943023 25945002 25948003 25952002 25952008 25956008 25958002 25960014 25963015 25966003 25969017 25980013 25985022 25986048 25989002 25989031 25990002 25991017 25992002 25993007 25995008 25996010 25997012 26000004 26001011 26002006 26003005 26003010 26003023 26005003 26006011 26013023 26016016 26023006 26025002 26027008 26034002 26035005 26036002 26040007 26042002 26044008 26046011 26048011 26052006 26053006 26055002 26059017 26060033 26060038 26075027 26076002 26078002 26080004 26080008 26082010 26084016 26084022 26092013 26095028 26097020 26098010 26102018 26103007 26103011 26104002 26104011 26104022 26105020 26105027 26105033 26107002 26107013 26107021 26108002 26112019 26118016 26119005 26126021 26130002 26143002 26144003 26147022 26154006 26157007 26157022 26160011 26161003 26163018 26164013 26168003 26172003 26172008 26174007 26176013 26181022 26182002 26184003 26184031 26184051 26185004 26186018 26187004 26188003 26195011 26196007 26196016 26197006 26198002 26199007 26202020 26203002 26203020 26205009 26206004 26210011 26211002 26212002 26216003 26220004 26220019 26221002 26222003 26225008 26226005 26227003 26229003 26230006 26230032 26234004 26246021 26259003 26262003 26268009 26268019 26269002 26269007 26269019 26269028 26270014 26273016 26275009 26279016 26280006 26280031 26281002 26282023 26283005 26285023 26292009 26304002 26308014 26310003 26315005 26316020 26317002 26319010 26319024 26323008 26324004 26330002 26331003 26333025 26337009 26339010 26340003 26348021 26351026 26352006 26354002 26359003 26360005 26361015 26362019 26363024 26365031 26366006 26368022 26376010 26379006 26382002 26385021 26390002 26391014 26391032 26392010 26398008 26401003 26402002 26406002 26410002 26412007 26414010 26418002 26420008 26426044 26427009 26436013 26440019 26447021 26448016 26450019 26450022 26453004 26454002 26454023 26456007 26457012 26458008 26458025 26459009 26459021 26464002 26464010 26465027 26466009 26468002 26470015 26471002 26474003 26475022 26476011 26476020 26479006 26482023 26487014 26488005 26494011 26500024 26504014 26514027 26520006 26520022 26528006 26528025 26531002 26535006 26538002 26541009 26545011 26545015 26552019 26554003 26556028 26556032 26562013 26563013 26565006 26565008 26566020 26568007 26569020 26571002 26573011 26575007 26575020 26577004 26578002 26578020 26579003 26579026 26581004 26581027 26582014 26584020 26584026 26584034 26586005 26590009 26590018 26591002 26597003 26597012 26598004 26598024 26599002 26599021 26603006 26603011 26605028 26606008 26607021 26610004 26610009 26616010 26616019 26617010 26617031 26620003 26623020 26628009 26629020 26631006 26635004 26636002 26642012 26648008 26650018 26656003 26656013 26658007 26660015 26661007 26662005 26672019 26679046 26682011 26689005 26690009 26694002 26698004 26708012 26711011 26719036 26721002 26722010 26731006 26731011 26733014 26739018 26742010 26746040 26749030 26750003 26750026 26753003 26772053 26784015 26784019 26784027 26787031 26788010 26789008 26796019 26799022 26803006 26804003 26811021 26812023 26813012 26815002 26828020 26830002 26837011 26837028 26838005 26839007 26840002 26840021 26844003 26846007 26846021 26849015 26849032 26850003 26850027 26853002 26853008 26853014 26853016 26855003 26857041 26860014 26861008 26861015 26861030 26862002 26864002 26867013 26868005 26877003 26878002 26878007 26882022 26883024 26886026 26887005 26890002 26894012 26894018 26900002 26902033 26903017 26906020 26912011 26912025 26918004 26918018 26921016 26922013 26922025 26922041 26923002 26923016 26923026 26928004 26931018 26931020 26935009 26936014 26940038 26943011 26943014 26943020 26945002 26945020 26952022 26955003 26956004 26963013 26964023 26970017 26971003 26972016 26972058 26973026 26976002 26978023 26979032 26980028 26982017 26983033 26986003 26986020 26987006 26991019 27000004 27002003 27004023 27005014 27008002 27010011 27010021 27010029 27012031 27014023 27015003 27016002 27022045 27023002 27023009 27024011 27025022 27026007 27027010 27030020 27030033 27032030 27033040 27036037 27037013 27039036 27044034 27046031 27047009 27050035 27051014 27051023 27053026 27054008 27055019 27055033 27057029 27058011 27064002 27064013 27065006 27067005 27068022 27070002 27070031 27071015 27079016 27081046 27082006 27082018 27082029 27084013 27084022 27085002 27088019 27088051 27092007 27093006 27093019 27094005 27097005 27098036 27099003 27099031 27100019 27103011 27104002 27108005 27111023 27113002 27113016 27114018 27117013 27118011 27119029 27121010 27122003 27122041 27122054 27123023 27124021 27125006 27128002 27129027 27130027 27131002 27136002 27137004 27137013 27141025 27144007 27146020 27147007 27147023 27148007 27148018 27149031 27150002 27150009 27150014 27152057 27153003 27157016 27158004 27158023 27160021 27160032 27161020 27162004 27162038 27162041 27163024 27169044 27174009 27175016 27177019 27178007 27178010 27180031 27181007 27186003 27187006 27187033 27191018 27191028 27192013 27195021 27195023 27196007 27199003 27202027 27203024 27204008 27204019 27204036 27206011 27207015 27208002 27209007 27211003 27212014 27212024 27213013 27214031 27215013 27216019 27216034 27217008 27220009 27222011 27224015 27226012 27228026 27234009 27235003 27235026 27244002 27245002 27247010 27251018 27252012 27254003 27254010 27255022 27257016 27267017 27273013 27275003 27275021 27276002 27276009 27276011 27277008 27277024 27279011 27286011 27288002 27289003 27291003 27293003 27295013 27296018 27304019 27308014 27312002 27317003 27318005 27319005 27325033 27326003 27326013 27328006 27329004 27331016 27331023 27333002 27334029 27335003 27336032 27338002 27338007 27338016 27339003 27341020 27341030 27345028 27345037 27346024 27347031 27348021 27348036 27349002 27350004 27352022 27352031 27355044 27355050 27357022 27357028 27358012 27361003 27361025 27367018 27369003 27370007 27370013 27370015 27371011 27371017 27371029 27372019 27374002 27374027 27375004 27376022 27377014 27378043 27379007 27380026 27382010 27383002 27383018 27383030 27384002 27386004 27386021 27388032 27389024 27390020 27392023 27394002 27394029 27395009 27396001 27397028 27398017 27401002 27403002 27404034 27405009 27405031 27406029 27409034 27411008 27411034 27412013 27413006 27413034 27418002 27419004 27419020 27420022 27421004 27421023 27424002 27424014 27424018 27425013 27425021 27427002 27428033 27429012 27430019 27433006 27436018 27437004 27437046 27437055 27438015 27439002 27441002 27442013 27443003 27444015 27445010 27445033 27446039 27446047 27449012 27451024 27455009 27458002 27459002 27460006 27461005 27462017 27466004 27467035 27468002 27472038 27473007 27473026 27474008 27479004 27487010 27487019 27487025 27488041 27491024 27493002 27493012 27494006 27496002 27500023 27500043 27501003 27502009 27502027 27502044 27505025 27506025 27511004 27512016 27513008 27516019 27517003 27518002 27520007 27521009 27522007 27523012 27523027 27526008 27526038 27530033 27532004 27532016 27533016 27534003 27534008 27538025 27539011 27541002 27541019 27543029 27544015 27551005 27555018 27555029 27555039 27555047 27557006 27559002 27564035 27565017 27565033 27566035 27569002 27573024 27574002 27575028 27576002 27576011 27576023 27576025 27580018 27585002 27590015 27591005 27595008 27595040 27596007 27599041 27599048 27602019 27607004 27607015 27607023 27609004 27610005 27610028 27611002 27611019 27613016 27614007 27615003 27615008 27615028 27617028 27618007 27619005 27622006 27622008 27624030 27624039 27625014 27627005 27628023 27629022 27629024 27630028 27632008 27636022 27636031 27637013 27638002 27638010 27638022 27639009 27640037 27641013 27642003 27653002 27653020 27656027 27658002 27666013 27666037 27667016 27669003 27671002 27671012 27676013 27677003 27683020 27685013 27687011 27687022 27691011 27691014 27691025 27692030 27692038 27694015 27694033 27695031 27697003 27697024 27697032 27698002 27698017 27698019 27699035 27702013 27702029 27703014 27705024 27709010 27710023 27710037 27710047 27710051 27714003 27714009 27716008 27718023 27718030 27719002 27725013 27731002 27731005 27732003 27733002 27734003 27734016 27735021 27735038 27738009 27741028 27742017 27743038 27745002 27746034 27751010 27751022 27753002 27753006 27753016 27754002 27754008 27757002 27757020 27757026 27758004 27760003 27765002 27766020 27768015 27768020 27770026 27780032 27786002 27788006 27788033 27789015 27792015 27794027 27795024 27796014 27798008 27804035 27806030 27810004 27812004 27812022 27814026 27816020 27816031 27817013 27817032 27818020 27819014 27820028 27823018 27827016 27831002 27831032 27833017 27834005 27836003 27837020 27842021 27843002 27843019 27844043 27844048 27845003 27847026 27848007 27848021 27850009 27850013 27850032 27850041 27858011 27858015 27860002 27861002 27862004 27862021 27863025 27864012 27865003 27865027 27867003 27868011 27868023 27869003 27869032 27870005 27872019 27873003 27873009 27873028 27880002 27881002 27884027 27888002 27888005 27888014 27891003 27891011 27891021 27896022 27901017 27902003 27903013 27903029 27904008 27905008 27906040 27907005 27907014 27908003 27908026 27909003 27909011 27911012 27911028 27913002 27920003 27921032 27923014 27925014 27927044 27929011 27931021 27933002 27934002 27938002 27940021 27946002 27946010 27948005 27948060 27950023 27955002 27956017 27956028 27963013 27963026 27964002 27968011 27971020 27975026 27976011 27978023 27979009 27979012 27981008 27988022 27990032 27995015 28011026 28012012 28012022 28013014 28013034 28019002 28021004 28022032 28023025 28023030 28027014 28028023 28029034 28033010 28034007 28034059 28039022 28040025 28041015 28042005 28045002 28049014 28050022 28050030 28051004 28053022 28057013 28059004 28060011 28061011 28063004 28064011 28065013 28073003 28075030 28076008 28085026 28085047 28090003 28090021 28091026 28093025 28094026 28095003 28095015 28097012 28097029 28099016 28102007 28103003 28104013 28105022 28107010 28107019 28108014 28109008 28110032 28112013 28115026 28120014 28121005 28121014 28124010 28124016 28126029 28128026 28128033 28128037 28129002 28132041 28132047 28141014 28141019 28143030 28146021 28146024 28147016 28148008 28151031 28154006 28156019 28167004 28167038 28170008 28172005 28172025 28177012 28177020 28179024 28188006 28188011 28188025 28189003 28194014 28194020 28197009 28199017 28201019 28206004 28207011 28208012 28221009 28224014 28225026 28226010 28226033 28227022 28228002 28228013 28229011 28230027 28231015 28233006 28234045 28237005 28238018 28238038 28239010 28241006 28246008 28247013 28249010 28252014 28252023 28252030 28252043 28254029 28254059 28269002 28272002 28273003 28276019 28277012 28278003 28285019 28285030 28286023 28287010 28287026 28287037 28290009 28294002 28295028 28296038 28297002 28298013 28298020 28299009 28300002 28303004 28303007 28303030 28304016 28304019 28311002 28313023 28316025 28319025 28322026 28323010 28326003 28327008 28328025 28331009 28331025 28336002 28354023 28362026 28363008 28369036 28380018 28381016 28382027 28387045 28393002 28398004 28399018 28402015 28403013 28403030 28404005 28406013 28408002 28409016 28409021 28409023 28409031 28409035 28413020 28414025 28415018 28416010 28421020 28421030 28421045 28422015 28423006 28424017 28424033 28425009 28425014 28425017 28426005 28428012 28428027 28429020 28432002 28438011 28439002 28439050 28440015 28441033 28450002 28451002 28453019 28454012 28454018 28457023 28458013 28458018 28458025 28458054 28460008 28466043 28469043 28472007 28472014 28476024 28481046 28484021 28486019 28487015 28487024 28487029 28487040 28488012 28493027 28500032 28501018 28501026 28501030 28505026 28506016 28509013 28511016 28515013 28516044 28517016 28519017 28523019 28524027 28525023 28527018 28527025 28535008 28535019 28535048 28536024 28536042 28538024 28538041 28539003 28541002 28543019 28551003 28551010 28553033 28555018 28556008 28556025 28557020 28558006 28558031 28562032 28564002 28565021 28566017 28567002 28570018 28572025 28573013 28574002 28575025 28579002 28579015 28582002 28584013 28584037 28585016 28587004 28595015 28595032 28596022 28597011 28598022 28598030 28599013 28605024 28606027 28606040 28607025 28607033 28611003 28613011 28617027 28624018 28625008 28628002 28631002 28634002 28638033 28640011 28640017 28641014 28643018 28644002 28645028 28646007 28647009 28647017 28648027 28648045 28650010 28650017 28651016 28653012 28656002 28658013 28660002 28662017 28663034 28664003 28666002 28666022 28667025 28669026 28674026 28674044 28674054 28679024 28681008 28690016 28691021 28692002 28692024 28695031 28695042 28696012 28702002 28702020 28703011 28703033 28704024 28705012 28705044 28706026 28707011 28707017 28708010 28709014 28711013 28715020 28716019 28718003 28720032 28723003 28725002 28726002 28726010 28729038 28730009 28730017 28730032 28734003 28736016 28742012 28743002 28743009 28751002 28755014 28756006 28756020 28757013 28761011 28762004 28762008 28763006 28763019 28771004 28773026 28777002 28779022 28779029 28782017 28783019 28785002 28807007 28808028 28810011 28812042 28813046 28816003 28818011 28821017 28823002 28826002 28828003 28828009 28828021 28830009 28833002 28835021 28835032 28836003 28842041 28845021 28847023 28849039 28849045 28849053 28851006 28856028 28857014 28858010 28858016 28859019 28860022 28860042 28860049 28861015 28862036 28865014 28866013 28867007 28867022 28867028 28873016 28875002 28876003 28877025 28877033 28881002 28883005 28884002 28886003 28887002 28889009 28892023 28894002 28896002 28896019 28897021 28897044 28902013 28902026 28916002 28924060 28925014 28927019 28929008 28929017 28929026 28929032 28930002 28935014 28936015 28938022 28939002 28940033 28941006 28944010 28944019 28945014 28950017 28952002 28952007 28952030 28955007 28960012 28960047 28962003 28962010 28962025 28976021 28980023 28982016 28983012 28985039 28995010 28996015 28997023 28997038 28998023 28999004 28999056 29007016 29009018 29018004 29022023 29023024 29025030 29026033 29028004 29030012 29030024 29031009 29032012 29032032 29032048 29033039 29034046 29036036 29038002 29041017 29045032 29049029 29054003 29054021 29054043 29066022 29067032 29068004 29070007 29070029 29074023 29075027 29079002 29080003 29086007 29089032 29092019 29096012 29098041 29099019 29101011 29103020 29106024 29108020 29109022 29111026 29114012 29115023 29116013 29117019 29117033 29118020 29118029 29120033 29121010 29121027 29122013 29122021 29122038 29124004 29125016 29126019 29129016 29131003 29133050 29136012 29137002 29140006 29141047 29146003 29147009 29147017 29147023 29147037 29149004 29150018 29152005 29156009 29156020 29157004 29158005 29161003 29162016 29164016 29165008 29167020 29169030 29171005 29175010 29176014 29180023 29184011 29187010 29188011 29190022 29190032 29191010 29192013 29193020 29196011 29197018 29198002 29198020 29201024 29202028 29204005 29205007 29215014 29216020 29217002 29220027 29221002 29222002 29224019 29232003 29233029 29237020 29238007 29238037 29242003 29247002 29247011 29249002 29251007 29253003 29255013 29257005 29258002 29258008 29265002 29265022 29266002 29274002 29283006 29286002 29288015 29289008 29289033 29290002 29295002 29298002 29306012 29308030 29310033 29311012 29313020 29313025 29314005 29316018 29319010 29320002 29323007 29331024 29335004 29336008 29338003 29339017 29347032 29351002 29354017 29356003 29358003 29360002 29368006 29368017 29369005 29369056 29374021 29375010 29379021 29380008 29385018 29387005 29387007 29388002 29389015 29390036 29398016 29401003 29404002 29404019 29404048 29409033 29415002 29420002 29423033 29426009 29430006 29430044 29431042 29434009 29434026 29435016 29436002 29436020 29439016 29442011 29443023 29444002 29446016 29446041 29453048 29458021 29461039 29469021 29471029 29472017 29473002 29475002 29476002 29480003 29483010 29486005 29489035 29489050 29493015 29493021 29495003 29497015 29497021 29500012 29501014 29503024 29507017 29509015 29510004 29512003 29512014 29516003 29517003 29518002 29519010 29523002 29529005 29530019 29532004 29538021 29542019 29546022 29547007 29566045 29567032 29568002 29569018 29570003 29571025 29584032 29587027 29592010 29595029 29595034 29596002 29598003 29604002 29605055 29610002 29618013 29619003 29621002 29621010 29621025 29622002 29625026 29626015 29628002 29630013 29630042 29633002 29633011 29640016 29646011 29654002 29655023 29659003 29660002 29660020 29661003 29661030 29662002 29664018 29665015 29667009 29668021 29669004 29670006 29670019 29673002 29675037 29676002 29677002 29686022 29688004 29701020 29702003 29702024 29703008 29708002 29709028 29710026 29711025 29712006 29713004 29715024 29720002 29723019 29724003 29730010 29751014 29752006 29753010 29754006 29758002 29759003 29761002 29763005 29764016 29764019 29768014 29768041 29778002 29780025 29786023 29791038 29792006 29797008 29798018 29800016 29801022 29803005 29808002 29808015 29810011 29811053 29814008 29816002 29818002 29820033 29822002 29822037 29835005 29835015 29836006 29838002 29838009 29844012 29845004 29847030 29851014 29853019 29861003 29865042 29869021 29872026 29879021 29879038 29895002 29895023 29896021 29906008 29917014 29922014 29924003 29932016 29934014 29947002 29951006 29955015 29956002 29957019 29959002 29960031 29961002 29962004 29968002 29970024 29972004 29973016 29975002 29979002 29981010 29981027 29988018 29989027 29989035 29992006 29993003 29995021 29995032 29998013 29999026 30003002 30006002 30007013 30014015 30016039 30017017 30020003 30020016 30021009 30021014 30021033 30022023 30024017 30026002 30027017 30029002 30030005 30031002 30033003 30033011 30035026 30046002 30051003 30052015 30052026 30053004 30053012 30056024 30061021 30062021 30063003 30063021 30064022 30065008 30069032 30073028 30074024 30074032 30075015 30076036 30078017 30079021 30084013 30084028 30085004 30087002 30090002 30093018 30097004 30098021 30099019 30102037 30106012 30110005 30110025 30111004 30111023 30114023 30116005 30117019 30118016 30118039 30119024 30120006 30121003 30121031 30122016 30123012 30123016 30123021 30124002 30125014 30125029 30126004 30127011 30133013 30135018 30135021 30139002 30144018 30145022 30146014 30146022 30149003 30154018 30156002 30163017 30166017 30168023 30169002 30169020 30177015 30177042 30179026 30185006 30186003 30186026 30188027 30189018 30190039 30202024 30204009 30214013 30216018 30224010 30224033 30225002 30225013 30230005 30230011 30230037 30232017 30232025 30233010 30233013 30237011 30238002 30239003 30241002 30246015 30248002 30251027 30251045 30252033 30253022 30254003 30255002 30257002 30257016 30259064 30260024 30262029 30274019 30279018 30282002 30282006 30288002 30288025 30290010 30292027 30292030 30293018 30296019 30299021 30301004 30311012 30317030 30319007 30344022 30345002 30349052 30352025 30353019 30355002 30355018 30362002 30369018 30369023 30371002 30374019 30374026 30375015 30378019 30380002 30381002 30382040 30383030 30386012 30386021 30386030 30387004 30387037 30387060 30388002 30392017 30392029 30392033 30397027 30401002 30404002 30407002 30411017 30421003 30421022 30429016 30432042 30442006 30445018 30445044 30446003 30446047 30449002 30451023 30453002 30454007 30457014 30457031 30461023 30463016 30466002 30466016 30472002 30478055 30484025 30485002 30488002 30488013 30490002 30492002 30492011 30493015 30495018 30498007 30499002 30499025 30499028 30501024 30502054 30506028 30507015 30509011 30513004 30513050 30517017 30517025 30520004 30521031 30521035 30529014 30533012 30534003 30535012 30537002 30537015 30538033 30539011 30539022 30539049 30540014 30540016 30542015 30543011 30543015 30544010 30553006 30555017 30556010 30556018 30560020 30562010 30564019 30565029 30565048 30567020 30571018 30573020 30575003 30575029 30578015 30580013 30581028 30589017 30593002 30594022 30596021 30597020 30606011 30606030 30607019 30607032 30613024 30619017 30619020 30631040 30634017 30635002 30635014 30636004 30637008 30637018 30641034 30641041 30641068 30641075 30649019 30649022 30651002 30654002 30655009 30656002 30656021 30657012 30667002 30669023 30669062 30669068 30671013 30680021 30683032 30693028 30699051 30702028 30702031 30702034 30702041 30704018 30706014 30706017 30709002 30709011 30711005 30717002 30717009 30723002 30731042 30734002 30735039 30740025 30742012 30749002 30749011 30749015 30750019 30751018 30751034 30757026 30762030 30763013 30764025 30765002 30766014 30770002 30770017 30770032 30772020 30773006 30774004 30774020 30774029 30775006 30777004 30777022 30777034 30777037 30777039 30778004 30778033 30779027 30781016 30784017 30785033 30786002 30786022 30786025 30787002 30787005 30787012 30789014 30795002 30795007 30795023 30797002 30798009 30800016 30800019 30801002 30803002 30803005 30812002 30813025 30814002 30815022 30820002 30820053 30821027 30824005 30826002 30829005 30833002 30834002 30838002 30839003 30839022 30842020 30843003 30843027 30844016 30846008 30847005 30851015 30852010 30853006 30855002 30858011 30859020 30860004 30861008 30865014 30866004 30867011 30870002 30870033 30871009 30871021 30872008 30874002 30875012 30877003 30881022 30882024 30883009 30883021 30884021 30885006 30886004 30886012 30886022 30890009 30890013 30894002 30896016 30897004 30897025 30897029 30898004 30898020 30899017 30899019 30901003 30901014 30902041 30904002 30905004 30905027 30909002 30909020 30910004 30911005 30911023 30912006 30912024 30913007 30913016 30913023 30914002 30917002 30918002 30919020 30921005 30921016 30924003 30924010 30925016 30926017 30927015 30927018 30929020 30930027 30931003 30931034 30933012 30934002 30936022 30937002 30937024 30938007 30938029 30938039 30941015 30942023 30944002 30945002 30945027 30946003 30946019 30947004 30948002 30949037 30952002 30952015 30953009 30954002 30954007 30957009 30958002 30959002 30960020 30960024 30963002 30963022 30964020 30965012 30965017 30966002 30967002 30967013 30967016 30969003 30969014 30971005 30972002 30974003 30976033 30979044 30980003 30981014 30982006 30982021 30983019 30984002 30984058 30984061 30985002 30985025 30985029 30988027 30991002 30992015 30993028 30993031 30996013 31002004 31003011 31003018 31005013 31008008 31009010 31011014 31012015 31014006 31015002 31018008 31019002 31020029 31021017 31024002 31024036 31027020 31028007 31028053 31030030 31033010 31037006 31038003 31038015 31038019 31038024 31038028 31038035 31038044 31038047 31038051 31039014 31040002 31041006 31042002 31042007 31042016 31042035 31043043 31049002 31051015 31051052 31052002 31052023 31053002 31056020 31057037 31061010 31064030 31065008 31068003 31069015 31070002 31070013 31073005 31075019 31076010 31077002 31078024 31079004 31080013 31082014 31083005 31083009 31084005 31084022 31084024 31084028 31089030 31095022 31096029 31096035 31099037
enẹewe|2|23869035 31047030
eng|4|24720013 24785002 24938015 25174013
epạ|3|23162010 23162025 23162042
ese|151|23166007 23168011 23186029 23395017 23395031 23453006 23455021 23540014 23672003 23715016 23767023 23768010 23779005 23792010 23855016 23855019 23857004 23864007 23875018 23897014 24010025 24014002 24015009 24019016 24019027 24021003 24023016 24280015 24281006 24324014 24367011 24452004 24595019 24596004 24601010 24618016 24619023 24693020 24768017 24907023 24921019 24951010 24981005 24997012 25120014 25142018 25143006 25208024 25273011 25316008 25340002 25394005 25513006 25513010 25600010 25808016 25875013 26105037 26150007 26150011 26150024 26175011 26216007 26267004 26268028 26967021 26968006 26999011 27061004 27074011 27085006 27186007 27189040 27229011 27250006 27261006 27290024 27321026 27423008 27428012 27536023 27600004 27706003 27709016 27908024 27957023 27958002 27958010 27958021 27958023 27958030 28094020 28095006 28095036 28165023 28166009 28167037 28489012 28490011 28491002 28491009 28491022 28492019 28499016 28500042 28501017 28502003 28502035 28503013 28503031 28504031 28527021 28604018 28604030 28605003 28608002 28608023 28609002 28609014 28610002 28610016 28612016 28612019 28613008 28613012 28615011 28992033 29131021 29328004 29330004 29333005 29333016 29336010 29338015 29537004 29608003 29707005 29707007 29725010 29729012 29911005 30118023 30119006 30125027 30138009 30432007 30564007 30776009 30897008 30905026 31056031
ete|12|24529018 24793016 25225017 25544014 27542032 28528018 28645024 29088019 29138025 29232023 29442026 30696017
ewe|12|23982028 25317006 25574002 26341017 27785025 28757008 28757023 28779017 29634024 29876030 30018018 30689016
eweng|1|27083027
gadine|2|28027005 28027007
gaga|1|25484004
gaghaghuwạ|9|24720011 25631014 25631031 26910020 27897023 29200010 30325015 30825028 30976003
gaghaghuwạe|2|23882006 23883010
gaghambesu|1|30942025
gaghanting|1|28794014
gaghaus'i|1|30341017
gaghausě|1|28595014
gaghere|4|26581008 26796012 27046024 30843019
gagheserě|1|26111004
gagholangeng|1|28383014
gaghurang|13|23636009 23637022 23640014 23857016 24467016 24469035 25015003 26169003 26979016 29072028 30196004 30223002 30393019
gaghurang'E|1|25022002
gaghurange|3|23639012 23640008 24475010
gaghurangu|3|23146009 25087034 25302003
gaghuwạ|12|23285033 23509013 23572025 24740017 25577008 30713013 30922009 30925005 30929012 30957015 31015015 31051008
gaghuwạe|1|23989002
gaghěllị|14|27197014 27325017 28027012 28039028 28441037 28937014 30073024 30129022 30257020 30258013 30284002 30457007 30457020 30457030
gaharu|1|26865027
gaheda-Ku|1|23691023
gahundunge|2|27147030 27149030
gahundungu|2|24700021 25817016
gahị|3|24822012 27117014 30800031
gahịe|1|28572006
gahịu|3|23892004 28758014 30911008
galasě|2|24468031 30775016
gal᷊ipohong|1|27029020
gal᷊ědụ|1|30929015
gambarě|1|29481005
gampang|1|27852011
gandaria|1|27008016
gandongang|3|24935011 26125023 27423016
gandongange|1|23165040
gandongangku|1|24938012
gandung|28|23491012 23491018 23565015 23566003 23569011 23570024 23576029 23999007 24284014 24284020 24353003 25043009 25148013 25148017 25148021 25478035 25628022 25687006 25896011 26605007 26605027 27129009 27894012 28550013 28551020 28756011 29782010 29782015
ganohạ|4|27609007 27775019 27788029 29065018
gapaěng|1|25339014
gapaěngu|7|23347011 24086036 24376005 24782032 25278006 26260006 30468006
gati|2|26568022 28446010
gatiku|2|26452033 27661010
gatin|1|23299017
gatine|5|26448019 28855010 30291013 30776012 30802011
gating|3|23299007 23300008 28849030
gatinu|1|26452020
gausang|4|26660012 28965016 29601022 30488009
gausangu|2|24610014 25414044
gause|1|23350017
gehe|1|23396021
gepe|1|26849034
ghagha|1|24729012
ghaghaus'i|1|27914016
ghaghurang|6|25843006 26459026 26967047 27706002 29339012 29578015
ghaghurange|1|29037042
ghaghuwạ|4|27846020 30104024 30881012 31023023
ghaghěllị|4|29280007 29461036 30032027 30034017
ghaghěllịu|1|30538008
ghaheda|2|28554010 28554016
ghahundunge|1|27152054
ghahị|5|23893008 24690013 28890043 30135041 30392027
ghahị'E|1|26248022
ghahịe|3|23703009 24541029 30145017
ghahịu|4|27117020 27294017 28758022 30776014
ghal᷊ipohom|1|29659015
ghal᷊ipohon|6|24687008 24692007 25807013 27542004 27542007 29086015
ghal᷊ipohone|1|25213014
ghal᷊ipohong|5|25807004 26122006 29627023 30076053 30519020
ghal᷊oghong|1|23311009
ghal᷊oghonge|1|25487004
ghal᷊ědụ|2|25852024 30713008
ghal᷊ěgehu|1|30929008
ghanohạ|3|27529020 27615002 27697023
ghapaěng|4|24277006 24982008 26498032 26508011
ghapaěnge|1|24108024
ghapaěngu|13|23376007 24276011 24502007 24635018 24987006 25018009 25114009 25435004 26498012 27615009 28839013 30850015 31024007
ghati|6|26009018 29088036 29347048 29543016 30295022 30303007
ghatiku|1|27718028
ghatin|4|23889050 24688043 28858014 30848024
ghatin'E|2|25331008 31085003
ghatine|4|26568016 28849035 28855026 30290016
ghating|5|24122005 28849017 28860004 28866037 29588032
ghausang|2|26707021 28595004
ghehe|1|24282024
ghiadu|1|30846022
ghimaghan|1|28398013
ghiměgoě|1|28808008
ghiměnggang|1|24092019
ghoghaheng|1|28879018
ghol᷊opung|1|29172006
ghoě|1|30244002
ghul᷊an|1|24222018
ghul᷊ang|2|23197018 30871050
ghumaghal᷊ě|1|29426021
ghuminuě|2|26975025 30241023
ghumoě|1|24664025
ghuměnggang|3|23308005 23314002 29265011
ghuměnggangu|4|23311004 23317005 25486010 25841012
ghuntingang|1|28607023
ghutaěng|1|27807020
ghědẹu|1|24282008
ghěguwạ|1|25563025
ghělikang'E|1|26232024
ghělirang|1|23529024
ghělirangu|2|26148010 30491007
ghělire|1|27704017
ghělirengkong|1|27365018
ghěllikangu|1|25741016
ghěllị|2|23275015 24037008
ghěllịe|1|25177008
ghělịbe|1|25805009
ghělịe|1|25176020
ghěnangu|2|23805017 31041021
ghěnggang|5|25471019 25489003 27637023 28811009 30439022
ghěnggange|2|23317013 25485008
ghěnggangu|3|23437012 25482015 29449002
ghěnnangu|10|23276014 27381012 27394003 27669019 28362041 29588012 30198015 30847002 30851022 30875029
ghěsi|2|28769013 29201009
ghěsin|2|29748018 30027031
ghěsine|2|28113004 30373017
ghěsing|2|28918029 31036024
ghẹ̌gaghal᷊eěng|1|29174020
ghẹ̌gausang|3|25409006 28436002 30263016
ghẹ̌gausangu|1|28843028
ghẹ̌gutaěng|2|27032004 27996035
ghẹ̌guwạ|14|23330012 24873044 25394034 27866025 28189031 29955027 30906009 30974002 30977033 30994008 31012027 31013026 31021016 31084004
ghẹ̌gěllirangu|1|30063031
ghẹ̌si|3|24793032 28765005 29518032
ghẹ̌si-Ku|2|26309034 26313002
ghẹ̌siku|1|26976012
ghẹ̌sin'E|1|26310015
ghẹ̌sine|4|27494025 28084005 29334006 30362022
ghẹ̌sing|1|25477014
ghẹ̌tung|1|31007016
ghọdoěng|1|28422014
ghụgahiorọ|5|28143034 28898026 29555026 29601006 30359020
ghụgahiorọu|1|29652001
ghụgalumị|1|27103016
ghụgal᷊ěgehě|1|30973011
ghụgoě|1|25347024
ghụgěnggang|8|25260013 25405008 26987012 27885004 28961003 29016010 29043003 29044003
ghụgěnggangu|5|23562015 24343003 28993004 29018009 29596023
giange|1|29428007
gilimang|2|23734024 25654004
gimaghahe|1|24864004
gimal᷊ědụ|1|30833019
gimanganga|1|30908012
giminuě|1|27510009
godoěng|2|28421019 28421027
gohaeng|1|27703011
gohaenge|1|24834010
golangeng|1|25478023
golọ|1|30937017
goreng|1|26034007
goě|9|23848011 27036013 27052025 27320014 27584003 27594011 27931003 29376022 30511027
guběrnurě|24|24132017 24141006 24144010 24145008 24151002 24157014 24210004 24843011 24976010 25800039 26814015 27127034 27370004 27371028 27375003 27570006 27768017 27769002 27780002 27797011 27854005 29022007 29023023 30414005
gudange|1|25484015
gudangku|1|25478019
gul᷊ang|1|30872023
gumaghal᷊ě|2|29425042 29426005
guminuě|1|25853022
gumoě|1|27280009
gunan|1|28705048
gunane|54|23248017 23643002 24039005 24063014 24134024 24537003 24759015 25327003 25551009 25589003 26003015 26321013 27048038 27585055 27647017 27678008 27988013 27994004 28096049 28384003 28384008 28384015 28431018 28591024 28685017 28696016 28733013 28733020 28777040 29103026 29107015 29165013 29517010 29518028 29572018 29756007 29842029 29844005 29932033 29933007 29933018 29938019 29950005 29950016 29955028 29955039 30017019 30053014 30083016 30308007 30310003 30311015 30314014 30404020
gunang|8|28481013 28592017 28691033 28705051 29560011 29566040 29869025 30310026
gurunu|1|23927011
gutaěng|1|30306009
gělikang|1|24038008
gělikangu|2|25719020 30744017
gělirang|4|24491010 26707025 29542021 30649004
gělirangu|1|30728051
gělirengkon|1|26979005
gěllirambeng|1|30375029
gěllirang'u|1|27091021
gěllirengkon|1|25473019
gěllịko|1|25037010
gělịko|1|25756017
gěnggange|1|30811002
gěnnang|1|27159046
gěnnangu|10|27502002 29015027 29985002 29987020 30013010 30372021 30846014 30898022 31002007 31042040
gěsa|1|25110007
gěsi|5|28541019 29233023 29425048 29426026 29508017
gěsine|2|29311009 30992030
gěsing|6|27690048 31036003 31036005 31036010 31036015 31036020
gětung|1|30800030
gẹ̌gausang|14|23291010 24665023 25831030 27859026 28657011 28999020 29272018 29449017 29461034 29462019 30091009 30129021 30341024 30483010
gẹ̌gausange|3|24718028 27793029 30310025
gẹ̌gere|1|26999005
gẹ̌geserang|1|30766012
gẹ̌guwạ|13|23442005 23471022 23530013 24332015 25877009 26562022 27708031 30838009 30967012 30977026 30996012 31020015 31035029
gẹ̌guwạ-guwạ|2|30895011 30912012
gẹ̌guwạe|2|23996007 30974021
gẹ̌sa|2|25115035 26281007
gẹ̌si|5|23170017 26127003 29187019 30116021 30567008
gẹ̌si-Ku|3|26312004 26314004 26315019
gẹ̌sin|4|26311013 28302004 29441014 31039023
gẹ̌sine|3|26031019 28960027 30519009
gẹ̌sing|2|27463031 30358020
gụgoẹ̌u|1|23629021
gụgěnggang|1|29143002
gụgěnggangu|1|28871010
habar'i|6|25523004 26619012 28205019 28324013 28839030 30042015
habar'u|12|23559010 23964009 24220017 24244002 24725008 25362019 25836008 27100015 28197025 28385034 29569005 29598021
habare|2|26741011 29449023
habareko|1|23178025
habareng|2|25107015 29587021
habaru|27|24872003 25304012 27389022 27401018 27535022 27592032 27659024 27915015 27921036 27928013 28203032 28204025 28325012 28382007 29475018 29546015 29569022 29658018 29664009 29672027 29675060 29724017 30021007 30409041 30543022 30575027 30677023
habarě|64|23173007 23186044 23472005 23561002 23611005 23633016 24223006 24262013 24420016 24422002 24896025 24913021 24959007 24971002 25082016 25213002 25280016 25782006 26039026 26528005 26530007 26922004 27084012 27085008 27131006 27189031 27304018 27470029 27630018 27644007 27657012 28197021 28203026 28206011 28206013 28207010 28252042 28362025 28382026 28387029 28388017 28456006 28619017 28842040 29070006 29407038 29411022 29418022 29472016 29491017 29492002 29567024 29642005 29664017 29836008 29914021 30017016 30160003 30387057 30546004 30575005 30591007 30918010 31101006
haesu|1|28462006
haesě|1|28462003
haghi|3|24532016 28566011 30046049
haghi-haghin|1|30269009
haghim|23|28318020 28645053 28645061 28663058 28665009 28667005 28674033 28674042 28684010 28684040 28685012 28688007 28689007 28697013 28701003 28702015 28718018 28757016 29230012 29456015 30327002 30513046 30744035
haghin|38|23415037 23419025 24343012 24356012 24891023 24894021 25077009 25653008 27127007 27418040 27955023 28323003 28516028 28516042 28663015 28807031 28903019 28935008 29133024 29287020 29372017 29510010 29594023 29644003 29671014 29672005 29774040 29799029 29871014 30251008 30381023 30386034 30401015 30622017 30727022 30823017 30879049 31007006
haghine|6|28177027 28687002 29262026 30131019 30948023 31063016
haghing|38|23587016 24486006 25044008 26954015 26955009 26958009 27162029 27272005 27272009 27306009 27349035 27418043 27592027 27693020 28100011 28645018 29245009 29295015 29525010 29526009 29798011 29799007 29850002 29860022 29927019 29965024 29982014 30116012 30117013 30336018 30789035 30883025 30964018 30991022 30996033 31006023 31073009 31099039
hakonda|3|24649014 24844016 26828009
hakondane|2|23990008 24746008
hakutang|2|28550020 29782019
hakě|4|26057016 26931022 28027016 28553020
hakịben|1|29476014
hakịbeng|3|28371001 29477009 29626013
hakịe|1|24923008
hakịewem|1|29283018
hakịewen|10|23562032 23572026 24261013 24369024 25896015 26231024 26801020 26872015 29065016 31095009
hakịeweng|11|23768009 27132009 27239027 27700018 27835024 27874005 27999018 28285007 28950024 28968012 30680030
hakịu|294|23234011 23370010 23374029 23396019 23512021 23542008 23553003 23561010 23592007 23600025 23605001 23707014 23716021 23755007 23769014 23847016 23916009 23970005 24110014 24138003 24144009 24243006 24263009 24298005 24341011 24343030 24356019 24361015 24365017 24422034 24427004 24439008 24458001 24559022 24565025 24596003 24596016 24615010 24802016 24803013 24832009 24888034 24929024 24937006 24961012 24972012 25042004 25086006 25089017 25114012 25115038 25253018 25260033 25269022 25271035 25275024 25336012 25341017 25344013 25349006 25455003 25461007 25482010 25502009 25508013 25563027 25594012 25603013 25605005 25673001 25782013 25803008 25861020 25909006 25915013 26008010 26111026 26137010 26323009 26364019 26429022 26464003 26642013 26719037 26796013 26933021 26943015 26958004 26986004 26993009 27030014 27075007 27096017 27109008 27110008 27126010 27127027 27139012 27148008 27151022 27178019 27188010 27195013 27210012 27224007 27259010 27289004 27293004 27327014 27329007 27332021 27358032 27374039 27390038 27416024 27417013 27423017 27434023 27482008 27502019 27510004 27602013 27636025 27678014 27699021 27735012 27742015 27745007 27776004 27776013 27796015 27823019 27831013 27846010 27850014 27865019 27865028 27868012 27908034 27915020 27920002 27955018 27958031 27959020 27964013 27981009 28017043 28029007 28036038 28043017 28097030 28115027 28132015 28145010 28199006 28199020 28221028 28245010 28247014 28249011 28269003 28272003 28290010 28308028 28326004 28362040 28541003 28567003 28573014 28578014 28650009 28651010 28659028 28668024 28692003 28704008 28807026 28809033 28828004 28849023 28860010 28861016 28876004 28886002 28889010 28930003 28939003 28962004 29032033 29054004 29095014 29112004 29114024 29140007 29180029 29224031 29235001 29238006 29246017 29247003 29274003 29288014 29292008 29336009 29360003 29387008 29401004 29419006 29420003 29428008 29436003 29469022 29475003 29483016 29489054 29497014 29514001 29569036 29583026 29596003 29596031 29598004 29599001 29618014 29654003 29661004 29673003 29673012 29712005 29713005 29716023 29724004 29731010 29793019 29799016 29810012 29814009 29822003 29838003 29888012 29906009 29973017 29984019 30008021 30062022 30069017 30076035 30084014 30084029 30088018 30101010 30180024 30185018 30189019 30206016 30207017 30246016 30254004 30313017 30317031 30340009 30340018 30344023 30350028 30373012 30378018 30379020 30383031 30412010 30421008 30451024 30453003 30499003 30511022 30513033 30516009 30521027 30561013 30571019 30575004 30581008 30581029 30679011 30840023 30884027 30909009 30919021 30924008 30942039 30959016 30965019 30967019 30970015 31050021
hala|228|23368019 23517032 23527006 23597028 23597032 23688005 23743024 23782016 23810022 23900005 23932025 23950005 24120026 24358018 24381005 24396008 24425027 24439035 24473021 24530005 24549011 24729045 24730007 24750027 24819003 24896016 25004004 25184008 25188018 25249023 25387013 25452024 25454004 25458018 25481010 25517006 25547032 25831031 26084003 26149003 26199024 26231012 26241008 26242007 26254020 26337005 26424033 26436010 26462036 26500013 26679033 26687006 26740031 26817014 26820010 26821019 26832034 26861004 26972061 26973004 26982016 27019018 27042008 27043015 27051028 27055022 27154027 27158032 27288010 27299008 27404028 27409039 27450021 27453030 27470028 27521052 27564039 27573015 27612011 27655008 27657005 27661003 27676020 27710003 27764028 27767016 27781005 27790007 27816012 27875016 27919030 27930014 27950018 27959018 27964050 27968014 27977015 27977025 27978027 27984014 28028007 28188023 28192024 28219014 28224010 28288011 28288022 28305028 28355019 28430030 28467030 28476004 28476016 28492008 28492026 28500011 28523011 28536005 28547010 28583014 28601021 28614006 28671013 28678022 28683009 28810022 28818031 28844003 28845003 28865011 28869011 28893017 28898015 28912009 28922036 28929042 28961052 28984034 29049008 29066026 29098025 29106028 29147031 29160007 29177022 29183017 29190041 29192016 29193004 29194006 29313003 29333025 29379019 29395009 29413010 29431014 29441016 29443017 29458009 29513030 29525005 29554024 29559019 29566034 29572007 29576003 29585029 29592020 29594021 29601017 29613020 29615013 29620020 29624004 29686003 29691025 29704010 29819031 29856008 29864017 29867021 29874023 29905004 29929019 29958006 29982031 29996020 30030030 30034005 30034028 30035009 30036011 30070029 30092020 30092049 30129020 30130022 30132034 30144013 30180049 30214005 30223035 30285004 30336010 30341033 30352012 30403012 30441045 30467029 30496032 30498003 30502064 30504016 30513055 30520012 30539054 30542027 30553022 30578004 30618003 30620003 30658019 30681011 30685029 30689030 30861016 30926018 31072010
hal᷊ě|398|23165007 23285014 23339043 23388005 23391007 23410015 23525007 23525024 23543005 23594048 23598007 23600029 23611018 23695024 23745012 23759015 23780008 23796015 23798021 23799017 23817010 23831003 23842011 23847007 23848044 23851031 23855008 23880005 23923005 23942028 23942058 23944030 23982016 23983012 23991007 24056005 24060006 24063006 24096016 24134029 24204015 24210005 24246025 24261009 24273030 24297036 24310014 24326005 24379008 24379024 24381014 24408011 24426003 24427021 24437007 24442030 24500009 24517009 24518019 24533006 24599015 24603002 24610011 24616011 24624022 24630012 24664015 24740016 24747008 24884008 24887007 24895011 24896018 24912005 24928014 24943007 24989027 25001028 25045010 25045022 25122008 25170010 25192005 25192017 25213004 25225013 25235009 25280008 25281007 25309009 25323011 25330006 25347011 25347026 25356013 25390014 25404007 25404025 25405012 25406002 25452015 25486002 25486012 25490002 25508010 25517008 25518016 25560009 25566048 25575007 25631007 25631013 25631023 25631030 25732026 25739004 25749011 25780008 25834023 25858008 25859003 25861017 25863011 25996009 26006007 26010020 26013022 26091008 26092021 26095023 26107003 26107012 26107020 26114015 26118015 26119019 26123028 26140005 26146011 26152023 26160010 26205016 26211004 26239006 26260019 26272005 26284019 26319009 26350005 26360022 26396010 26457017 26466017 26514016 26514025 26523016 26550018 26569018 26598023 26618004 26643027 26650017 26733013 26861007 26861014 26921019 26922043 26923007 26924004 26931017 26943010 26961037 26964044 26969013 26972040 26987005 27009018 27012030 27040003 27044032 27047008 27072013 27081036 27082028 27104035 27105031 27106009 27125010 27148006 27230016 27247009 27318004 27330004 27336031 27350003 27363008 27397027 27405030 27416008 27418016 27418044 27445032 27449011 27461004 27520006 27526027 27544007 27545024 27555028 27555038 27556032 27573032 27575027 27583026 27586014 27596006 27597004 27600017 27622005 27691038 27708035 27751021 27772035 27792008 27816008 27817012 27817029 27850008 27955016 27963025 27970013 27978022 28013033 28025003 28033009 28088030 28090012 28091025 28108007 28145009 28167043 28167046 28195003 28235016 28280006 28318011 28319004 28323007 28356018 28356031 28356037 28362034 28369021 28401015 28404004 28406019 28409027 28424022 28424032 28426003 28454011 28471020 28472004 28503023 28513007 28519007 28522018 28522047 28532002 28551033 28574017 28604010 28614008 28617006 28618002 28643010 28679007 28693017 28699011 28699015 28699031 28771003 28778002 28810010 28825008 28830006 28900008 28939013 28939020 28943004 28943030 28944009 28958010 28988021 28996008 29007018 29008007 29036003 29045019 29045031 29072002 29072022 29086006 29088006 29092018 29105005 29150007 29174029 29186014 29193019 29198009 29198019 29201007 29217023 29240023 29255012 29368004 29368016 29378022 29387004 29394010 29409032 29413007 29423032 29430004 29431016 29438002 29441018 29449007 29451009 29471028 29472027 29511009 29524002 29546021 29552035 29584002 29595033 29605054 29613025 29614002 29619002 29622009 29663002 29663011 29665016 29690022 29709027 29740002 29745014 29756018 29757002 29777029 29832008 29842023 29843020 29885008 29887030 29912043 29932029 29982015 30020002 30022022 30042002 30043021 30047005 30063015 30079027 30088003 30135010 30135017 30149002 30158020 30195012 30195021 30246010 30325014 30386011 30493013 30495016 30500008 30501018 30531006 30539014 30540013 30607007 30609006 30680025 30724005 30732007 30732054 30740039 30922007 31002003 31038013 31038022 31081005 31097017
hal᷊ẹ̌'u|1|23255021
hal᷊ẹ̌-Ku|4|23520026 25429019 25551031 26500025
hal᷊ẹ̌be|1|28961032
hal᷊ẹ̌ewe|1|29325004
hal᷊ẹ̌ewelain|1|29511016
hal᷊ẹ̌ewen|2|28529002 28956020
hal᷊ẹ̌ku|7|27654006 28332005 28335016 28467011 29260018 29415009 29882021
hal᷊ẹ̌u|11|25623018 25632004 25632021 26368005 27080011 28521010 28640004 28643024 28712013 28953013 29169011
hambake|1|31011024
hambaki|2|27561010 27561015
hamụ|4|23203009 24758037 25035011 28226025
hamụe|7|23546017 24330016 24661021 25259023 28228031 28228034 30685057
handukě|2|26635015 26636019
hanesě|75|24071006 24261006 24291018 24336014 24762022 25414031 25495013 25637031 25690015 25694007 25694022 26336018 26566007 26704009 26806007 26806015 26945026 26974027 26975014 26992014 26994005 26996006 26997003 26997019 27009025 27406038 27502011 27564006 27658016 27838042 27902035 27940002 27944022 28071017 28357023 28839007 28860027 28871009 28876022 28955029 28999053 29174011 29176017 29223014 29369004 29404012 29447004 29469034 29475007 29528013 29563037 29653010 29661009 29675012 29695011 29813021 29905014 30135037 30205007 30339020 30402011 30437005 30437015 30495013 30586009 30643018 30648012 30662038 30777023 30792033 30938009 31001024 31092024 31092031 31092039
hanesẹ̌be|8|24066004 24762003 26411019 26589004 26704002 28603010 28834013 28968015
hanggange|2|24159010 24844018
hanibě|6|23691012 24873033 25195014 25989029 28572017 28572024
hante|8|24368022 24369011 25275032 25275043 27345042 27510019 30679025 31040018
hapaiko|1|25660016
hapusang|1|27676038
hapị|31|23282009 23757010 23806011 25118004 25230019 25334008 25413003 25464002 25566022 25630016 25843017 26540009 26715022 27144005 27284023 27370009 27376007 27378023 27793024 27859018 28920030 29550003 29939018 29940007 29941016 29956009 30479002 30667012 30669032 30673024 30673038
hapị'U|1|29973035
hapị-Ku|1|26714005
hapịe|11|23756008 23756022 23757002 24252006 25202021 25411016 25414013 25595010 25598012 25976008 26713007
hapịku|7|25412003 25618049 25625009 27661017 27716011 28340008 28358003
hapịu|6|23278011 23479020 23761009 24884012 25230024 26150009
harap'i|1|29242044
harape|1|28041013
harapu|1|28809039
harapě|3|27876024 28141022 28673025
haribasarě|1|29511018
harusě|157|23251004 23355005 23397028 23697016 23711017 23726023 23749024 23897024 23942047 23964019 23974009 23978007 24111004 24209005 24220023 24220029 24254023 24445017 24532013 24535026 24550018 24551008 24574026 24574030 24707004 24707023 24725015 24727003 24728007 24732029 24753005 24907026 24925013 24954010 25029035 25182008 25182020 25204018 25315031 25325018 25343021 25447011 25572022 25625007 25677007 25707015 25808026 25836014 25897024 25901012 25901019 25953007 25999005 26036040 26038017 26038021 26039016 26128009 26161005 26286009 26333030 26387017 26445008 26581025 26607008 26615027 26700004 26725004 26727005 26833011 26877019 26945003 27015025 27018003 27019027 27033014 27437026 27448028 27607029 27625016 27833008 27847012 27928010 28069005 28080003 28160044 28197028 28228016 28252026 28252040 28253009 28253021 28254009 28254027 28254043 28429022 28458043 28465032 28491004 28491014 28493032 28623038 28679009 28706019 28709021 28789041 28988017 29069005 29084015 29176028 29188015 29190030 29301012 29333007 29339009 29339018 29409026 29438009 29530022 29531003 29559020 29630022 29643009 29728002 29735009 29743005 29747016 29773018 29790007 29791025 29791045 29869004 29876006 29899014 29902003 29904003 29906013 29912041 29918003 30113024 30179021 30233036 30246004 30246019 30316006 30382034 30396008 30436003 30439005 30471017 30534016 30591015 30615020 30667009 30699035 30921024 31042038
harusẹ̌be|86|23523009 23780026 25031021 25848009 25848019 26945021 27033006 27784004 27840021 28282008 28305012 28381017 28395016 28421034 28487003 28598016 28611012 28629004 28635007 28638003 28692010 28705046 28707013 28708007 28713004 28714011 28716020 28719004 28772006 28795019 28960031 29288006 29301005 29306016 29313029 29329016 29489005 29519014 29532010 29538012 29549012 29630018 29686008 29700041 29706002 29729016 29734004 29739004 29740006 29741003 29742006 29743012 29744004 29744010 29761009 29768017 29780020 29800013 29806022 29847031 29852012 29853003 29886005 29901003 29916018 29938004 30096023 30098050 30122007 30251019 30273006 30412007 30458007 30458018 30486008 30487006 30526004 30557014 30575014 30580017 30596025 30603021 30625017 30641083 30652020 30743009
hasụ|17|24445025 24760009 25237016 25628035 26265008 26586014 27096022 27123037 27383006 27758019 27758036 27893008 28725011 29120021 29492006 30857011 30947025
hasụe|1|28362042
hatede|4|27653003 27858017 29032045 30434025
hatedẹ̌ko|1|30225010
haweng|2|25719008 29781016
hawenge|4|23162012 23162027 23162044 27636039
haěngu|2|28964006 28964024
heghesang|1|30461005
hekạ|25|24189008 24806006 24873005 24873018 25144029 25989014 25989017 26004019 26568013 26568020 26866015 26873012 26874018 26875002 27271010 27276010 27313020 27498008 30806016 30953021 31006012 31006014 31006018 31010018 31010021
hempang|1|25641014
hempange|2|25642018 30921029
hengetang|62|23214020 23646023 24263026 24613005 24655024 25109017 25258008 25258015 25259013 25259020 25260010 25261010 26766038 26768007 26774005 26777010 27021006 27109002 27115034 27155035 27191014 27296009 27322007 27362002 27370033 27440006 27478013 27479033 27490011 27569017 28208022 28209013 28555011 28683014 28708009 28711012 28715019 28842011 28897043 28906004 29534002 29584031 29660030 29715023 29980002 29981009 30027006 30238031 30290004 30349041 30349051 30558034 30559003 30575028 30707045 30903019 31027029 31059031 31088019 31091010 31099007 31100007
hengetang'E|12|25435014 25443005 25780020 25837006 26249002 26437039 26517027 27986019 29896011 29967029 30285013 30528019
hengetang'u|4|23461025 23640022 30398003 30876018
hengetang-Ku|7|25194015 25196006 25346007 25860008 26235010 26483003 26489009
hengetange|7|23764005 25197006 27994016 29546016 29781024 30349057 30506043
hengetangi|1|28562050
hengetangu|73|23339023 23904008 24338008 24477016 24611002 25029017 25257010 25267011 25434013 26207016 26318005 26429011 27052022 27054024 27104029 27106014 27168024 27170006 27202008 27309022 27327036 27368008 27407013 27411017 27537013 27596032 27606004 28210011 28605010 28606012 28668007 28674017 28675012 28685043 28701017 28703008 28709003 28710019 28715008 28862023 29355009 29584021 29584040 29587013 29680011 29681020 29715011 29754033 29762030 29837017 29873005 30050009 30176013 30249010 30289006 30334029 30349033 30400002 30408021 30426021 30444011 30492022 30499010 30501013 30501036 30530009 30551026 30556006 30873009 30879020 30909026 30939011 31043039
hengke|6|23483006 24270011 24272002 26112014 26219008 30225005
hiang|1|27242016
hiborang|1|23188018
hikinang|2|30898021 30906026
himang|1|27885011
himaung|36|23206018 23365006 23400017 23623012 23707005 23708004 23715017 23749005 23850028 23857006 23959012 24029009 24031010 24033009 24062007 24104009 24124014 24214003 24247005 24274013 24279019 24692010 24758023 24800008 25012008 25103004 25210005 25290003 25293012 25398004 25404012 26602003 27698004 30787007 30831010 30977012
himaungke|21|23213002 23371004 23408011 23576015 23613006 23659004 23729007 23846011 23855024 23961017 24205014 24392017 24624010 24654013 24668030 24716006 25270004 26105034 26804023 26912004 27351013
himombang|3|23899011 25259037 30853011
himukud'i|2|30259021 30425025
himukud'u|2|23910012 31043022
himukude|2|28460015 28686005
himukudi|1|30384012
himukudu|3|30661016 30803017 31007026
himukudě|7|23446012 23446021 24457020 26029012 26031016 29645031 30411035
himukudẹ̌ku|2|24941002 26977008
himukụdě|1|30027024
himěkosě|6|23173022 23624016 24923007 26029003 26956013 27224006
himětị|2|24332011 25538015
himẹ̌kose|1|27511005
himẹ̌tị|1|25252010
hina|1|24942007
hinakanengu|1|24551038
hindua|1|27911036
hingid'u|1|29594030
hingide|2|28944027 30213007
hingidu|6|28396013 28405020 28435013 28684024 29701029 30869015
hinoku|1|27706016
hinom|13|23266010 23473014 23820010 24629017 24632018 24633011 24819031 25037021 25139008 27963015 28331014 29531029 29995007
hinon|29|23207014 23255006 23268027 23281018 23779018 23815021 24606030 24997014 25107013 25510005 25535025 25552005 25959014 26039028 26151004 26571024 26630022 26665022 27956030 28781009 28890036 29028022 29384020 29435022 29708017 30658003 30672003 30919025 31098018
hinone|99|23204045 23332016 23354011 23428021 23455013 23456015 23660006 23771019 23881020 24036003 24545002 25182002 25202035 25364018 25371019 25448043 25552016 25608004 25610017 25621005 25891021 26159002 26351011 26575002 26735014 27101018 27409044 27551025 27572028 27619034 27689039 27727030 27807017 27813032 28129022 28143024 28247042 28254036 28262023 28268002 28271020 28331050 28412002 28416002 28456002 28498013 28530010 28536003 28545005 28546005 28551023 28557009 28615018 28620003 28728010 28729041 28909031 28913014 28946029 28958002 29034019 29038030 29044047 29133045 29140021 29153022 29289029 29309003 29310013 29358024 29398002 29417020 29424010 29426002 29435008 29491014 29536014 29547011 29577018 29601030 29617015 29653020 29688011 29727015 29735005 29794014 29852008 29911024 29912016 29952002 29988002 29999005 30043002 30570019 30727015 30762020 30789011 30792017 30961027
hinong|212|23256020 23257031 23358007 23437014 23437022 23437026 23638022 23694015 23761007 23819018 23930007 24097015 24121017 24152006 24283028 24293014 24474023 24475013 24491009 24610013 24693037 24804022 25013009 25023025 25036006 25040012 25146004 25200023 25324009 25437027 25439013 25465008 25465033 25471030 25472003 25491004 25495009 25508014 25662028 25711009 25715015 25815004 25889013 25891014 25902017 25951027 25958023 26018006 26039009 26135020 26151010 26192026 26242011 26498018 26644011 26645016 26660011 26739003 26772049 26954026 26964047 26986009 27089012 27223017 27233011 27401009 27401027 27403005 27409020 27448023 27463005 27514015 27527021 27573021 27590033 27626034 27662022 27685022 27715008 27753037 27764011 27789014 27808012 27809020 27855019 27910021 27918024 27919011 27945004 27964023 28178022 28254057 28270020 28272006 28274005 28274018 28274028 28274044 28278014 28279022 28280003 28281007 28282006 28293005 28339017 28439059 28457015 28460005 28465041 28467032 28513031 28524023 28555013 28559025 28592015 28679010 28828029 28832006 28832013 28835030 28962007 28964003 28979005 28979026 28980007 28983005 29020006 29034024 29037039 29037046 29045022 29123002 29133004 29133016 29166014 29194003 29225017 29233035 29308015 29315004 29398017 29437010 29451012 29535010 29549019 29604010 29605016 29605050 29613013 29628017 29628024 29636023 29653009 29675011 29712008 29714007 29727008 29752015 29757006 29768023 29777030 29781012 29782029 29925008 29947019 29970021 29979006 29999019 30028023 30029006 30034012 30042013 30043042 30046043 30046053 30070015 30076030 30076038 30077014 30100011 30124006 30126018 30132008 30159021 30163007 30170003 30211005 30222040 30231022 30257010 30259027 30314008 30330011 30355010 30397013 30397019 30452007 30458044 30485021 30488008 30493008 30514028 30523008 30603010 30707028 30792029 30823015 30919003 30919011 30927003 30939018 30985005
hinongbe|1|29052014
hinowen|2|28744003 29549005
hipe|3|23737011 24039007 30401004
hipeko|1|30288004
hisop|2|26855023 30125052
hite|2|23897030 25808032
hiten|13|23950011 23952008 24927009 24978023 25396005 25741024 27059025 28236034 29122027 29427014 30076006 30076020 30076054
hiten'E|1|27210018
hitene|9|24694013 24695012 24949012 27122050 28164023 28185014 30184007 30185016 30909015
hiteng|1|29994010
hitenu|2|27022035 28163022
hiwu|35|23619009 23672013 23682020 23683010 23756017 24024018 24024028 24025008 24025020 24026009 24026015 24029007 24029013 24029022 24029031 24031008 24031022 24031031 24037015 24378038 24452013 24509011 24520007 24521011 25316005 25585007 25585018 26268025 26991024 27027024 27703019 28214012 28449022 28576018 30886016
hiwune|7|25461003 27605034 27685027 28698022 30235028 30687028 30791009
hiwụ|2|27374035 30518012
ho|11|23322009 23684004 23727016 23788025 25446010 25669014 25707017 28542020 28751038 30421004 30432041
homane|2|24107012 26797013
hombang|17|24736005 27071014 27098007 27904034 28152023 28153018 28155021 28155026 28155033 28749011 30459023 30859007 30861007 30887008 30953007 30955014 31099040
hombange|1|27866012
hombangenge|1|28807005
hombangengu|5|26225030 28921016 29625036 31001045 31002012
hombangu|1|29888034
hondosu|1|29782012
horom|1|29354020
horone|7|24621013 24650006 24713006 25826027 26486011 30714014 30730020
horong|1|30207006
huang|1|30110003
huange|2|27254019 30109009
huangu|4|27038011 27508015 27820016 29350032
hukumang|43|23202007 23933037 24055008 24146007 24155016 24833012 24835017 25033030 25958025 25977002 26825012 26833013 27391013 27753015 27795014 27855021 27965008 27966026 27968017 27968029 28038005 28184007 28269026 28271041 28443029 28831004 29046060 29738017 29980029 29981019 30047022 30163006 30367042 30504027 30506015 30677048 30679042 31004029 31029026 31043017 31051036 31052033 31099034
hukumange|2|30505012 31020010
hukumangu|11|23200039 23952018 24114014 25960005 26735025 26817027 27822016 28635027 29587045 29659007 30680034
hukunangu|1|25951028
hukungke|1|26817010
humaung|5|25203007 25563009 25564016 26141011 30346010
humbun'E|1|23634013
humbune|1|24464037
humbung|2|23400039 23924023
humombang|5|23200044 23695026 25907009 27201024 30757021
humotong|22|23420006 23863011 24072003 24194040 24600020 24976002 26925007 27348009 27457012 28779003 29367010 29525002 30043028 30100007 30106011 30776002 30795010 30921004 30921027 30935006 30957002 31055010
humotong-motong|2|28742008 29887004
humotonge|19|23728018 23912006 25626014 25748002 27645031 28613004 28764009 28766003 29282011 30046027 30107002 30121058 30124004 30835002 30853002 30923018 31045011 31055013 31073014
humpạ|1|27430036
humpạe|2|28670019 29701026
humětị|2|23990015 25857006
hurupe|1|29200009
hurupě|2|23253010 25638011
hěbi|34|23184006 23530008 23530023 24001013 24086009 24089008 24209014 24370002 24785006 24982002 25463006 25566017 26534005 26902032 27026017 27241007 27517002 27534002 27658018 27746002 27758045 27766019 27831021 28624017 29601002 29627024 29769020 30777019 30826019 30840046 30902060 30938015 31049033 31086011
hěbine|4|23212011 25864011 27883006 31079017
hěbing|1|27634002
hědo|1|27795034
hědon|4|24619036 27746031 27770009 30460013
hědong|2|28856029 30265031
hědowe|4|24210010 24914017 27900006 28451028
hědowen|3|23395027 23754018 25042020
hědọ|1|29976010
hěngangku|1|27817006
hěnggeng|2|23449012 25467018
hěnto|14|24944002 24944004 29273007 29273009 30078012 30078016 30079020 30687003 30789032 30816003 30820031 30882005 30916017 30933028
hěnton|30|23146013 23165027 23915009 23918016 24709020 24711020 24963008 25821014 25824016 26371012 26415005 27384019 27386002 27741044 27831006 27934017 28039018 28163003 28163017 28211016 28316007 29119012 29119023 29132011 29836012 30070012 30071004 30815029 30816015 31097027
hěntone|4|25895031 26980013 28164014 30074009
hěntong|7|23146015 23791038 25010018 25535009 28164003 29110009 30079011
hěntonu|1|30059014
hěpingang|1|31079012
hěpingange|1|30754035
hěpingko|1|23289011
hěsạ|2|27896007 30945035
hětubě|1|28649003
hětịe|3|23546008 23547015 24330006
hẹ̌bi|10|25011018 25113006 25686003 26633011 26865014 29624018 29629003 29629010 29687014 29813039
hẹ̌do|1|29788017
hẹ̌don|2|28424006 28635038
hẹ̌dong|2|25168011 28439026
hẹ̌dowe|3|28789048 29407061 29896019
hẹ̌dowem|1|29693002
hẹ̌dowen|5|23570008 28151011 28742013 28771006 30452006
hẹ̌doweng|1|29590012
hẹ̌gu|1|28423021
i|10475|23146007 23146020 23146024 23147010 23147013 23147015 23147017 23147028 23147030 23147033 23147035 23147040 23151002 23151016 23157030 23157034 23162003 23162006 23162014 23163010 23163015 23163018 23163025 23164012 23164020 23165004 23165009 23165016 23165032 23166013 23166017 23168028 23169002 23169005 23170003 23170010 23170027 23171014 23172021 23172033 23173004 23173020 23174002 23174016 23176006 23176021 23177004 23177014 23178003 23178022 23179003 23179022 23181013 23181015 23181029 23182019 23184013 23185006 23186002 23186016 23186022 23188015 23188021 23189002 23189007 23192003 23192008 23192011 23192022 23192029 23192038 23193002 23194005 23199008 23200015 23200021 23200035 23201004 23201007 23202003 23202010 23202013 23204008 23206004 23206016 23207002 23207016 23207023 23208016 23208023 23212017 23213008 23215012 23217012 23219016 23220005 23222003 23223017 23228010 23228016 23228025 23231013 23231018 23231025 23231027 23232002 23232008 23232010 23233026 23236008 23236015 23237002 23238002 23238013 23239002 23240002 23241002 23242002 23243002 23243006 23244002 23245002 23245010 23246002 23246005 23251010 23254003 23256006 23256008 23256017 23257008 23257022 23259003 23259021 23260005 23260028 23260040 23261005 23263008 23266006 23267008 23267028 23268006 23268008 23269009 23270015 23271007 23274031 23275006 23277011 23277017 23280002 23280007 23281004 23282003 23282010 23284003 23284017 23284023 23285003 23285039 23286002 23287006 23287010 23288002 23288029 23289003 23289020 23290002 23290017 23290024 23291003 23291011 23291014 23292007 23292012 23292019 23295006 23296004 23297002 23297011 23298003 23298011 23299002 23299023 23299035 23300003 23300014 23301004 23301009 23301018 23307010 23307021 23307032 23309019 23311002 23312003 23313021 23313024 23314010 23315013 23315020 23318006 23319003 23319015 23319020 23320002 23322011 23324003 23324008 23324013 23325002 23325005 23325009 23325015 23328002 23328006 23328016 23328019 23329009 23329017 23332017 23333009 23338016 23339020 23339034 23340015 23341002 23343002 23343012 23343017 23346002 23347008 23350018 23350039 23351016 23354003 23354013 23355031 23355042 23355055 23356011 23356017 23357015 23357019 23358002 23360009 23360014 23363020 23363025 23364016 23371016 23372003 23372012 23372019 23373007 23374012 23375014 23377011 23377017 23380010 23380015 23380021 23382019 23382023 23383008 23384008 23384013 23389010 23389023 23389032 23390011 23391002 23394018 23395042 23397036 23398035 23398044 23400036 23403013 23404001 23404008 23404015 23405007 23407003 23407008 23408002 23408015 23408032 23409010 23409017 23410002 23411002 23412002 23412007 23413008 23416005 23416009 23417002 23420007 23420015 23420018 23420022 23420026 23421003 23421006 23421008 23421011 23421018 23421021 23422003 23422005 23422009 23422012 23428017 23429002 23429015 23429020 23430002 23431018 23431022 23432008 23434014 23434021 23435005 23435014 23436012 23437003 23437006 23437015 23437020 23437027 23438008 23438013 23438020 23439034 23440008 23440013 23441002 23441021 23446003 23447020 23447022 23450002 23451002 23455006 23456002 23457009 23458004 23458010 23458017 23459006 23459018 23459024 23460017 23460024 23461002 23461014 23462013 23463012 23466003 23467004 23468005 23469003 23470004 23470025 23471013 23474003 23474008 23474012 23477010 23477023 23478005 23479006 23480010 23481002 23481008 23481044 23482017 23483002 23483010 23483015 23484017 23485008 23487009 23487029 23488004 23489009 23489021 23492007 23493011 23493014 23494024 23495006 23497017 23503003 23505024 23506002 23508007 23512022 23513009 23514007 23514018 23515009 23519013 23519024 23520010 23520016 23521006 23521013 23521016 23521020 23521027 23522003 23522011 23522017 23522025 23524005 23524012 23525012 23525029 23527012 23528015 23529035 23531015 23531029 23532021 23532024 23534003 23534017 23535002 23535019 23536011 23537010 23538007 23539003 23539016 23540009 23540020 23542010 23550012 23551007 23551020 23553011 23553019 23554008 23554020 23555030 23556005 23556014 23557014 23557019 23557033 23559030 23561014 23562030 23565004 23568026 23572015 23576019 23582014 23583002 23583018 23583020 23586003 23586013 23588014 23588033 23590014 23591002 23591013 23593011 23594008 23594026 23594032 23594043 23595008 23595012 23595014 23595021 23595023 23595025 23595028 23596012 23597002 23597006 23597010 23598013 23599004 23600002 23600013 23600026 23601005 23601011 23601025 23601030 23602003 23602013 23602017 23603011 23603021 23604003 23604009 23604021 23605002 23606011 23607004 23607012 23607020 23608011 23609004 23610010 23610016 23611002 23611007 23611023 23612011 23612016 23613020 23614003 23614007 23614009 23614013 23616004 23617003 23617012 23617032 23620018 23621010 23624012 23624019 23625015 23626002 23626010 23627003 23627006 23628004 23628015 23629002 23629016 23630002 23632004 23632010 23633008 23633012 23634002 23636007 23636010 23636014 23637011 23637020 23637023 23638013 23639003 23640012 23640015 23640018 23642017 23643003 23643009 23643016 23646012 23646015 23646024 23647009 23648004 23648021 23649002 23649008 23650010 23651003 23660002 23663016 23664024 23665022 23666020 23666025 23666034 23666042 23667013 23670002 23670030 23671002 23671010 23674019 23675008 23676005 23676020 23677036 23678012 23678015 23680021 23681010 23681014 23682005 23682011 23684005 23686011 23686023 23687007 23687014 23687023 23688006 23688013 23689002 23690002 23690006 23690009 23690020 23691005 23691009 23693009 23693016 23694013 23694040 23695002 23696011 23698002 23698013 23699013 23700018 23702013 23703003 23704002 23705002 23705012 23706002 23706033 23707009 23709002 23709005 23710003 23711014 23712006 23712010 23713007 23713019 23713030 23714006 23715002 23716022 23717011 23718006 23720016 23721006 23721013 23721017 23721026 23721045 23724009 23726006 23727004 23728003 23728007 23731009 23731019 23732011 23733002 23734020 23735021 23736015 23736028 23737013 23740020 23741011 23742003 23743022 23743028 23743035 23745002 23745019 23745028 23746004 23747024 23749003 23749026 23752002 23755008 23756005 23758012 23758018 23759010 23760021 23761002 23762015 23763011 23763018 23763022 23764007 23765007 23767007 23768004 23768014 23768017 23768024 23769002 23770011 23771012 23775008 23775015 23775045 23776013 23776017 23777017 23778017 23780005 23780018 23780023 23782011 23784007 23784024 23785013 23788010 23788018 23788020 23790002 23790006 23790022 23791023 23792015 23792034 23795002 23795013 23797003 23797008 23798002 23799006 23799020 23799026 23800007 23800017 23801021 23801026 23803018 23804006 23805013 23805024 23806019 23808013 23810003 23810012 23810020 23810025 23811023 23812012 23812024 23813004 23813017 23814026 23814029 23815006 23815009 23815026 23816005 23816014 23817003 23817012 23818029 23819002 23819010 23820002 23820013 23821006 23822003 23823013 23823017 23823022 23824012 23824017 23826006 23827017 23827022 23828004 23832015 23834014 23835008 23836019 23837014 23838005 23840002 23841017 23842014 23842017 23843017 23843023 23844006 23847009 23847022 23848003 23848006 23848014 23848031 23849004 23849009 23849014 23849017 23850016 23850037 23851013 23852028 23852031 23852037 23852044 23853003 23853010 23853020 23853023 23854002 23855005 23855011 23856009 23857022 23858044 23859002 23859019 23859039 23859046 23860007 23860035 23863013 23864018 23865009 23865021 23865024 23868005 23869012 23870004 23871011 23872015 23872019 23873002 23873009 23880007 23881003 23883017 23885003 23885013 23886014 23888011 23889002 23889023 23889026 23889045 23890005 23891009 23891013 23891018 23892007 23892013 23893009 23893013 23894003 23895002 23895007 23895011 23895014 23897004 23898003 23901018 23902010 23903011 23903017 23904005 23906008 23907008 23907018 23912012 23913005 23915012 23916004 23916024 23918003 23918014 23922019 23922022 23924004 23924025 23927002 23927007 23927016 23928003 23928013 23928015 23928022 23929004 23929011 23931008 23932002 23933002 23933029 23933038 23934002 23934037 23934040 23935002 23935012 23935025 23935036 23937019 23937027 23938004 23939012 23940011 23941011 23942002 23942042 23942049 23943012 23944002 23944018 23944032 23946002 23947003 23947007 23947017 23948002 23949002 23949007 23949013 23949015 23949020 23949026 23950002 23950007 23951015 23951017 23952013 23953020 23953028 23953034 23953042 23954004 23954030 23956036 23957009 23958007 23958015 23960002 23960011 23961012 23961034 23962008 23967003 23967018 23967021 23971002 23974004 23978005 23981018 23984008 23984016 23984021 23984025 23990016 23991004 23991011 23994020 23997008 24000005 24001021 24002003 24002016 24003014 24003026 24004009 24006008 24007006 24010007 24017013 24018004 24018012 24019011 24020003 24020017 24022015 24024004 24024012 24024022 24024033 24024040 24028014 24029016 24030005 24030012 24031014 24032005 24032012 24033015 24033028 24033036 24035008 24035013 24036004 24038012 24039015 24040013 24041012 24043012 24043016 24044006 24044015 24044024 24045005 24045010 24045015 24046002 24046008 24046015 24046022 24047004 24047013 24047031 24048002 24048010 24049012 24049027 24050013 24051006 24051015 24052005 24052016 24052026 24053002 24053011 24053031 24054008 24054021 24055002 24055011 24056010 24058018 24060003 24061002 24063011 24063019 24065007 24065012 24067010 24069012 24070009 24070016 24070021 24071004 24072023 24073008 24073016 24075006 24076002 24077011 24078013 24079017 24080002 24080004 24081002 24081015 24082003 24085003 24085011 24086002 24086013 24088009 24088014 24089016 24091014 24092002 24092010 24093019 24094008 24095010 24095015 24095028 24096006 24096019 24097009 24098016 24100003 24100019 24101003 24102002 24102006 24103023 24104006 24104019 24105008 24108014 24110015 24110036 24112012 24113014 24115002 24117012 24118026 24119014 24122002 24124002 24124020 24124024 24125002 24125014 24125020 24126003 24126028 24127004 24127014 24128005 24128017 24128022 24129002 24130002 24130018 24130028 24132013 24133002 24133008 24133012 24133016 24134015 24134020 24137003 24137006 24140005 24141002 24141010 24142020 24143003 24146010 24147007 24147013 24147026 24148006 24148016 24148021 24149015 24149027 24150016 24151022 24152016 24152021 24152024 24153006 24153009 24153016 24154002 24154006 24154013 24154019 24154029 24154046 24155012 24156002 24156016 24159013 24159040 24161005 24161017 24162004 24162011 24163003 24164004 24164007 24164020 24165003 24166002 24167004 24167015 24169007 24170018 24172009 24172015 24172023 24172030 24173009 24173016 24176023 24179006 24179011 24183008 24183014 24184025 24185011 24186004 24186007 24186009 24186011 24186016 24186020 24187011 24188013 24189002 24190002 24190021 24190032 24191005 24192016 24193004 24193009 24193015 24194024 24195009 24196002 24197013 24200009 24201012 24203009 24203019 24203030 24205012 24206004 24206017 24206024 24209021 24210008 24210015 24213002 24213008 24215016 24215020 24216002 24218026 24220041 24221021 24224010 24225014 24226009 24229006 24230002 24231010 24232010 24232017 24232021 24234002 24234007 24235006 24235014 24235020 24235030 24236008 24236013 24236020 24236027 24238011 24240007 24240021 24240023 24243007 24243023 24243030 24247008 24247023 24248007 24250028 24250032 24250034 24252002 24253003 24253006 24253008 24254007 24254011 24256018 24256024 24257007 24258008 24260019 24260039 24262015 24264002 24264006 24265005 24265024 24266007 24266009 24267015 24268002 24269011 24269016 24269022 24273002 24273011 24273024 24273028 24274017 24275007 24275014 24275017 24275033 24277024 24280021 24281010 24281017 24283019 24285022 24286009 24286014 24286017 24286025 24286035 24291005 24291015 24291023 24293002 24293016 24294014 24294020 24297031 24298017 24300002 24300021 24301014 24303002 24303019 24303025 24304002 24305005 24306001 24306008 24306010 24306015 24307001 24307009 24307013 24310018 24311013 24316013 24316025 24317008 24318002 24318009 24320003 24321016 24321023 24322007 24323003 24323017 24324008 24324021 24325017 24326013 24334018 24334026 24336011 24336021 24337009 24337016 24339036 24341009 24341015 24341025 24344019 24345024 24348015 24349002 24351002 24351007 24354009 24354022 24356006 24357015 24358008 24358016 24358023 24359013 24362026 24362029 24364010 24364015 24365002 24365011 24365014 24367007 24368008 24370003 24371004 24371012 24372004 24374016 24374019 24375004 24377009 24380027 24383008 24383019 24384027 24387006 24387019 24387024 24388012 24388020 24389007 24392015 24394021 24395015 24396016 24396020 24398014 24399010 24399016 24400021 24400027 24402007 24402017 24403002 24404019 24405008 24405016 24405022 24405026 24410005 24410018 24410024 24410047 24411002 24411009 24411013 24411015 24411017 24411029 24411033 24415018 24416015 24418006 24418016 24419003 24419010 24420006 24422010 24422025 24422035 24423002 24423008 24423011 24423017 24424003 24424007 24424016 24424027 24425004 24425020 24425028 24425031 24426006 24426019 24427005 24427017 24427025 24428002 24428015 24428019 24428024 24428039 24428043 24428049 24429002 24429014 24430005 24430016 24430022 24431002 24432021 24433015 24434006 24434014 24434024 24435002 24435011 24435025 24436003 24437009 24439027 24439033 24439037 24440002 24441014 24441017 24441026 24442007 24442015 24442018 24442026 24444002 24444010 24445011 24445015 24445030 24446015 24446019 24449024 24450002 24453019 24456024 24456035 24457003 24457014 24457017 24458002 24458009 24458017 24458032 24459002 24459008 24461007 24462002 24462007 24463002 24463021 24463032 24464017 24464026 24467014 24467017 24468020 24468022 24468026 24469027 24469033 24469036 24470024 24470035 24471003 24472007 24475002 24476002 24476011 24476014 24477007 24477012 24477026 24482010 24482016 24488029 24488035 24494007 24499011 24500005 24500018 24501020 24502013 24503014 24503020 24504009 24506011 24507011 24507024 24511002 24512028 24514005 24518010 24519019 24520020 24522006 24523002 24523021 24525017 24526020 24528024 24529007 24529014 24530008 24532037 24533012 24535016 24536002 24536010 24537015 24539026 24541022 24543003 24544002 24544018 24545003 24545012 24547002 24547009 24548004 24548009 24550002 24550015 24551031 24552006 24552012 24553016 24554008 24557002 24557032 24558009 24558030 24559016 24560011 24560016 24560021 24561020 24561027 24561032 24561036 24562004 24564012 24567018 24569024 24570002 24570021 24570029 24571010 24572002 24573007 24573012 24574024 24576017 24576021 24576031 24577002 24577010 24577019 24577022 24577025 24577028 24578009 24579002 24580005 24580008 24580015 24581006 24581027 24582011 24584013 24584028 24586012 24586026 24589014 24593014 24594008 24596008 24596017 24597002 24599002 24601012 24602003 24602013 24603008 24603023 24603029 24605013 24607003 24610028 24611019 24615011 24615019 24617002 24617006 24618020 24618023 24619001 24619041 24623021 24624002 24624007 24624018 24624024 24624028 24626014 24626023 24627017 24628003 24628013 24629004 24629024 24630002 24630015 24631030 24632002 24632008 24632015 24633002 24635002 24635035 24635038 24636002 24636014 24637010 24638008 24638011 24641006 24641011 24641024 24642004 24643019 24644010 24646013 24647002 24647013 24648012 24649006 24650008 24650018 24651006 24651008 24652014 24652024 24653003 24654003 24654011 24654026 24656003 24656018 24659013 24659025 24661005 24661012 24662002 24662011 24664002 24664022 24664027 24665007 24665024 24665027 24666003 24666008 24666023 24667002 24667010 24669007 24669014 24672015 24672021 24672035 24673011 24673018 24673023 24674002 24675037 24675050 24675062 24676007 24677012 24679009 24679019 24680021 24681014 24681016 24682009 24683014 24686015 24686027 24686035 24688012 24688017 24688038 24688047 24688065 24689013 24690002 24690014 24690018 24690024 24693004 24693023 24694003 24695007 24697016 24697023 24698010 24699008 24699015 24700012 24700017 24702030 24703008 24705009 24706017 24706020 24707020 24709005 24710002 24711003 24711017 24714016 24714021 24718002 24718010 24721017 24721019 24721021 24721024 24722002 24722008 24723008 24724012 24725002 24727006 24727011 24727037 24729003 24729017 24730027 24731009 24739018 24746017 24747004 24747013 24750025 24751002 24751009 24753003 24753008 24754002 24754009 24757004 24757012 24759011 24760022 24761008 24761011 24762010 24762013 24765002 24766018 24767027 24768023 24769017 24771012 24771022 24773002 24774022 24775010 24776017 24777003 24778003 24778022 24781002 24781011 24784003 24784006 24784010 24785015 24788005 24788007 24790015 24790021 24791003 24792019 24792026 24793011 24793025 24795003 24795013 24795019 24795024 24796013 24796021 24797003 24798007 24799020 24799025 24800002 24800005 24800017 24801002 24803014 24804013 24807002 24809016 24810021 24815016 24816024 24817004 24817010 24819028 24820009 24820020 24821002 24822008 24822013 24822018 24823002 24823022 24825002 24825009 24825020 24825027 24826002 24827011 24827027 24827036 24828034 24829009 24831002 24831012 24832010 24834014 24835010 24837002 24838014 24839002 24839018 24840005 24841006 24841009 24841012 24841019 24842009 24842017 24844002 24845003 24845013 24846010 24847005 24847016 24847022 24848004 24848026 24848030 24848032 24850002 24851002 24854005 24859002 24859009 24859016 24861020 24862010 24863003 24863034 24863039 24867018 24867020 24867024 24867026 24867028 24868002 24868015 24869006 24869043 24871002 24871013 24872007 24872014 24873002 24873022 24873040 24874004 24874009 24875007 24875010 24875012 24875016 24876012 24877002 24877013 24877028 24879002 24879014 24879023 24880009 24880034 24881011 24881024 24882002 24883012 24884002 24885003 24885012 24885019 24886019 24887002 24887013 24888014 24888023 24888032 24888035 24890008 24891004 24891007 24891017 24891028 24892002 24892013 24893008 24893015 24898005 24899003 24899015 24899025 24899029 24900023 24901003 24901007 24901012 24902006 24902010 24903009 24906002 24906007 24907016 24909012 24909023 24911014 24911022 24911042 24912010 24913006 24913015 24914010 24914015 24914020 24915015 24916004 24916007 24916031 24917012 24918005 24918012 24920007 24921010 24921021 24921025 24923005 24924011 24925011 24926020 24926022 24927002 24928006 24930017 24930026 24932003 24932025 24933005 24934011 24935002 24935012 24936004 24937002 24937007 24939002 24944011 24945005 24945015 24948010 24948012 24949006 24950005 24950009 24950012 24951003 24952018 24953008 24954002 24955013 24956003 24957011 24958005 24960010 24961003 24961013 24965007 24965015 24966007 24966009 24967006 24967008 24967013 24967018 24967021 24969010 24971007 24972013 24973002 24973020 24974002 24974021 24976007 24978017 24978020 24980003 24980009 24981021 24983019 24985013 24989005 24989021 24991003 24991010 24993002 24995011 24995023 24996004 24996015 24999011 25000012 25001015 25001018 25002002 25002011 25003005 25007002 25007016 25008010 25009010 25009018 25010012 25010015 25011001 25011019 25012006 25013002 25013015 25015004 25016004 25016012 25017006 25017017 25017020 25018004 25018018 25018030 25019002 25019008 25020006 25022016 25022023 25023006 25023015 25024002 25024007 25025003 25027008 25027017 25027027 25027037 25028008 25028022 25029002 25029027 25029033 25029041 25030024 25033017 25033026 25034004 25034007 25034021 25034025 25034027 25035006 25036008 25037017 25038020 25040007 25040014 25040035 25041011 25041018 25042005 25044002 25045002 25045008 25045014 25046002 25046011 25047008 25047015 25049020 25049024 25049027 25050002 25050005 25050008 25050011 25050014 25051002 25051005 25051008 25051011 25051014 25052002 25052005 25052008 25052011 25052014 25053002 25053005 25053008 25053011 25053014 25054002 25054005 25054008 25054011 25054014 25055002 25055005 25055008 25055011 25055014 25056002 25056005 25056008 25056011 25056014 25057002 25057005 25057008 25057011 25057014 25058002 25058005 25058008 25058011 25058014 25059002 25059005 25059008 25059011 25059014 25059017 25060002 25060005 25060008 25060011 25060014 25061002 25061005 25061008 25061011 25061014 25062002 25062005 25062008 25062011 25062014 25063002 25063005 25063008 25063011 25063014 25064002 25064005 25064008 25065011 25066002 25066016 25066024 25071008 25073009 25077012 25078003 25078010 25080002 25080017 25082008 25084002 25084016 25085002 25085021 25086007 25086020 25086022 25087002 25087008 25091024 25093002 25094002 25095003 25095014 25096002 25096010 25098005 25098021 25100017 25100025 25102014 25102022 25103002 25103019 25105020 25105033 25105038 25106006 25106029 25106034 25106043 25107002 25109003 25110002 25110024 25111009 25112002 25112008 25112022 25113008 25113013 25113021 25114002 25114006 25115003 25115012 25115026 25116002 25116007 25117015 25118005 25118008 25118014 25118017 25118028 25120003 25120024 25120030 25120039 25120043 25121002 25122002 25122043 25123003 25123023 25124003 25125006 25127008 25127013 25127023 25128003 25128009 25128011 25129014 25130008 25130013 25132024 25133002 25134002 25134016 25135003 25135012 25136002 25137004 25137020 25138021 25140013 25141002 25142002 25142006 25143016 25144002 25144020 25148008 25148028 25149009 25150008 25150012 25150016 25152002 25153007 25154014 25154017 25154022 25155002 25155010 25156002 25158018 25159005 25159015 25160006 25160024 25162001 25162007 25163001 25163004 25164003 25165015 25167009 25167015 25168002 25168009 25168014 25168020 25169002 25170015 25171004 25171013 25172002 25172009 25172014 25172021 25173002 25173016 25173018 25174018 25174027 25176002 25176009 25178009 25178012 25179002 25179020 25180003 25181003 25182011 25182036 25183002 25183005 25183007 25184006 25184021 25184039 25186002 25186019 25188003 25189003 25189043 25193002 25194005 25196002 25197010 25199009 25199012 25199022 25200003 25200009 25200014 25200025 25200028 25201002 25202002 25202010 25202037 25204030 25204041 25204052 25207005 25207018 25208003 25209009 25210003 25210013 25211010 25213005 25214013 25215012 25215025 25216022 25216034 25217003 25218002 25219002 25220005 25220009 25222002 25223002 25223026 25224003 25225015 25227002 25227017 25228023 25228035 25229006 25229014 25230005 25230011 25231013 25232006 25232013 25233012 25233016 25233024 25234002 25235011 25235025 25235029 25236002 25238009 25238015 25239005 25239013 25239019 25240003 25240024 25243014 25243019 25244002 25246002 25246010 25246015 25247006 25248018 25248031 25249001 25249010 25249012 25249025 25250017 25254021 25256023 25256031 25256040 25258021 25259007 25259027 25259038 25260006 25264010 25264017 25265002 25265007 25265013 25266009 25266021 25267002 25267020 25267022 25268005 25268012 25268020 25268025 25269003 25269006 25270018 25271002 25271010 25271024 25271041 25273003 25273007 25274006 25275006 25275018 25275034 25275038 25277010 25278032 25280011 25281018 25282002 25283010 25283016 25283021 25284013 25284017 25285026 25286008 25286016 25287012 25287025 25288019 25291014 25291025 25293010 25293020 25293028 25294008 25294014 25295002 25295030 25296002 25296006 25297007 25297016 25297021 25297023 25298012 25299002 25299009 25299013 25300003 25301015 25301020 25302011 25302014 25304003 25305008 25306003 25306011 25307003 25307010 25309002 25309012 25309021 25310006 25311013 25311020 25311023 25311032 25312014 25312017 25313009 25313017 25313031 25314005 25314022 25314029 25315002 25315009 25315028 25316017 25317009 25318002 25318025 25319002 25319016 25320006 25320025 25321009 25321016 25322005 25322012 25323002 25325003 25326002 25326013 25327011 25328002 25328019 25328028 25329016 25330008 25330011 25330013 25331004 25332008 25334004 25334023 25335004 25335010 25335022 25335026 25336002 25336013 25338005 25339002 25339005 25341007 25341024 25342013 25343006 25343027 25344011 25344017 25345015 25345025 25347018 25347022 25348009 25349008 25350002 25350024 25350032 25350039 25350047 25351005 25351017 25351020 25351024 25352003 25352006 25352016 25353005 25353010 25354002 25355002 25355009 25355015 25356008 25356015 25356023 25358003 25359002 25361002 25361022 25362013 25366004 25366021 25369002 25371015 25372002 25372010 25374003 25377002 25377007 25377050 25378011 25379002 25379008 25381015 25383009 25383014 25384015 25384020 25385005 25385052 25386005 25386016 25386021 25386027 25386029 25386034 25387002 25387015 25391021 25392005 25392010 25394014 25395010 25395015 25396020 25398024 25399002 25399019 25400003 25400011 25400015 25401022 25402003 25402021 25402024 25403006 25404002 25404031 25406007 25407004 25407023 25407027 25408002 25408008 25408016 25408023 25409007 25410006 25410019 25410025 25413021 25414004 25414011 25414018 25414028 25415008 25415014 25416002 25416008 25416014 25417005 25417015 25418005 25419002 25419005 25419017 25420004 25422003 25422012 25422016 25422026 25423002 25423008 25425020 25429010 25430020 25430026 25431003 25432002 25432007 25432020 25433002 25434002 25434008 25435011 25435028 25435034 25438027 25442017 25443002 25443010 25443016 25445023 25447013 25448002 25448013 25448038 25448045 25449002 25450002 25451014 25452005 25452022 25453002 25453017 25453019 25454002 25454007 25454015 25454017 25454020 25454028 25458002 25458016 25458029 25459003 25459021 25459030 25460005 25461018 25461031 25463015 25465006 25465010 25465020 25465031 25465035 25467012 25468011 25468016 25469002 25469012 25469018 25470002 25470010 25470016 25470024 25471002 25471024 25473013 25473024 25473026 25475008 25475015 25476002 25478003 25480014 25480019 25482002 25482018 25486007 25487020 25488022 25488025 25489007 25490012 25490017 25491002 25492010 25492012 25493004 25496019 25497026 25498018 25499013 25500003 25500017 25501014 25503009 25504006 25505018 25508020 25508029 25511003 25514009 25514018 25515002 25515011 25516028 25518005 25518019 25518030 25518034 25518042 25520019 25521004 25521016 25521018 25522007 25522016 25522023 25523022 25523027 25524009 25524016 25525003 25525025 25526002 25527008 25528002 25529005 25531002 25531009 25532002 25532014 25533006 25533016 25535022 25536022 25539003 25541002 25541007 25544011 25544025 25546011 25546019 25547003 25547011 25547022 25547030 25550023 25553030 25553040 25554017 25554024 25554028 25555005 25557021 25558012 25558022 25559003 25559025 25561014 25562002 25563028 25564004 25564031 25565002 25566003 25566009 25566034 25566038 25566045 25567003 25568007 25569014 25569022 25570002 25572002 25580002 25580027 25582009 25582017 25583004 25584006 25584013 25586002 25586006 25586016 25587002 25587019 25592003 25593018 25594008 25595006 25595017 25598003 25598008 25598029 25601016 25601019 25602016 25602023 25603014 25604002 25604013 25606002 25609002 25609014 25609024 25610021 25611002 25613010 25613018 25614008 25614014 25616008 25616010 25617014 25618002 25618029 25618039 25619002 25619008 25619015 25619019 25620003 25620005 25621002 25621020 25623002 25623023 25626015 25628003 25629026 25630002 25630026 25631016 25632009 25632014 25633006 25633012 25633020 25634010 25634018 25634028 25635007 25635010 25635017 25636002 25636025 25637004 25639015 25641010 25643014 25644006 25644014 25644018 25644026 25644029 25645009 25646002 25646010 25646017 25646025 25646029 25647007 25647015 25647022 25649008 25649014 25650010 25650019 25651025 25652002 25652006 25652017 25653019 25654010 25654016 25655015 25655021 25656002 25656026 25657011 25658004 25658014 25658022 25659016 25660004 25660025 25662003 25662006 25662023 25662030 25663004 25664007 25666002 25666007 25666020 25666023 25666029 25667006 25668005 25668011 25669003 25669015 25671002 25671014 25671020 25673007 25673012 25674012 25674025 25675016 25677003 25679013 25681003 25683004 25683022 25684007 25685009 25690003 25690013 25691019 25693026 25694018 25696019 25696026 25698019 25699002 25702018 25703003 25703032 25704013 25704026 25705002 25705022 25708003 25711003 25711022 25712006 25712012 25715012 25717002 25718003 25719001 25719017 25722013 25725002 25725008 25726007 25728012 25729014 25731010 25731016 25732005 25732010 25732029 25733002 25733007 25734011 25735006 25735017 25735023 25736002 25737002 25737008 25740005 25740024 25741003 25741008 25741021 25743003 25743010 25743019 25745004 25746006 25746010 25746014 25747014 25747025 25749004 25749013 25750012 25753007 25753019 25753022 25753029 25754016 25755004 25757002 25757007 25758005 25758015 25759021 25760002 25760008 25761010 25762007 25762012 25762016 25763007 25765002 25765014 25767003 25767014 25767018 25767026 25768002 25768013 25769003 25772006 25773002 25773011 25774008 25774018 25775017 25776005 25776024 25779002 25781005 25782014 25782020 25785002 25785008 25785018 25785026 25786003 25786018 25786021 25787002 25788002 25790026 25793020 25793024 25794011 25794020 25794026 25794032 25795002 25795023 25796003 25798011 25799018 25799029 25800002 25800021 25800030 25800033 25801002 25801013 25801030 25801041 25802004 25803006 25803010 25805004 25806008 25808003 25808019 25809003 25809013 25810007 25813014 25813021 25815002 25815015 25816002 25816019 25817021 25820003 25822002 25824003 25824013 25825008 25827013 25827018 25827023 25828005 25830002 25831002 25831012 25831023 25832002 25832020 25835007 25835020 25835027 25836005 25837003 25839006 25839024 25839034 25841005 25841008 25843018 25843025 25844009 25845007 25846002 25846008 25847002 25847010 25848023 25851014 25855015 25856002 25857008 25858004 25858011 25861005 25861021 25863006 25863014 25864012 25867017 25868015 25869003 25869020 25869023 25871013 25871019 25873002 25874002 25874006 25875005 25875019 25875022 25878003 25878013 25879008 25880002 25880018 25882003 25885005 25887015 25888002 25888011 25889008 25891002 25891007 25892003 25892014 25892020 25893004 25894002 25895003 25895014 25897016 25897022 25899004 25899014 25900003 25900022 25900029 25901004 25901006 25901015 25903014 25905004 25905011 25905016 25906002 25909007 25910003 25911002 25911009 25911016 25912013 25912022 25913002 25913011 25914012 25916002 25916007 25917003 25917034 25918011 25918021 25920009 25921029 25922002 25923018 25924018 25925002 25925016 25926009 25926024 25927003 25929011 25931016 25932002 25932006 25932011 25932024 25933008 25935007 25936002 25938002 25938007 25938031 25938034 25939003 25939010 25940002 25940027 25941002 25941009 25942002 25942006 25943012 25944014 25944018 25945003 25945011 25948005 25950015 25951004 25951007 25953005 25954009 25954013 25956005 25956009 25957002 25957007 25957010 25958006 25959002 25959008 25959011 25960002 25961007 25961019 25962002 25962009 25962016 25964002 25964021 25967017 25968016 25969009 25969014 25970002 25970008 25970011 25970017 25970020 25971023 25971028 25973004 25975022 25976011 25976024 25977008 25977011 25978002 25978011 25979003 25979009 25982017 25983009 25983015 25983019 25985004 25986004 25986033 25986038 25986046 25989003 25992003 25992016 25992021 25995002 25995010 25996004 25997010 25997017 25998006 25998020 25999017 26001005 26002018 26002020 26002022 26004002 26004011 26007003 26007008 26007016 26008011 26010006 26011006 26012012 26012018 26013002 26013007 26014015 26015008 26015014 26015024 26016021 26017002 26019002 26019019 26020003 26020008 26021002 26021013 26021028 26022007 26023003 26023009 26023012 26024002 26024010 26024017 26025004 26025014 26027012 26027018 26027024 26028006 26029008 26030002 26030006 26030015 26033003 26033015 26033024 26034003 26036003 26036034 26037002 26037009 26038002 26041014 26041023 26042003 26042014 26043006 26047004 26048017 26051006 26053008 26056011 26057007 26057013 26059011 26059027 26060007 26060011 26060034 26061008 26062006 26062009 26063011 26063017 26063021 26064020 26064022 26066003 26066006 26066009 26066016 26066019 26067007 26067009 26067012 26068011 26070003 26070010 26070018 26071019 26073016 26074003 26074012 26075002 26075023 26078006 26078008 26078024 26078038 26079007 26079015 26080002 26081003 26081009 26083022 26083025 26084023 26085016 26085021 26086027 26087021 26087024 26087037 26088013 26089008 26090004 26090018 26090035 26090040 26091002 26091016 26092010 26093003 26094004 26096008 26097015 26099006 26101002 26103014 26105002 26106024 26107023 26108008 26110006 26112003 26114011 26114022 26114029 26116003 26116017 26118023 26120011 26121006 26121011 26122011 26123003 26123014 26123017 26123032 26123039 26124012 26125011 26125017 26125024 26128007 26129005 26129011 26129024 26130005 26131011 26132002 26132007 26132010 26132020 26133014 26134009 26135002 26137011 26139018 26140024 26141017 26142002 26144004 26144028 26147010 26147030 26151002 26157015 26158015 26160013 26162018 26162023 26163011 26166014 26167005 26167011 26167021 26167029 26168018 26169004 26169029 26171002 26175002 26176006 26177003 26179010 26179022 26181020 26182020 26182023 26183005 26184025 26184045 26187002 26188013 26195019 26197010 26197016 26199022 26199032 26202004 26202008 26202017 26203012 26204002 26204015 26205011 26205020 26207022 26208002 26209002 26210003 26210022 26211013 26215023 26217011 26217023 26223003 26223015 26224010 26225018 26227004 26227011 26229023 26229035 26229041 26229044 26230024 26230029 26231002 26231015 26231025 26234013 26235027 26236016 26237002 26237007 26238011 26244010 26245016 26246016 26247023 26248002 26249007 26249010 26250007 26250013 26251002 26253008 26253016 26254008 26254022 26255002 26255006 26256015 26256017 26256021 26257002 26257008 26258003 26258011 26258017 26260013 26263008 26263019 26263027 26263032 26264009 26265020 26266010 26266015 26268002 26268014 26269015 26269024 26269030 26269035 26271002 26272002 26272011 26273006 26273019 26275002 26277010 26277022 26279005 26279008 26279019 26282017 26283013 26283021 26284006 26284013 26284025 26285033 26286002 26286011 26287011 26288004 26288010 26288013 26288025 26289002 26289004 26289022 26290010 26290014 26291010 26292003 26292006 26293025 26294009 26294017 26295005 26295017 26297027 26299011 26300005 26300011 26300019 26300024 26302008 26302020 26304013 26307003 26307011 26308010 26310008 26310020 26311009 26311021 26315016 26316012 26316014 26316021 26316027 26317008 26319012 26319017 26320005 26322018 26322024 26323022 26324010 26325015 26326003 26326012 26326015 26327010 26329008 26329011 26329016 26329027 26333011 26333018 26335013 26336007 26337003 26338013 26340017 26342012 26344018 26347012 26347021 26348003 26348024 26349006 26349009 26350012 26351021 26351031 26352002 26352016 26355003 26355026 26356017 26357010 26357016 26357021 26357046 26357051 26358004 26358011 26358016 26359004 26360019 26361016 26361022 26363015 26364020 26364029 26365008 26365018 26365029 26367002 26374025 26375013 26376002 26377007 26378005 26378010 26378015 26379008 26379010 26381002 26381009 26384003 26388006 26388012 26389002 26389006 26389022 26391002 26391010 26392012 26393015 26394026 26395003 26397013 26400012 26401007 26401023 26401029 26402010 26403014 26403021 26403033 26404009 26404015 26404024 26406008 26406019 26406028 26406037 26407003 26407006 26407010 26408011 26409006 26409013 26410010 26410018 26410025 26410032 26411002 26413016 26413022 26414002 26414012 26415008 26418011 26419005 26419013 26419021 26420012 26420020 26421006 26421010 26421014 26421028 26421033 26422009 26423006 26423008 26423011 26423023 26424012 26424014 26424017 26424037 26425003 26425011 26426004 26426006 26426009 26426015 26426040 26427010 26428020 26429008 26429014 26429023 26430013 26431016 26432018 26433006 26434012 26434016 26435002 26435015 26435020 26435025 26435034 26435036 26436020 26437002 26437011 26437030 26437035 26438003 26438008 26438018 26439019 26440012 26442005 26442011 26443021 26443030 26444017 26445005 26448024 26449013 26449017 26450007 26450014 26451005 26451010 26452006 26453006 26456011 26457022 26459023 26460012 26461004 26461014 26461017 26462004 26462008 26462013 26462019 26462029 26463004 26463012 26463021 26463026 26464004 26464007 26465002 26465016 26466002 26467002 26467009 26467016 26468011 26468017 26468023 26469002 26469011 26469014 26470017 26471007 26471012 26474008 26475002 26475005 26475023 26476005 26477005 26477007 26481013 26481020 26482005 26482009 26482015 26482025 26484002 26484010 26485015 26485025 26486020 26488007 26491012 26494020 26495007 26496006 26496014 26496024 26498022 26502018 26506018 26506026 26507011 26508006 26509010 26510011 26511006 26512003 26515010 26515018 26518002 26520014 26520024 26520030 26521010 26521015 26522013 26525003 26525011 26526021 26528007 26529006 26530009 26530012 26531005 26531012 26532019 26533021 26534002 26535007 26535013 26535015 26536009 26536014 26537006 26537020 26539016 26539020 26540016 26540022 26541010 26544002 26544010 26544018 26545002 26546017 26548008 26549026 26550015 26551003 26552002 26552006 26552021 26553004 26554017 26555017 26555025 26555027 26556003 26556015 26557023 26558002 26558009 26558012 26558018 26561018 26561022 26562007 26563016 26564014 26564017 26565002 26565020 26566004 26566023 26566028 26568026 26569015 26571018 26572002 26574003 26575003 26577005 26578031 26580015 26580026 26581017 26581029 26582016 26583008 26584002 26585002 26587007 26587016 26589006 26590013 26590026 26590031 26592002 26592009 26594002 26594017 26597021 26598017 26599012 26599017 26602011 26603002 26605017 26605031 26606010 26607030 26610011 26615020 26616021 26617012 26617015 26617027 26618015 26619005 26619008 26620004 26620009 26621008 26621011 26621017 26621021 26622006 26623015 26623023 26625014 26626002 26628013 26629023 26630009 26630015 26632013 26633008 26633019 26633022 26634006 26634020 26634027 26635006 26636003 26637002 26638005 26638018 26639004 26639011 26639027 26642005 26642014 26643008 26643018 26645013 26646009 26648002 26648011 26648014 26649013 26650028 26651016 26651024 26651031 26652013 26653014 26655002 26655016 26656011 26657015 26657035 26658002 26659006 26660024 26661002 26661009 26662002 26662021 26663007 26663010 26664038 26665008 26665020 26666002 26666014 26667019 26667026 26669006 26669018 26670002 26672020 26673005 26674002 26674010 26674020 26676002 26676008 26676012 26676016 26676020 26677002 26677011 26677016 26678010 26678013 26678038 26678043 26679013 26679016 26679042 26680013 26681018 26682005 26682017 26683005 26684002 26684008 26685008 26686019 26686028 26686033 26686040 26688013 26688024 26689007 26689018 26690011 26691004 26693021 26695015 26695025 26697021 26697026 26697037 26698020 26699018 26700029 26701012 26704024 26705008 26705031 26706012 26706020 26707002 26707014 26707022 26708002 26708006 26708013 26709002 26709013 26710002 26710010 26711015 26714007 26715028 26716002 26716025 26716033 26718005 26719002 26719010 26719028 26719041 26720015 26720021 26720029 26720034 26721005 26721010 26721015 26722014 26723007 26724018 26724025 26724033 26724041 26726026 26726029 26727002 26727009 26728009 26729015 26729024 26730008 26731014 26733006 26735002 26735006 26737016 26739011 26740008 26740015 26740039 26741010 26743004 26743015 26744017 26744025 26744038 26745014 26746005 26746012 26746021 26746033 26747002 26747015 26747022 26748011 26748022 26749008 26749020 26749033 26750004 26750019 26750029 26751004 26751015 26753004 26754002 26754013 26755005 26757002 26757024 26758008 26759008 26759029 26760007 26760017 26760026 26762012 26762024 26763009 26763012 26764014 26765010 26766005 26766015 26766023 26766026 26766030 26766039 26767003 26767010 26767018 26768008 26768017 26768032 26768037 26769004 26769019 26769024 26769028 26770006 26770011 26771016 26771027 26771035 26771040 26771045 26772007 26772018 26772024 26772039 26772046 26773023 26774006 26774014 26774017 26775006 26775019 26775026 26776008 26777002 26777006 26777011 26778002 26779007 26779012 26779017 26781006 26781012 26781021 26781024 26781028 26781035 26782016 26782020 26783005 26783010 26783021 26783027 26783032 26784006 26784010 26784021 26784035 26785016 26785022 26786007 26786021 26786031 26786037 26787007 26789002 26789028 26790012 26791005 26791010 26791023 26792012 26793020 26794008 26794019 26794023 26795016 26795020 26796022 26797015 26797030 26799002 26799009 26799011 26800003 26801021 26802002 26803013 26803024 26807004 26807020 26808002 26808017 26809023 26810003 26810016 26811016 26811023 26812008 26812012 26812025 26813002 26814005 26814034 26815003 26816006 26816011 26817007 26818015 26821012 26823002 26823010 26824012 26826008 26827003 26828021 26829016 26830003 26830022 26831016 26832012 26832017 26832020 26832029 26833009 26833016 26834002 26834010 26835002 26835016 26836002 26836008 26837017 26838002 26838006 26838020 26838025 26839002 26839008 26841007 26841011 26841014 26842002 26844004 26845007 26848002 26849009 26849017 26850010 26850016 26850022 26850049 26851007 26851012 26852013 26852021 26853010 26853018 26854021 26856015 26857050 26859002 26859011 26859016 26859021 26861011 26861017 26861027 26863018 26864003 26864011 26864041 26869008 26869016 26870002 26870022 26870031 26871003 26872013 26872016 26873017 26877004 26877017 26879013 26879017 26880002 26881010 26881026 26882004 26882017 26883010 26883014 26883028 26883038 26883041 26883053 26883056 26885042 26885044 26886002 26886013 26887022 26888004 26888012 26889011 26890003 26891002 26891015 26892008 26893019 26894014 26899007 26899025 26901003 26901006 26901011 26901019 26902002 26902019 26902026 26902034 26903013 26904011 26904015 26905014 26906014 26906024 26906029 26908002 26908008 26909014 26911008 26911017 26911027 26911030 26911034 26912018 26913015 26914002 26914014 26914016 26914022 26914029 26915011 26915013 26915021 26916010 26916012 26916033 26917006 26917010 26917027 26917032 26917040 26918009 26919003 26919008 26919016 26919030 26920004 26920014 26921009 26921022 26922033 26923011 26923018 26925018 26926004 26926011 26926023 26927002 26927011 26927021 26927032 26928005 26928009 26928012 26928026 26929003 26929015 26930007 26930009 26931013 26931023 26932002 26932017 26933006 26934002 26934009 26935002 26935007 26935011 26937004 26937011 26937021 26937024 26937026 26937029 26937033 26937040 26937049 26938018 26938020 26938027 26939006 26939019 26939025 26940019 26940029 26941007 26941010 26941018 26945032 26945043 26947002 26947015 26948002 26948006 26948009 26948032 26948035 26950004 26950015 26950021 26950027 26952014 26953002 26957004 26958005 26960015 26962004 26963011 26964002 26964006 26964011 26964027 26966012 26967018 26967048 26971004 26972059 26973009 26973016 26973019 26974024 26975006 26975017 26977003 26978019 26979014 26979017 26980022 26980030 26981001 26981011 26983027 26984009 26985008 26986014 26987008 26987014 26987031 26988015 26988024 26990003 26990014 26990020 26990024 26991009 26992004 26994010 26995009 26996003 26998004 26999020 27000015 27001002 27001012 27002015 27003002 27004002 27004015 27005002 27005015 27007002 27007007 27008012 27009002 27009014 27009022 27009045 27010006 27010008 27010015 27010019 27010024 27010031 27010038 27010042 27011009 27011018 27012008 27013023 27014013 27014018 27014025 27014029 27014036 27016020 27017008 27017027 27019021 27020008 27021013 27022023 27022025 27023018 27023025 27023031 27024002 27025005 27025014 27026002 27026019 27027002 27029007 27029010 27029012 27029014 27030009 27030015 27030029 27032032 27033035 27034017 27035004 27036018 27036022 27036030 27037002 27038002 27038015 27039007 27039009 27039029 27040014 27040025 27041002 27041012 27041016 27041022 27042002 27043002 27044013 27046002 27046014 27047004 27047011 27047019 27047023 27048007 27048014 27048016 27048018 27050005 27051020 27052006 27053022 27054002 27055036 27057013 27057032 27058003 27059003 27059005 27059036 27059043 27061006 27061013 27061021 27062008 27062024 27063002 27063011 27064004 27064019 27065002 27065008 27066008 27066014 27068013 27068026 27069002 27069008 27069032 27070021 27070032 27072023 27075020 27075030 27076023 27081012 27081047 27082003 27082012 27082022 27083003 27083010 27083016 27083039 27084015 27085015 27086018 27086025 27088009 27088025 27088038 27088045 27090005 27090015 27090017 27092010 27093007 27093013 27094022 27095003 27095024 27096008 27096012 27096031 27097009 27097023 27098013 27098018 27098025 27099011 27099022 27099029 27100021 27101015 27101023 27102014 27102027 27104005 27104025 27105003 27105026 27106002 27107014 27107036 27107038 27107040 27107042 27107045 27107049 27110009 27111009 27112002 27113004 27114003 27114020 27115002 27116006 27116010 27117015 27119017 27119019 27119021 27119030 27121002 27121016 27121029 27122036 27122046 27122055 27124009 27124015 27125016 27125020 27125023 27125029 27125036 27125043 27125046 27125054 27125061 27126002 27126004 27126011 27126014 27127021 27127028 27127031 27128020 27128026 27129004 27129012 27129019 27129021 27130003 27130009 27130019 27130022 27130037 27131003 27131010 27131013 27132002 27132012 27132015 27132017 27135009 27136014 27136016 27136025 27137006 27137011 27137021 27138003 27138007 27139013 27140002 27141002 27141008 27141015 27142014 27142021 27143002 27143012 27143019 27143028 27144002 27144016 27144019 27144025 27145002 27145011 27146003 27146013 27146027 27148009 27148021 27149005 27149007 27151020 27152006 27152019 27152022 27152029 27152034 27154002 27154005 27154030 27155002 27155025 27155027 27155031 27156004 27156006 27157019 27157023 27157037 27158005 27158017 27158030 27159006 27159038 27160007 27160017 27160026 27160037 27161012 27161014 27162009 27162011 27162016 27163013 27163022 27164002 27166015 27168006 27168013 27168030 27168032 27169009 27169011 27169037 27170012 27171010 27171016 27172002 27173003 27174010 27175019 27175025 27176002 27176009 27177003 27177020 27178002 27179009 27179013 27180002 27183010 27183022 27186009 27186012 27186034 27187035 27188003 27188011 27189003 27189027 27189035 27190009 27191020 27192002 27192008 27192015 27193013 27193021 27194002 27194014 27195024 27196016 27197002 27197007 27199013 27200006 27201002 27202002 27202012 27202023 27204002 27204031 27204057 27204063 27207002 27207011 27208014 27209027 27211013 27212002 27212008 27213002 27214005 27214013 27214020 27215002 27215007 27215009 27215021 27216003 27216015 27217003 27217012 27217016 27217027 27218002 27219027 27221015 27222002 27222004 27222008 27222016 27224010 27225002 27225015 27226005 27226013 27227010 27228020 27229007 27229014 27229026 27231005 27232022 27234002 27234018 27234029 27234034 27234041 27235016 27235021 27236004 27238012 27239002 27239022 27241008 27243009 27243017 27243021 27243024 27243030 27244003 27244021 27245004 27246013 27247011 27249010 27250002 27250008 27251007 27251020 27252013 27253009 27253022 27254004 27255018 27255026 27256013 27256036 27256042 27257009 27257017 27257027 27257036 27258003 27258009 27258013 27258029 27260014 27261008 27262028 27263008 27266012 27267008 27269003 27269009 27270002 27270012 27270016 27277010 27277021 27278002 27278017 27279002 27281002 27281015 27282032 27282044 27282050 27283002 27283012 27283019 27284003 27284009 27284013 27285002 27285007 27286002 27286006 27287004 27287006 27287013 27288003 27288044 27289006 27289027 27292008 27292022 27293015 27293026 27293040 27294002 27295020 27296027 27297018 27298028 27298035 27299002 27299023 27300014 27301024 27302002 27302016 27303024 27304002 27306003 27306017 27307003 27307014 27308002 27308010 27308015 27308019 27308023 27310003 27311006 27311020 27312003 27319007 27320010 27320030 27321003 27321010 27321028 27323009 27324010 27324018 27325025 27326005 27326014 27326025 27327002 27327015 27329015 27330015 27331003 27331017 27331024 27331028 27333003 27334003 27334005 27334008 27334016 27336008 27336017 27338008 27339006 27340004 27340007 27341002 27341014 27341021 27342004 27342028 27342031 27343002 27343018 27344012 27345024 27346013 27347002 27347012 27347026 27348003 27348012 27348027 27348039 27349004 27350006 27350012 27350014 27351011 27352002 27352009 27352028 27353006 27353009 27353018 27353021 27354002 27354010 27354020 27355006 27355010 27355028 27355045 27357002 27357010 27357016 27357029 27358014 27358021 27358030 27358033 27358037 27358040 27358048 27359006 27361012 27363002 27363017 27364014 27364016 27364021 27364025 27364031 27365002 27365026 27366005 27366015 27367009 27367019 27368005 27368022 27369012 27369019 27369029 27370029 27371002 27371007 27371013 27372002 27373018 27374010 27374029 27374040 27375009 27375016 27376003 27376015 27376019 27377003 27377007 27377018 27378003 27378030 27379020 27380007 27380009 27380017 27380033 27381006 27382016 27383034 27384003 27384013 27384016 27385009 27385032 27385042 27386019 27387002 27387007 27387016 27388005 27388012 27388020 27388027 27390010 27390018 27390039 27390042 27391002 27391017 27391024 27392003 27392014 27394008 27394027 27395005 27395018 27395020 27396025 27396037 27397014 27399009 27400002 27400013 27401007 27401025 27403003 27404026 27405003 27405010 27405017 27406007 27406035 27408010 27409005 27409013 27409027 27409035 27409041 27409054 27409057 27410031 27411009 27411032 27417016 27418003 27418013 27418032 27422003 27424020 27424028 27425005 27426011 27426013 27427003 27427006 27427011 27427014 27427020 27428002 27429002 27429013 27429018 27430004 27430015 27430030 27432002 27432031 27432036 27434045 27435003 27435013 27435021 27435028 27436003 27436019 27437005 27437033 27438006 27438020 27438030 27439003 27439009 27440003 27440012 27441003 27441014 27441025 27441032 27442005 27442035 27443004 27444018 27444025 27445016 27446011 27446019 27446033 27447003 27447009 27447027 27448024 27450003 27450009 27450048 27451015 27451018 27451020 27452008 27452016 27453004 27453023 27453025 27453028 27454003 27454009 27454019 27455010 27456003 27456006 27462004 27462006 27463002 27463016 27463042 27463047 27465018 27465025 27465030 27466005 27466046 27467027 27468003 27468031 27469015 27470002 27470016 27470026 27471008 27471012 27472030 27472034 27472040 27473003 27473013 27474010 27474017 27476002 27477002 27479006 27479012 27479030 27479037 27479043 27480005 27481002 27481007 27482002 27482010 27482017 27483019 27484011 27485018 27485031 27486011 27487005 27487011 27487030 27487032 27488005 27488008 27490020 27491006 27492002 27493005 27493013 27493027 27493034 27494002 27494007 27494021 27496003 27496022 27497004 27497017 27497031 27498011 27498029 27499011 27499040 27500003 27500011 27501034 27502020 27503007 27503015 27505012 27507002 27507008 27509004 27511009 27511018 27511029 27512002 27513015 27514003 27515014 27516002 27517012 27517018 27517021 27518003 27518028 27519018 27520022 27520029 27521002 27521020 27521033 27521056 27522015 27522024 27522032 27523002 27523013 27523022 27524025 27525007 27526002 27527007 27527036 27527046 27529022 27529044 27529049 27530003 27530055 27531002 27531006 27531021 27531032 27533018 27534019 27535009 27535018 27535029 27537009 27537018 27538016 27539020 27540002 27541004 27541029 27542038 27542052 27543002 27543005 27543014 27544003 27544017 27546003 27546014 27546018 27546030 27547016 27547041 27547044 27547051 27549012 27550005 27550035 27551007 27551013 27551019 27552031 27553003 27553013 27554012 27555003 27556002 27556015 27557002 27558015 27558027 27559003 27560002 27560008 27560024 27560032 27562006 27563003 27563011 27563027 27564013 27564031 27565003 27565026 27565036 27566002 27566027 27569003 27570003 27570019 27572003 27572033 27573019 27574003 27575002 27575020 27576003 27576012 27576028 27576036 27577005 27578006 27578014 27579006 27579011 27579031 27580006 27581006 27582009 27583009 27583021 27584005 27584015 27584021 27584028 27584044 27585004 27585035 27585039 27585044 27586007 27586021 27586030 27587004 27587008 27587020 27588014 27589008 27589012 27590002 27590013 27590023 27590031 27590045 27591002 27591007 27592004 27592020 27594005 27594021 27594025 27595006 27595013 27595025 27595041 27595044 27595058 27595061 27598009 27598018 27600014 27601010 27601018 27601023 27602014 27602027 27602033 27603018 27605002 27605013 27605027 27607005 27607025 27608002 27608012 27608021 27610012 27610024 27611004 27611029 27612004 27612015 27612036 27613021 27613033 27614009 27614016 27614021 27616007 27616018 27617009 27617019 27618026 27618034 27619003 27619009 27619016 27619024 27620003 27620008 27620020 27621015 27621033 27623012 27623024 27624002 27624018 27625011 27626023 27628009 27628024 27629025 27630004 27630010 27630030 27631004 27631009 27631013 27631020 27631026 27631028 27631031 27633008 27633019 27633024 27633029 27634006 27634027 27634035 27636007 27636013 27636019 27636026 27636043 27636050 27637002 27637025 27638003 27638026 27640031 27641005 27641014 27642004 27642019 27643020 27644003 27645004 27645008 27652033 27655002 27655006 27655029 27655040 27656015 27656019 27658028 27659006 27659012 27659019 27662019 27663003 27663008 27663012 27664002 27665007 27665011 27665022 27666015 27666019 27666028 27666039 27667004 27667011 27668004 27668016 27669004 27669017 27669030 27670010 27670014 27670019 27670030 27670044 27671003 27671017 27672011 27672034 27673002 27673013 27673022 27674004 27675004 27675013 27676009 27676014 27677004 27677022 27678002 27678009 27679009 27679014 27679022 27680008 27680014 27681011 27681020 27682003 27683002 27683007 27684007 27685006 27685014 27686005 27686009 27686023 27686036 27686042 27687004 27687018 27689002 27689012 27689022 27689041 27690003 27690019 27690023 27690026 27691002 27691006 27691015 27691019 27691026 27692031 27693038 27694007 27694020 27694023 27694028 27696002 27697018 27697037 27698023 27698025 27699037 27699041 27700002 27700005 27700019 27701013 27702008 27703003 27705003 27705009 27705025 27707002 27707015 27707018 27708007 27708032 27708043 27708045 27710021 27712020 27713006 27713008 27713015 27714011 27715023 27717007 27719003 27719011 27719013 27719021 27721015 27723005 27723015 27724005 27725006 27725024 27727015 27728004 27728009 27729010 27729017 27730004 27730011 27731019 27732016 27732021 27734020 27734028 27735024 27735039 27736002 27737002 27737008 27737019 27738002 27738034 27740013 27740028 27741012 27741022 27741029 27742002 27744019 27744023 27745013 27745018 27745022 27746010 27747018 27750034 27750042 27751012 27752020 27754022 27755014 27755025 27756003 27756007 27756035 27756044 27756052 27757009 27757021 27758011 27759004 27759009 27759015 27761004 27762013 27762034 27764002 27764009 27765019 27765035 27767002 27767011 27767014 27768011 27768022 27769008 27769019 27769024 27770002 27770015 27770019 27770027 27770031 27770038 27771007 27771023 27771029 27771034 27772003 27772008 27772039 27773005 27774014 27774019 27775015 27775024 27776015 27776018 27776026 27777003 27778010 27778016 27780010 27780017 27784014 27784016 27784025 27784041 27785002 27788007 27789012 27789021 27789026 27790004 27791002 27792002 27792025 27793002 27793008 27794005 27794013 27794019 27794028 27795003 27795018 27796002 27796016 27797004 27797014 27797023 27798009 27799015 27800007 27800018 27801002 27802014 27802020 27803013 27803019 27803029 27804003 27804029 27805005 27806002 27806011 27808026 27809006 27809018 27810006 27811002 27811009 27811016 27811019 27811026 27812018 27813019 27813025 27814004 27815008 27815011 27815026 27815028 27816017 27816024 27817021 27818002 27818008 27818016 27818024 27819002 27819016 27819022 27820003 27820033 27821002 27821033 27822013 27822020 27823009 27825017 27827020 27829003 27829010 27829014 27830020 27830022 27831014 27834036 27835016 27838024 27838038 27839006 27839008 27839019 27840013 27841005 27842002 27842013 27842035 27842038 27843003 27844010 27844020 27844032 27846039 27847027 27848002 27848008 27848013 27849002 27850037 27851006 27851019 27852002 27853005 27853014 27854002 27854007 27855004 27856002 27856012 27856015 27857004 27857010 27858041 27859002 27859011 27859021 27860003 27860015 27861003 27862014 27862017 27863018 27863033 27863039 27863044 27863049 27863066 27864006 27865029 27866014 27866030 27868025 27869016 27869025 27872009 27872022 27876009 27876026 27877012 27877026 27877039 27878012 27878021 27878027 27880011 27880038 27881008 27882002 27883007 27884002 27885013 27886012 27887002 27887026 27889004 27889024 27890016 27890021 27891004 27891022 27892002 27894005 27894009 27895012 27895029 27896023 27898015 27899008 27899011 27900002 27900021 27901003 27901011 27902015 27903015 27904013 27904029 27905002 27906022 27906041 27906046 27907009 27907021 27908004 27908006 27908035 27909019 27910011 27910015 27910028 27911005 27911023 27911037 27913003 27913028 27914003 27914018 27915017 27915021 27915038 27915042 27915044 27916003 27916011 27917004 27917017 27917019 27917045 27917047 27918008 27920008 27921002 27921028 27922002 27922014 27923002 27923021 27923028 27923045 27923054 27923061 27925003 27925009 27925016 27925039 27925041 27926019 27927051 27928002 27929002 27930005 27930016 27931005 27934008 27934013 27935006 27937009 27938016 27938018 27939005 27939014 27940025 27941009 27942006 27943005 27943015 27944008 27952029 27953005 27953013 27954005 27955012 27955019 27955026 27956006 27956023 27958006 27958032 27958038 27959021 27960002 27961021 27963009 27963019 27964010 27964014 27964029 27964036 27964042 27964045 27966002 27966018 27966022 27967002 27967018 27967028 27967032 27968003 27968012 27971002 27971018 27975011 27975027 27977010 27977023 27977031 27978002 27978012 27978017 27978025 27980006 27980016 27980026 27981010 27981019 27982006 27983001 27983020 27984008 27984024 27985008 27985021 27986005 27986012 27987010 27988002 27988016 27990002 27990015 27990022 27990027 27990038 27992006 27996022 27996033 27997012 27997019 27997033 27997036 27998013 27999019 28000003 28000009 28001005 28005002 28006002 28007002 28008006 28011003 28013023 28017004 28017017 28017044 28017048 28018004 28019016 28019028 28020015 28020027 28021010 28021018 28022017 28022021 28022035 28023006 28023011 28023023 28023026 28024008 28025012 28025026 28026015 28028028 28029005 28029008 28032028 28032032 28032042 28033018 28034016 28034036 28034045 28034071 28035005 28035015 28035023 28035031 28035039 28035043 28036015 28036024 28036033 28036039 28039051 28039057 28039060 28039062 28040014 28040029 28040042 28041016 28041019 28042008 28042027 28042034 28043018 28045003 28047019 28047026 28048013 28048020 28049002 28049009 28049016 28049027 28050002 28050009 28050024 28050031 28050035 28050040 28051005 28051015 28053010 28054003 28054008 28054022 28056010 28056017 28057003 28057010 28057015 28058004 28058010 28058032 28059006 28059016 28059022 28059027 28062021 28063002 28063021 28063053 28065026 28065030 28065050 28065058 28068017 28069002 28069008 28069040 28069052 28070008 28071014 28072003 28072008 28072012 28072016 28072022 28073004 28073009 28073016 28073028 28074002 28074007 28074010 28074014 28074016 28074021 28074025 28075006 28075014 28075022 28075032 28077002 28077007 28077009 28077013 28078002 28078006 28078013 28079003 28080007 28080025 28081010 28081016 28082003 28082008 28082023 28082040 28083008 28084007 28084012 28085003 28085007 28085017 28085024 28086009 28086017 28088015 28088019 28088024 28088042 28088047 28089003 28089007 28090008 28091004 28091018 28093012 28094032 28095032 28095039 28096015 28096020 28096026 28096031 28096045 28097003 28097025 28097031 28098004 28098040 28111008 28116058 28118013 28119011 28120008 28121020 28124023 28126002 28126026 28126032 28127003 28128019 28128044 28129007 28129013 28129023 28130003 28130010 28130022 28130028 28130032 28132011 28132016 28132042 28132050 28133007 28133012 28134003 28134012 28134043 28134047 28134049 28135004 28140008 28140015 28140029 28140037 28141004 28141012 28141025 28142003 28142014 28143013 28143017 28143025 28146017 28147013 28147022 28148016 28149009 28149013 28150015 28151023 28153012 28154008 28154014 28156032 28157013 28160027 28160042 28160047 28161005 28161007 28165017 28166004 28166018 28166020 28167033 28167035 28169018 28173027 28176002 28176010 28176027 28178016 28182013 28185020 28186028 28186037 28187019 28188002 28188008 28188026 28189027 28191005 28191014 28192017 28192022 28192026 28195022 28195030 28198003 28198013 28198025 28198030 28199010 28199021 28203007 28203014 28203021 28203035 28204004 28204007 28205010 28205014 28206008 28207006 28210005 28212029 28213019 28216012 28217012 28217017 28217030 28219008 28219019 28220006 28220012 28221012 28221020 28225002 28225020 28227042 28228004 28228019 28229002 28230005 28230009 28230015 28230020 28230030 28231019 28231026 28232004 28232018 28232028 28232035 28232044 28233008 28233015 28233025 28234019 28234025 28235007 28235032 28235044 28235048 28236027 28237007 28238011 28238044 28238046 28240003 28240015 28241010 28241017 28241025 28242011 28247020 28247024 28248014 28248019 28250002 28251003 28251006 28251012 28251019 28251027 28252024 28258002 28260006 28261009 28266011 28266020 28266024 28266028 28267010 28269020 28270002 28270013 28270023 28270027 28270034 28270039 28271015 28271021 28272004 28272013 28272023 28273008 28274007 28274016 28274019 28274026 28274029 28275015 28276032 28277014 28278004 28278012 28278021 28278032 28279012 28279025 28281009 28283005 28283019 28283023 28284032 28285002 28285005 28285008 28285040 28287018 28287029 28289002 28289006 28289014 28289018 28289028 28290011 28291018 28291021 28293002 28293011 28294004 28294011 28296019 28296026 28296034 28301005 28301029 28304002 28305009 28305026 28306003 28306011 28307002 28308017 28308029 28309014 28310003 28310008 28310012 28311017 28311021 28312004 28312024 28312026 28317007 28317010 28317015 28317023 28317034 28320041 28321007 28322010 28325019 28328014 28328022 28328028 28331004 28331012 28334019 28336019 28338008 28339002 28339024 28339027 28339034 28342014 28342017 28344025 28344035 28345005 28345008 28346006 28346012 28346020 28349005 28349014 28350005 28350012 28353016 28355017 28355027 28356006 28356021 28356026 28357025 28358011 28358013 28358016 28359008 28360036 28360038 28361004 28362009 28363023 28364002 28364006 28364013 28364021 28364029 28365019 28365024 28365038 28365050 28365056 28365058 28365063 28365065 28365084 28368010 28369002 28369018 28369029 28370013 28371002 28371011 28371017 28372012 28372018 28373019 28374009 28374016 28374027 28376019 28377003 28380003 28382009 28383021 28384009 28384016 28385007 28385023 28387002 28387038 28390009 28394018 28394034 28397027 28398006 28403016 28403023 28407002 28407019 28408005 28408019 28411007 28411015 28411021 28412019 28413014 28413025 28414002 28414012 28414028 28415021 28416005 28416008 28416015 28417005 28418009 28420011 28421040 28422008 28424009 28426009 28426015 28427007 28428024 28429027 28434002 28434009 28435002 28437010 28437013 28439008 28439024 28440007 28440024 28440028 28442003 28442011 28442021 28442029 28442036 28442041 28443004 28444005 28444014 28444027 28444037 28445004 28445012 28445024 28445029 28446001 28446015 28446019 28446025 28446030 28447007 28447027 28449007 28449009 28449016 28449036 28450009 28451015 28451031 28452009 28455006 28455010 28457008 28457012 28457019 28458035 28458046 28458062 28460002 28461002 28461009 28462010 28462026 28462040 28463003 28463007 28463026 28464012 28465025 28465029 28465038 28466006 28467018 28467028 28467034 28469027 28469035 28470014 28471002 28471007 28472010 28475019 28475021 28476002 28477021 28477027 28479012 28479028 28483008 28484003 28487033 28487037 28488016 28490002 28493029 28493044 28493049 28496018 28497003 28497008 28497013 28499002 28502048 28503034 28503043 28504003 28504015 28504020 28504028 28504036 28504041 28506007 28506030 28506038 28508009 28509004 28509016 28510028 28511019 28512002 28512007 28512013 28515002 28515016 28516003 28516022 28516036 28518001 28518010 28518017 28519002 28520006 28520027 28521002 28521014 28522023 28522052 28523009 28523024 28523036 28524013 28524019 28524041 28525027 28525033 28526002 28526009 28528005 28530004 28531012 28532019 28534013 28534020 28534044 28535026 28535044 28535050 28535057 28536011 28536019 28536026 28536036 28536044 28537020 28538006 28539006 28539018 28540003 28540015 28540021 28540029 28542028 28543002 28543015 28546027 28547003 28550004 28552012 28552018 28552022 28553014 28553023 28554018 28560006 28561029 28565026 28566014 28566020 28566035 28566043 28569006 28569015 28569017 28569022 28570006 28572029 28574012 28575004 28577019 28578015 28579025 28581004 28581036 28581041 28581049 28582010 28583012 28584002 28584017 28584030 28584041 28584048 28585008 28585019 28586014 28588016 28588027 28590011 28595002 28595005 28595011 28599004 28600005 28600013 28601027 28603008 28604006 28604022 28604034 28607036 28608009 28615006 28617012 28618012 28620012 28621005 28621010 28622006 28623009 28623017 28624021 28624027 28625003 28626024 28627003 28627013 28627020 28628019 28629009 28630017 28632003 28632008 28632011 28633003 28633008 28633015 28634009 28634019 28635005 28635013 28635022 28636013 28637006 28637012 28638026 28648003 28648019 28648029 28648034 28657012 28658005 28658026 28659014 28659023 28662010 28663027 28663035 28666005 28670005 28672009 28674059 28675003 28678015 28678020 28679012 28680002 28680006 28681013 28682016 28683011 28684005 28684019 28684028 28684036 28687012 28688011 28690012 28691003 28691007 28691023 28695002 28695044 28699020 28699035 28700041 28702027 28702034 28702038 28703003 28704009 28705014 28707019 28707025 28709016 28710007 28711009 28712008 28714002 28714009 28717010 28717012 28720011 28721002 28721020 28722031 28724008 28724025 28726003 28730005 28730027 28730035 28731006 28732010 28733004 28733014 28733022 28734006 28734018 28735010 28736003 28736018 28738026 28739003 28742009 28742014 28743010 28743023 28743034 28743036 28744013 28747012 28749006 28750023 28751040 28751047 28751058 28752004 28755005 28764012 28764019 28766011 28767007 28767021 28768003 28768009 28768017 28768024 28770008 28770013 28771035 28772002 28772009 28776009 28776018 28777013 28777025 28777032 28779007 28783020 28787002 28787011 28787014 28787021 28788006 28788010 28788013 28789005 28789007 28789018 28789031 28789038 28791003 28792006 28792009 28792014 28793010 28793019 28794009 28795010 28795014 28796009 28798012 28799008 28801004 28802018 28802021 28802032 28802034 28803005 28803007 28803013 28804005 28804010 28804016 28804022 28805005 28805019 28805024 28806012 28806018 28806022 28807002 28807015 28807020 28807027 28808016 28808019 28808024 28808030 28808035 28809010 28809017 28809024 28809034 28810016 28811003 28811015 28811026 28811030 28812008 28812018 28813008 28813025 28813029 28813034 28814003 28814016 28814021 28814031 28814049 28814055 28816016 28817021 28820002 28820027 28821026 28822009 28822013 28823008 28823020 28823026 28824006 28824027 28825012 28825015 28825028 28825031 28826018 28827009 28827012 28827020 28828027 28828044 28829025 28829030 28830028 28832004 28832016 28833007 28833012 28834011 28835002 28836015 28838013 28838015 28839009 28839015 28839018 28839026 28840002 28840012 28840022 28840038 28840050 28842024 28842036 28842045 28843008 28843013 28844016 28845008 28845013 28846008 28846016 28847010 28848002 28854002 28854010 28855006 28856002 28856012 28856018 28856036 28857005 28857010 28860011 28860023 28860031 28860035 28861017 28862037 28862045 28863013 28864014 28864020 28865004 28865020 28865025 28865033 28866022 28867012 28868010 28869009 28869014 28869019 28869023 28870002 28870010 28870019 28871002 28871006 28871013 28871026 28872006 28872013 28872025 28873026 28873032 28874019 28876005 28876019 28877009 28878002 28879002 28879012 28880007 28880013 28881006 28882002 28882014 28882020 28882027 28882034 28882043 28882049 28882056 28883012 28884005 28884016 28884023 28884028 28884037 28885002 28886004 28886015 28887003 28887014 28887019 28888003 28888010 28888013 28889011 28889023 28889027 28889037 28890003 28890009 28890028 28890034 28891002 28891017 28891023 28892009 28893030 28894003 28894017 28895006 28897033 28898002 28898007 28898021 28898023 28899016 28899026 28900002 28900014 28900022 28902007 28902014 28903005 28903009 28903024 28904001 28904008 28905013 28906012 28907013 28908019 28909003 28909015 28909023 28910019 28911006 28911013 28911020 28912012 28914003 28915035 28915044 28916004 28916015 28916027 28917005 28917007 28917010 28918014 28918020 28918033 28918041 28919003 28919009 28919023 28920026 28921013 28921020 28922003 28922009 28922019 28922034 28923016 28923024 28924002 28924008 28924016 28924022 28924030 28924038 28924043 28924052 28925005 28925026 28925032 28926009 28926017 28926023 28926034 28928002 28928020 28928046 28928051 28929038 28929049 28929052 28930005 28930013 28930022 28931006 28931012 28931031 28932004 28932012 28932016 28932027 28932030 28933006 28934005 28934011 28935015 28935027 28936005 28937002 28937011 28937015 28938008 28938016 28939004 28939017 28940037 28942002 28942006 28942011 28942034 28943011 28943017 28943024 28944006 28944022 28945002 28945017 28946016 28946020 28946030 28946036 28946040 28946044 28946051 28946055 28949014 28950002 28950009 28950014 28950022 28950026 28950032 28951002 28951005 28952020 28952023 28952036 28952040 28955008 28955027 28955035 28955040 28955044 28956002 28956005 28956016 28956026 28957003 28957016 28957023 28959004 28959013 28959042 28959051 28960019 28960029 28960041 28961007 28961022 28961026 28961042 28961050 28962045 28962049 28965010 28965017 28965020 28967021 28968004 28968013 28968022 28968026 28969005 28970007 28970021 28970025 28970033 28970037 28970043 28970058 28971002 28971006 28971010 28972002 28973005 28973018 28973039 28974031 28975012 28976004 28976022 28978004 28978012 28979016 28979020 28979023 28979032 28979037 28979040 28981004 28982014 28982019 28983009 28983016 28983023 28984004 28984014 28984028 28984038 28984042 28985007 28985011 28985032 28986003 28986011 28986019 28987007 28987024 28987043 28987050 28988004 28992004 28992010 28992035 28993017 28994003 28994019 28994026 28994043 28997034 29002024 29002028 29003020 29004004 29005019 29005031 29006014 29009002 29009013 29010008 29011006 29012004 29012014 29012023 29013006 29013023 29021002 29022015 29032024 29032052 29033016 29034011 29034022 29036005 29037027 29037032 29038033 29039031 29040010 29041025 29041028 29041032 29041042 29042005 29042012 29042040 29043014 29044040 29046054 29047002 29047012 29047020 29047027 29047032 29048005 29048008 29048017 29048038 29048042 29048048 29049002 29049006 29049010 29049021 29049025 29049032 29049036 29050003 29050008 29051009 29051012 29051022 29051030 29051039 29052002 29052011 29053004 29053009 29053019 29054018 29055008 29055013 29055036 29059024 29059026 29059054 29059060 29059062 29062004 29062006 29062008 29062020 29064014 29064018 29066014 29066024 29067025 29068040 29071002 29072026 29072029 29073007 29077009 29082002 29086033 29086044 29087002 29087013 29088024 29089023 29091003 29091025 29091037 29092003 29092008 29093002 29094002 29094018 29094021 29094044 29095012 29095015 29096006 29096024 29096037 29097004 29098003 29098032 29098039 29098045 29099021 29099039 29102009 29103023 29104012 29104016 29105009 29105022 29106003 29106020 29107009 29108022 29108028 29109013 29109023 29110003 29111020 29111038 29112005 29112017 29115014 29116002 29116019 29117020 29119041 29123019 29126008 29126013 29127012 29127022 29128011 29129002 29129009 29129017 29130008 29130011 29130017 29130021 29131030 29132002 29132005 29132008 29132014 29133027 29133036 29133042 29135007 29135012 29137003 29137014 29138002 29138019 29139002 29139013 29140002 29140008 29141005 29141018 29141023 29141040 29144010 29144021 29146004 29146018 29146030 29147024 29148002 29149026 29151010 29151027 29151035 29154004 29154020 29156023 29157002 29158010 29158013 29158015 29159009 29160017 29163006 29163017 29164008 29165004 29165010 29165023 29167002 29167021 29168004 29168019 29169003 29170002 29170013 29170022 29171002 29173007 29173012 29173016 29173030 29176026 29177018 29178003 29178013 29180030 29181011 29186002 29187006 29188012 29190012 29190028 29190039 29191002 29191012 29193013 29197002 29197009 29197021 29197030 29198004 29198013 29198023 29199009 29199023 29201010 29201021 29201027 29202012 29202015 29202019 29202023 29203019 29207004 29209004 29209007 29209016 29209018 29209023 29210004 29210009 29210026 29211017 29212002 29212013 29212017 29213010 29214003 29214005 29214012 29215006 29216014 29217018 29218015 29218022 29218026 29218033 29219002 29221007 29221022 29222008 29222015 29224007 29224010 29224032 29225011 29225019 29225029 29226011 29227004 29228002 29228022 29228028 29230005 29230008 29231003 29231009 29232004 29232012 29233002 29233008 29233010 29233030 29233042 29235004 29235017 29235024 29235033 29236002 29236007 29236018 29238008 29238015 29240011 29240020 29241010 29241025 29241031 29241041 29242004 29242010 29242012 29243005 29243010 29243013 29243022 29244002 29245028 29246005 29247004 29248002 29248005 29248026 29249004 29250015 29251003 29252006 29252008 29253005 29253009 29253014 29254003 29254021 29256003 29258009 29260029 29264009 29265009 29265017 29268011 29269003 29269009 29269015 29270008 29271009 29271016 29272009 29272021 29273014 29275004 29277009 29279006 29279012 29280011 29281008 29281014 29282008 29283002 29283009 29284002 29284026 29285019 29286004 29286019 29286028 29287002 29288003 29288022 29288028 29288032 29291002 29291017 29291023 29291029 29291036 29292009 29293002 29293007 29294005 29294010 29295003 29298009 29298018 29298025 29299002 29301010 29302002 29305005 29305029 29306014 29307008 29308026 29309004 29309018 29310031 29310038 29311002 29313011 29313018 29313027 29316011 29317005 29323018 29324014 29325009 29325015 29325019 29326007 29327006 29328012 29328019 29330008 29330013 29331007 29331020 29332004 29333021 29334009 29334015 29335006 29335012 29336014 29336017 29337014 29338009 29338012 29338022 29338028 29339013 29339020 29341003 29342007 29342014 29342017 29343028 29344007 29344017 29345003 29345018 29346006 29347018 29347025 29347030 29348003 29348010 29348017 29349010 29350002 29351016 29351028 29351034 29352003 29352011 29352021 29353003 29356026 29359006 29359023 29360011 29360019 29361003 29362011 29363029 29363032 29363036 29364004 29364006 29367014 29368012 29369021 29371008 29372003 29372010 29374004 29378007 29378014 29379011 29379017 29379022 29380020 29381007 29382042 29383007 29388011 29389029 29390002 29390020 29390026 29392003 29393005 29393009 29393012 29393016 29393027 29394003 29395016 29397002 29398003 29398009 29399003 29401007 29403016 29404010 29404029 29405008 29405011 29407002 29407008 29407033 29407044 29407056 29409019 29410004 29412002 29414007 29417006 29417008 29418004 29418012 29418018 29418024 29419003 29419013 29420016 29420023 29421018 29422005 29422010 29423007 29423011 29425002 29425012 29425028 29425032 29426015 29429003 29430032 29432025 29434027 29438006 29438017 29439019 29439024 29441023 29441026 29442002 29443002 29443025 29444020 29444024 29445004 29445007 29445014 29446010 29446013 29446028 29446039 29447002 29447007 29448007 29449012 29449018 29452005 29452026 29453029 29453034 29453040 29456006 29457002 29457013 29458025 29459012 29460021 29461025 29462020 29463004 29465008 29467019 29467034 29467036 29467041 29469006 29469014 29469025 29469030 29469038 29469043 29471005 29471009 29472024 29473009 29473024 29474005 29474016 29475004 29475015 29475020 29476004 29476019 29476026 29477006 29477010 29478008 29479012 29480005 29481013 29481015 29482037 29483006 29483013 29484011 29484030 29487004 29488020 29489003 29489015 29489019 29489052 29490010 29493026 29496005 29497007 29497011 29497016 29497022 29497037 29499006 29499010 29501015 29502017 29502030 29503003 29505007 29505014 29506007 29507007 29507018 29507025 29508008 29508012 29509007 29510006 29510027 29510030 29512017 29513002 29515020 29515032 29519011 29519022 29521002 29522008 29522012 29522018 29525003 29525015 29526005 29527015 29528002 29528024 29529035 29529042 29529046 29530020 29531026 29532008 29532016 29533010 29533016 29533027 29533038 29534003 29534013 29534016 29534044 29535005 29535011 29535021 29535028 29539004 29539009 29539014 29540022 29540028 29540034 29540040 29541012 29542003 29542030 29542032 29542035 29544021 29548004 29548013 29549017 29550004 29551008 29551018 29552008 29552021 29553012 29553030 29554021 29555033 29555037 29555043 29556006 29558003 29559017 29561002 29562012 29562021 29563011 29563016 29563021 29563023 29563039 29563045 29563050 29566002 29566023 29566043 29567005 29567012 29567018 29567026 29568004 29569026 29569037 29570007 29570010 29570024 29571007 29571016 29573014 29574002 29575021 29575024 29576006 29577022 29577024 29578002 29578011 29579004 29580002 29580008 29580015 29580020 29580032 29582004 29582013 29583007 29583014 29583019 29583042 29584018 29584027 29584049 29585027 29586024 29587002 29587009 29587042 29588002 29588008 29588025 29590004 29590019 29590025 29591003 29592012 29592018 29593002 29593008 29593010 29593032 29594016 29595003 29595010 29595020 29595039 29597004 29597017 29597030 29597043 29597046 29597051 29597055 29597061 29598015 29598017 29598025 29598032 29599005 29599013 29600007 29600017 29600024 29601004 29601014 29601023 29602003 29602005 29602014 29602020 29604007 29604019 29604021 29604027 29605006 29605025 29605037 29605048 29606002 29606011 29607007 29610018 29611010 29611019 29613004 29613011 29614007 29614023 29615015 29616002 29616006 29617005 29617009 29617025 29618004 29618015 29618033 29619011 29619022 29621003 29621027 29622005 29624002 29625016 29627007 29628004 29628010 29630002 29631012 29631019 29632009 29632014 29632023 29633007 29634005 29634012 29635011 29635016 29636012 29637021 29645036 29645045 29646015 29647002 29647004 29649010 29650004 29651013 29651015 29651025 29652004 29653005 29653016 29653021 29653027 29653035 29654006 29654014 29654022 29654038 29655024 29655027 29660007 29660026 29661005 29661011 29661032 29661053 29662005 29662009 29662012 29662026 29663007 29663014 29664002 29664034 29665005 29666004 29666028 29666040 29668002 29669015 29670013 29672018 29673013 29675019 29675057 29676026 29676035 29678004 29678010 29678012 29678021 29678039 29678042 29681007 29683002 29683012 29683023 29684005 29685011 29685019 29686006 29686011 29686019 29687015 29687022 29687026 29688007 29688014 29688019 29688024 29689003 29689009 29690008 29690023 29691007 29691017 29692002 29693021 29693024 29694003 29695008 29695025 29696004 29697004 29698015 29698018 29698035 29698044 29698047 29700006 29700038 29700043 29701002 29701006 29702025 29704008 29704020 29707018 29713012 29714015 29717006 29717009 29717021 29719013 29722017 29723028 29729014 29730007 29730012 29731003 29732009 29733012 29735006 29737011 29738011 29739014 29742002 29742011 29742019 29743002 29745017 29747007 29747014 29748036 29750007 29754002 29754014 29754026 29754038 29758003 29758010 29758021 29760006 29760010 29760029 29761007 29762002 29764011 29764021 29765010 29765016 29765018 29768012 29768021 29768035 29768037 29769008 29769021 29770014 29771009 29772016 29772020 29775017 29776002 29777004 29777018 29780018 29782027 29784011 29785004 29785017 29787018 29791014 29791022 29791047 29792018 29796015 29799025 29799033 29800002 29800010 29801012 29801030 29801038 29803014 29804018 29805009 29805018 29806011 29806037 29807002 29808007 29808016 29810007 29810020 29811005 29811019 29811024 29811043 29811056 29811060 29813016 29814014 29815013 29815017 29815023 29818018 29818022 29819024 29820016 29822017 29822032 29823013 29823024 29825017 29826025 29827007 29828002 29828008 29829002 29829012 29832013 29833009 29834008 29836015 29836017 29838018 29838026 29839006 29839013 29840002 29840006 29840014 29840019 29841002 29841007 29841015 29842002 29842018 29843002 29843015 29845014 29846013 29847024 29849009 29852010 29854003 29862003 29862014 29862026 29863002 29863020 29864002 29865028 29867019 29868004 29868009 29868024 29868028 29869010 29871005 29872017 29872029 29872037 29873002 29873010 29873015 29873019 29873032 29874017 29876003 29879007 29881002 29881027 29882002 29882013 29882017 29884002 29886008 29886011 29889028 29891009 29892012 29892014 29893005 29894002 29894006 29894019 29894037 29895008 29897002 29897009 29897022 29898003 29898009 29898019 29900010 29902016 29903009 29903016 29904006 29906010 29906019 29908029 29909013 29909025 29910002 29910005 29911009 29911017 29912009 29913002 29913014 29914005 29915004 29915008 29916002 29916015 29917007 29917025 29921009 29922004 29922009 29924019 29925006 29926006 29926019 29926024 29927004 29927024 29929008 29929017 29931004 29931006 29931012 29931020 29932010 29934018 29935016 29936008 29937004 29937013 29938014 29939014 29939019 29940005 29940011 29940014 29940020 29940027 29940029 29941013 29941017 29941020 29942006 29942008 29944006 29945007 29945022 29945028 29946005 29946029 29948028 29949002 29949014 29949025 29950002 29950013 29951009 29952017 29953009 29953019 29954002 29954011 29955004 29955036 29955041 29956003 29956017 29956020 29957002 29958009 29958020 29959019 29960011 29960024 29961020 29962011 29963006 29963008 29963010 29963013 29965013 29965015 29966006 29967003 29967020 29967032 29967044 29969025 29969045 29969048 29974017 29975010 29976013 29976018 29978004 29979003 29979019 29979023 29980010 29980012 29980020 29981012 29981029 29984020 29985004 29985007 29986031 29987002 29987028 29987049 29988032 29989010 29989014 29989020 29989022 29991013 29992018 29992035 29993005 29995005 29995022 29996003 29996011 29996018 29997036 29998016 29999013 30002003 30002018 30002025 30002038 30003014 30004006 30004010 30004012 30004015 30005003 30005005 30005018 30008022 30009017 30009021 30009027 30010015 30010024 30011014 30011021 30011026 30011030 30011032 30011035 30012003 30012016 30012021 30014020 30014032 30015006 30015010 30015015 30016009 30016018 30017023 30017027 30018002 30018033 30018051 30021002 30021016 30022039 30022046 30022051 30023003 30026003 30026023 30026030 30028020 30029003 30029012 30029016 30029033 30029035 30030002 30030014 30030018 30030028 30030033 30031004 30031028 30032019 30034003 30034010 30035029 30036003 30036020 30036035 30038009 30038031 30038043 30039010 30040007 30041008 30042005 30042014 30042025 30043006 30043011 30043039 30044009 30045012 30046004 30046029 30048009 30049002 30049015 30050006 30050016 30051004 30051025 30054011 30054016 30054023 30055014 30055024 30056007 30056017 30056022 30057006 30057012 30057018 30058008 30058013 30058031 30060007 30062013 30062023 30063022 30065010 30065018 30065025 30066015 30066027 30067002 30067020 30068011 30068014 30068017 30068020 30068037 30069002 30069013 30069018 30069020 30069022 30070027 30070031 30071007 30071018 30071026 30073019 30074002 30074005 30074029 30075002 30075009 30075012 30075018 30075020 30075024 30075027 30076032 30076045 30078008 30079014 30079024 30080016 30084015 30084030 30086024 30088013 30089003 30090020 30091002 30091010 30092044 30093027 30094011 30096017 30096021 30097002 30097009 30098003 30098032 30102010 30102012 30102018 30103029 30103035 30103043 30104011 30104020 30110033 30113042 30117002 30117024 30118017 30118040 30119022 30120009 30120025 30120043 30120052 30121004 30121042 30121053 30123008 30125002 30125015 30126005 30126020 30127006 30130002 30130029 30130039 30131022 30132006 30132022 30134003 30136002 30136015 30139005 30139011 30139025 30142002 30142013 30143003 30143031 30144026 30146002 30146023 30147006 30148006 30150031 30150037 30153011 30154009 30154026 30155002 30156004 30156009 30157015 30158002 30158008 30158015 30159018 30159026 30160014 30162023 30163030 30164007 30164010 30164023 30166027 30166033 30167002 30167012 30167017 30168002 30168015 30168018 30168028 30168031 30169007 30169011 30170006 30171014 30171023 30173011 30176004 30177004 30177016 30177044 30178004 30178023 30178027 30178042 30178049 30179014 30180004 30180025 30180047 30181004 30181029 30182003 30182025 30183002 30184004 30184012 30184019 30185002 30185013 30186028 30186031 30187009 30188006 30189004 30189026 30189029 30189042 30190005 30190008 30190014 30190029 30191010 30191014 30192016 30192019 30193004 30194006 30194010 30194014 30195004 30196005 30196020 30196026 30197004 30199026 30200004 30200023 30201004 30202010 30202026 30203013 30204005 30204021 30205021 30205023 30205025 30205027 30205029 30205031 30206004 30206017 30210024 30211007 30212005 30212010 30212013 30213017 30213021 30214003 30214015 30214035 30214043 30215012 30215016 30215058 30216023 30217005 30218029 30219010 30220002 30220013 30220023 30221002 30221014 30222006 30222008 30222018 30222027 30222029 30222037 30222046 30223003 30223019 30223037 30224005 30224015 30227021 30229019 30230006 30230015 30230023 30230030 30231034 30232001 30232018 30233002 30233027 30233033 30234010 30235003 30235019 30236016 30237012 30237022 30238005 30238009 30238040 30238051 30238060 30239013 30241004 30241013 30243003 30244003 30245007 30245012 30245015 30245019 30245025 30247029 30248003 30249018 30249024 30249031 30251002 30251016 30252007 30255005 30256015 30257007 30257022 30259007 30259016 30259024 30259030 30259037 30259044 30259055 30260007 30260012 30260017 30261010 30262008 30262018 30263008 30263017 30263036 30263043 30264004 30265003 30265009 30265011 30265021 30265029 30266003 30268016 30269006 30270002 30270007 30270016 30270024 30271006 30271012 30272017 30273002 30273009 30274007 30276013 30277014 30278033 30279002 30279011 30279020 30281006 30285005 30285019 30288021 30289015 30291002 30292011 30292032 30293012 30294021 30295015 30296016 30297002 30297031 30298005 30299002 30300002 30300015 30301002 30301010 30302007 30303003 30303009 30303018 30305002 30305007 30305016 30305024 30308015 30310005 30310013 30310020 30313018 30315004 30315006 30315020 30315023 30317021 30317032 30319021 30319033 30319038 30321008 30321016 30322020 30323002 30323010 30323017 30324017 30326007 30326010 30326021 30326028 30329005 30329011 30329013 30333004 30333009 30334003 30334025 30337013 30339016 30339024 30340005 30340010 30340016 30340019 30340031 30341004 30341010 30341025 30341031 30342014 30342021 30342027 30342033 30343015 30344017 30345013 30346026 30348003 30348012 30349028 30349038 30349046 30350023 30350025 30350029 30351011 30352010 30353002 30353010 30354006 30356013 30357002 30357007 30359012 30359026 30361010 30362029 30363002 30364007 30366006 30366015 30366018 30367036 30368009 30368019 30369007 30369020 30371006 30371011 30371014 30371020 30372006 30373002 30374007 30376022 30376051 30376066 30378002 30378006 30378010 30378020 30378029 30380008 30380015 30380023 30381005 30381019 30382007 30382024 30382041 30383010 30383016 30383025 30383032 30384004 30385012 30386017 30386026 30386038 30387012 30387017 30388004 30388018 30391008 30392007 30392039 30393020 30395021 30395028 30396006 30396015 30396027 30397002 30397011 30397017 30397029 30398011 30398025 30402002 30402018 30404008 30405010 30405023 30406025 30408016 30408028 30409002 30410004 30410014 30411023 30412012 30412015 30412022 30413005 30415012 30416013 30419009 30420006 30420012 30420020 30421013 30421024 30421030 30422012 30423003 30423006 30423014 30423017 30423022 30424017 30424034 30425002 30425015 30426003 30426026 30426037 30427002 30427007 30431006 30431018 30431023 30431026 30432004 30432013 30432016 30432023 30432027 30432047 30433004 30433007 30433025 30434027 30436012 30437018 30438009 30439003 30439012 30439018 30440005 30440009 30440018 30440025 30441004 30441015 30441020 30441025 30441034 30441043 30443002 30443029 30444007 30445025 30446042 30446052 30447010 30448002 30448009 30448013 30449004 30450004 30451010 30451017 30451025 30452003 30453018 30454009 30454018 30455003 30457026 30458012 30458035 30458039 30460004 30460021 30461002 30461007 30462017 30463003 30463007 30463024 30464033 30466014 30467006 30468002 30468043 30470010 30472015 30473004 30473011 30474007 30474019 30475011 30475029 30476004 30476029 30478011 30478017 30478048 30479022 30480029 30481010 30481031 30482015 30482022 30484027 30484039 30485009 30485019 30486006 30486017 30488006 30488019 30488027 30489003 30489015 30489020 30490019 30490026 30490031 30491004 30491017 30491019 30492013 30492027 30493010 30494016 30495010 30496003 30496014 30496017 30497008 30497014 30498014 30499004 30499021 30500006 30501033 30502042 30502055 30502062 30504003 30504014 30504020 30506030 30506034 30506040 30508003 30508008 30508014 30509007 30509022 30509028 30510015 30511023 30513034 30513053 30513057 30514006 30514010 30514016 30514032 30514036 30514052 30515010 30515029 30515033 30516002 30516010 30516020 30516023 30517002 30518022 30519013 30520010 30520017 30521008 30521023 30522015 30523003 30524025 30525003 30526002 30527014 30527017 30527019 30531011 30532016 30532024 30534011 30535002 30536002 30537009 30537020 30538019 30539005 30539037 30539042 30540002 30540021 30540030 30541003 30541018 30541026 30543006 30543012 30544018 30544031 30545009 30547002 30547005 30547011 30547019 30548003 30548018 30549002 30549005 30549012 30549017 30550003 30550013 30550037 30551002 30551005 30551010 30551020 30551032 30552012 30552023 30552029 30552032 30552038 30554002 30554013 30556020 30557004 30557012 30558026 30559016 30559020 30560004 30562002 30563014 30564008 30564011 30564015 30564030 30565008 30565012 30565019 30565022 30565041 30565052 30565055 30566013 30566019 30569015 30570012 30570016 30570026 30570034 30570041 30570046 30571003 30571014 30571020 30572010 30572021 30573024 30573026 30573032 30574010 30574014 30574022 30575010 30575020 30575023 30575032 30575042 30577009 30578006 30578043 30578055 30579014 30580006 30580015 30580020 30581009 30581019 30582009 30582018 30582025 30582031 30582035 30582041 30582044 30583020 30585005 30587020 30588003 30589024 30589027 30590014 30590027 30592003 30592007 30592018 30593014 30594005 30594024 30594029 30594036 30595013 30596005 30596013 30596022 30596035 30597024 30597027 30598004 30598015 30598024 30599005 30600006 30600012 30600025 30600029 30601016 30602004 30602011 30603014 30603018 30604020 30604032 30605022 30606006 30607002 30607024 30607038 30608004 30609016 30610002 30613005 30613018 30614006 30614026 30615017 30616012 30616030 30617013 30617017 30618010 30618014 30620027 30621009 30622022 30622034 30624009 30624018 30625002 30625011 30626016 30626025 30627005 30627009 30629019 30631002 30632011 30635004 30635019 30635034 30638010 30638013 30639002 30639012 30639016 30639022 30639028 30640002 30640006 30640012 30640019 30640025 30640033 30641002 30641008 30641018 30641027 30641081 30643026 30644006 30645018 30645037 30649002 30649012 30651010 30651033 30652018 30653017 30653036 30654006 30654009 30654019 30655023 30658024 30660005 30660007 30661003 30662024 30662034 30665013 30665018 30665022 30666008 30667003 30667017 30668010 30669018 30669040 30669046 30669049 30669064 30670023 30671020 30671025 30673011 30673039 30674011 30674027 30676020 30676038 30677004 30677014 30677034 30678006 30678013 30679012 30679016 30680031 30681005 30681009 30682012 30682020 30682026 30682028 30683006 30683012 30684002 30684009 30684012 30684016 30684020 30684026 30684029 30684036 30685003 30685015 30686011 30686017 30687006 30687014 30688014 30688018 30689019 30689028 30690002 30691018 30691026 30693002 30693021 30694010 30695003 30695009 30696012 30696020 30696031 30696038 30697009 30698003 30698013 30698017 30699008 30699024 30700002 30700021 30701006 30702013 30702016 30702025 30703003 30703009 30703018 30703032 30704003 30704012 30704015 30705002 30705016 30705030 30707004 30710010 30711024 30715017 30716004 30720007 30720014 30720023 30720031 30720050 30720054 30720057 30721005 30721012 30723020 30724008 30727005 30727011 30727016 30727039 30728011 30728021 30728040 30728048 30731007 30731026 30731043 30731048 30732014 30735046 30735050 30737008 30737014 30737018 30737021 30737025 30737034 30738014 30739012 30740006 30740013 30740035 30741031 30742002 30743007 30743017 30744024 30748014 30748034 30748037 30749026 30750026 30750041 30751027 30752012 30752033 30754019 30755007 30755012 30755017 30756024 30756030 30757002 30757008 30758010 30758019 30759017 30762006 30762011 30762021 30763002 30763014 30763018 30764002 30764011 30764018 30764029 30765008 30765018 30765028 30765034 30765051 30766002 30766006 30766017 30767022 30767031 30768025 30773023 30773032 30778022 30779002 30779028 30780007 30780020 30782011 30785004 30788017 30789020 30790013 30792002 30792027 30796021 30798026 30802015 30802020 30802023 30802040 30803022 30804015 30804025 30805011 30805031 30805036 30810008 30810017 30811006 30813038 30814015 30815006 30815018 30816006 30819004 30820036 30820050 30821006 30824019 30824022 30825011 30825020 30825035 30826003 30826025 30826035 30828014 30828020 30830005 30830015 30834003 30839005 30840031 30847006 30847012 30847017 30848013 30849002 30850002 30860008 30862007 30865002 30871014 30871037 30871046 30876013 30878016 30879015 30880002 30885029 30886035 30889002 30890002 30890020 30891010 30891017 30894011 30899021 30901008 30902053 30903005 30904030 30905007 30905015 30906012 30906023 30907014 30909010 30913002 30913009 30913018 30913025 30915002 30918004 30921006 30922015 30923020 30925028 30926010 30928017 30928026 30930015 30930030 30930035 30931032 30932003 30938019 30938023 30940040 30942014 30943002 30945020 30950002 30950006 30951006 30953017 30953026 30961017 30961022 30964008 30964024 30966003 30966018 30966026 30970009 30970016 30974027 30976020 30984078 30985034 30987023 30988016 30989012 30990030 30992008 30993008 30993020 30996004 30998011 31000008 31000011 31001005 31001021 31002009 31002018 31002030 31003020 31005026 31009017 31010013 31010025 31011007 31012005 31013002 31013008 31013013 31013045 31014022 31017025 31017036 31019024 31020031 31022004 31022029 31025002 31025008 31028011 31028031 31030024 31031013 31033011 31033017 31035013 31037014 31039004 31041002 31042036 31043008 31043029 31043032 31043066 31045016 31045042 31045045 31047002 31048002 31050009 31051043 31052036 31057029 31057039 31059002 31060002 31061019 31062002 31078019 31085009 31086026 31088014 31089002 31090002 31090023 31091002 31092016 31092029 31095002 31095010 31096002 31096027 31097003 31097013 31098029 31098035 31099002 31099015
ia|3|23749023 24636022 24928002
iakang|4|24981007 24997013 25614003 25617003
iakange|2|25809008 28168009
iaku|2|23450012 29045033
iakung|1|25468019
iamange|1|29414026
ianeng|1|29113034
ianu|1|27481009
ianụ|1|24308005
iapakaghising|1|30488021
iapakaghěngging|1|28676017
iapakahole|1|23313018
iapakaitung|1|23271016
iapakal᷊aedě|1|25168012
iapakal᷊ahe|3|28241029 28871023 30380030
iapakal᷊awọ|1|25758013
iapakal᷊iwirě|3|26415026 28076009 29381019
iapakaonodě|1|30907016
iapakapate|1|24786008
iapakapian|1|25304007
iapakapul᷊e|1|24504005
iapakarange|7|23931012 25565010 25703039 26135021 26613008 26615028 30382049
iapakarěndung|1|24742009
iapakasal᷊amatě|12|23971010 24731021 26245018 27454012 28057019 28058035 28141006 28278023 28601031 29721008 29889022 30402023
iapakasal᷊an|1|30600009
iapakasanạ|3|23931006 25565006 25703030
iapakasaria|1|23254043
iapakasusin|1|30376073
iapakatadiseng|1|28481019
iapakatode|1|30467040
iapakatoghasě|1|29477008
iapakatạdịe|1|29669019
iapakawala|7|25307006 26864013 29026043 30725018 30735020 30988019 31095012
iapakawalan|1|28336004
iapakawantugu|1|26663014
iapakawantugě|8|26682020 26708009 28134053 28364015 28821037 29373018 29382044 30467036
iapakawinasa|1|30530032
iapakawira|1|23271014
iapakạdiadin|1|27347019
iapakạděmmasě|1|24637007
iapakạpul᷊e|1|23620024
iapakạsusa|1|28909006
iapakịbal᷊o|1|26064016
iapamotọ|1|23608009
iapanarimạ|1|23861020
iapangal᷊imona|1|25223022
iapangeken|1|24303029
iapasindạ|1|29657021
iapasombọ|1|28691038
iapasẹ̌bang|1|26729005
iapatědọ|1|24083011
iapěhukungu|1|28470018
iapělẹ̌habar'u|1|25083002
iapělẹ̌liu|1|25082035
iapěndiahi|1|25223028
iapěngẹ̌ngal᷊ing|1|27131020
iapẹ̌bangung|5|23694043 23724012 23812027 25324034 25817009
iapẹ̌bera|1|25202025
iapẹ̌biahě|3|27791029 28748006 28762015
iapẹ̌dal᷊embo|1|30482013
iapẹ̌damen|1|28058013
iapẹ̌dẹ̌dal᷊embo|1|29225036
iapẹ̌kaesě|1|25314027
iapẹ̌kapura|1|25038018
iapẹ̌kẹ̌kahimbẹ̌sọ|1|25341015
iapẹ̌sombang|1|25199021
iapẹ̌sẹ̌sal᷊a|1|27999029
iapẹ̌tul᷊ung|1|29417015
iapạmasaěng|1|24162018
iapạmombengu|1|30409040
iapạngal᷊ạ|1|30798016
iapạngampal᷊ě|1|25215028
iapạnginung|1|25534023
iapạngonggọ|1|25502017
iapạngěntudě|1|30096007
iapạněmbonang|1|25502013
iapạtatingang|1|29092010
iatorě|1|28635040
idal᷊u|1|31003009
igal᷊u|1|30997008
igasu|1|28959046
ighěllị|1|23639016
ighěllịe|1|27059016
ighẹ̌gěllị|2|27325019 28529006
ihabaru|1|27851013
ihabarě|11|23437032 23972011 26039010 26245005 26967031 26968023 27409021 27753039 29074015 30658005 30933019
ihengke|2|26980015 29786009
ihukung|33|23256021 23257015 23318009 23811026 23954007 24055006 24474024 24622026 24890006 25184026 25456012 25457025 25839016 26139007 26235025 26240025 26380007 26612006 26990034 27834038 27975013 28000039 28178023 28272016 28291032 28458044 28633018 29631009 29674015 30321023 30453031 30464016 30977030
ihukungu|9|25958024 26157029 28632014 28633006 29173033 30133015 30162009 30246032 30364010
ihạ|2|25959007 27474016
ihạe|1|24707018
ihạu|1|24704014
ikaal᷊ạ|2|25406016 30328015
ikaampung|2|23521030 30128021
ikadiri|1|29752016
ikaghoghahě|1|29847008
ikahapusě|1|29837021
ikahipe|1|24097020
ikaikị|1|24368019
ikaingkạ|1|30906034
ikakinạe|1|30474022
ikakiral᷊ang|1|28579009
ikakoạ|6|23721044 24763009 25486006 28120004 28121016 29147039
ikakoạ-Ku|1|24116017
ikakoạu|1|28167021
ikal᷊aharong|1|30328007
ikanotě|1|25564006
ikaonggọ|3|24064010 24760017 26288009
ikapahumbisara|1|30111040
ikapake|1|24354021
ikapangaduhang|1|25154013
ikapangangimangeng|1|25632013
ikapangimangeng|3|25631019 25631027 25633010
ikapangěmping|1|27951036
ikapanualagě|1|24354025
ikapate|1|30878039
ikapaul᷊ị|1|29917024
ikapetọ|1|29592007
ikapituan|1|30500020
ikapul᷊is'i|1|28170002
ikaputusi|1|25517004
ikapěharapě|1|28748020
ikapěnsạ|3|28963009 28963018 29196013
ikapẹ̌berang|1|30329003
ikapẹ̌sasihing|1|28135014
ikapẹ̌sunial᷊ě|1|24825019
ikapẹ̌tahutěndạ|1|27964024
ikapẹ̌tataghunalang|1|29196007
ikareạ|3|25593038 25594003 25597029
ikaringih'i|2|24348009 25388030
ikaringihu|1|24210003
ikaringihě|2|31016019 31016037
ikaringihẹ̌beng|1|29888022
ikaroloh'u|1|24680008
ikarolohě|1|28320012
ikarědasě|2|27401043 29000006
ikasame|1|26581031
ikasasilo|7|23301012 27951014 29482020 30174020 30176023 30200031 31050024
ikasasuen|1|28861021
ikasihing|2|24350016 24354008
ikasilo|16|23444010 23988008 24744009 25263006 25852010 26141021 28105037 28878014 28878025 29318007 29319004 29522015 29670003 29714021 30352022 30559013
ikasilom|1|28371022
ikasilon|4|23284014 23288022 25388017 30180017
ikasilong|1|23320020
ikasilonu|2|26095031 30709007
ikasuratě|1|27823044
ikasěbạ|2|24929030 28728011
ikasěmba|1|28588010
ikatakụ|1|25465034
ikatarimạ|6|23790021 23849013 25630029 26499013 28320040 28439060
ikatarimạben|1|28335022
ikataweng|1|30540023
ikatighad'i|1|23676035
ikatikạ|2|25516027 25889014
ikatiněnnan|1|29450007
ikatokol᷊u|1|23722009
ikatokol᷊ě|1|24568008
ikaumal᷊'i|2|28936009 28944012
ikaumal᷊'u|1|28252045
ikawal᷊i|2|30123006 30123017
ikawal᷊ụ|1|24064005
ikawal᷊ụbe|1|24760003
ikawantelě|1|24929027
ikawasa|1|28814013
ikawatạ|4|23691026 28745004 29390024 29805005
ikawatạu|2|28882063 30521028
ikawera|3|28852002 28998015 30383041
ikaweran|1|29026038
ikawerang|2|28024004 28148002
ikawerawe|1|25821013
ikawerạe|1|28095016
ikawihing|1|30049010
ikawuni|1|23249012
ikawěnsing|1|25169006
ikawěsụ|1|25690019
ikaědung|1|30868027
ikaěndung|1|30930029
ikitangu|2|23734022 24368021
ikomol᷊ě|3|23205013 24042008 25043015
ikoạ|1|30150007
ikuruisě|1|25999012
ikěkapulun|1|26287008
ikěndagě|1|28181023
ikẹ̌kadirinu|1|26917048
ikẹ̌kaharo|1|30327013
ikẹ̌kahiorọ|1|23359015
ikẹ̌kakiral᷊a|1|25191005
ikẹ̌kal᷊ipomponge|1|24428051
ikẹ̌kameang|1|28090016
ikẹ̌kapanda|1|29088014
ikẹ̌kapulu|1|30744013
ikẹ̌kapulu'm|1|23859016
ikẹ̌kapulun|9|23241006 24625003 25026012 26180024 28235019 28938029 29051034 29322007 30144007
ikẹ̌kapulune|1|24302013
ikẹ̌kapulung|5|23208020 23329006 29047009 29180036 30567007
ikẹ̌karingihu|1|27544009
ikẹ̌karingihě|3|27545026 28206015 30929021
ikẹ̌karingihẹ̌ku|1|25623011
ikẹ̌karạdiahangu|1|28646003
ikẹ̌kasaghipo|1|30231023
ikẹ̌kasilo|12|23946023 25636011 28878008 28878016 28885016 29089005 29344009 29482017 29518004 30176017 30567014 30624032
ikẹ̌kasilon|2|25672025 26933012
ikẹ̌kasilon'E|1|26230022
ikẹ̌katakụ|1|25465009
ikẹ̌katangkạ|1|29190007
ikẹ̌katarimạ|1|27917043
ikẹ̌katiwạ|1|29774001
ikẹ̌kawasang|1|28844021
ikẹ̌kawatạu|1|30520019
ikẹ̌kawěnsingu|1|30996037
ikẹ̌kaěnningu|2|30468025 30568006
ikẹ̌keken|1|30387058
ikẹ̌koạ|2|27186026 28908004
ikẹ̌kědon'E|1|30888032
ikẹ̌kěndag'E|2|29306010 30219008
ikẹ̌kěndag'i|1|27468029
ikẹ̌kěndag'u|3|26654002 26919012 29675005
ikẹ̌kěndage|2|25198009 29213008
ikẹ̌kěndagi|1|29557004
ikẹ̌kěndagu|5|26906002 27932006 28238040 30674009 31048017
ikẹ̌kěndagě|47|23210011 23706025 24227013 24546020 24680018 25048027 25128020 25793017 26709020 27706009 28451020 28582008 28777008 28910005 28918005 29151003 29404008 29444008 29473012 29479018 29550006 29791043 29811003 29951005 29955023 30054006 30283010 30286010 30299008 30411005 30459005 30479024 30497030 30524005 30537007 30538021 30540008 30552003 30558005 30582005 30601006 30605005 30611005 30615005 30670005 30676005 30690008
ikẹ̌kěndagẹ̌-Ku|1|23508009
ikẹ̌kěndagẹ̌ben|1|26719012
ikạdirin|2|25324014 25677010
ikạpangane|1|30329018
ikị|2|23570019 24581022
ikịko|1|27346009
ilahe|8|27840036 28121008 28135019 28136012 29126020 30311007 30316007 30460019
ilahunggeě|1|24680035
ilesạ|4|28989012 29020009 29028024 29029009
ilesạu|1|29011018
illěsọ|1|31046011
iluheng|2|23308019 23314022
ilungguhě|1|28607019
ilěbing|1|30882025
ilěngangu|1|27630036
ilẹ̌ahạ|2|28098048 28834017
ilẹ̌akun|1|29068011
ilẹ̌akung|1|28115022
ilẹ̌ator'u|1|27978007
ilẹ̌atoru|2|27977019 28269016
ilẹ̌atorě|1|28505029
ilẹ̌habar'i|7|23973009 27115037 27401050 27599046 28385036 28863004 29676010
ilẹ̌habar'u|3|23196005 23470007 27123005
ilẹ̌habare|1|27239016
ilẹ̌habari|5|28197023 29066008 29660031 30544012 30546010
ilẹ̌habaru|3|27543028 27552023 29750001
ilẹ̌habarě|11|26650005 26711005 27464018 27527032 27547054 27783011 28362019 28720019 28721009 29084030 29836005
ilẹ̌hengetang|1|30729008
ilẹ̌hengetangu|2|30760008 30769007
ilẹ̌hengke|1|27302018
ilẹ̌humpạ|2|28865003 28875017
ilẹ̌iaking|1|28825011
ilẹ̌lahe|1|25678006
ilẹ̌lahẹu|1|28362030
ilẹ̌lahunggeě|1|28274037
ilẹ̌langgange|1|29017008
ilẹ̌lansị|1|29441022
ilẹ̌lesạ|3|28931030 28957022 28960018
ilẹ̌lesạe|1|30567018
ilẹ̌liagẹ̌ku|1|29444026
ilẹ̌lirungu|1|29492011
ilẹ̌lundang|1|29037022
ilẹ̌l᷊irung|1|29261025
ilẹ̌ondol᷊'u|1|24492016
ilẹ̌onggọ|3|25884026 29642006 30137005
ilẹ̌onggọu|1|28298032
ilẹ̌oro|1|26714012
ilẹ̌oron|1|23350030
ilẹ̌orong|2|26241013 30603025
ilẹ̌ul᷊ị|1|26186012
ilẹ̌umbala|1|28848015
ilẹ̌unsandehě|1|27785008
ilẹ̌ěningku|1|28107008
ilẹ̌ěnning|5|27625010 28122012 29382004 29432004 30567016
ilẹ̌ěnning'E|1|30263040
ilẹ̌ěnningu|1|28122029
ilẹ̌ěnsil'i|2|25950040 27763012
ilẹ̌ěnsilu|1|27826022
ilẹ̌ěnsilě|1|25590009
imang|157|23174007 23350015 23495018 23694026 23811016 23842003 23850020 23852016 23858015 23872004 24058005 24069018 24102033 24106015 24113011 24114002 24117002 24118009 24120002 24131004 24133028 24136002 24142006 24150003 24171004 24192008 24207024 24208002 24260011 24286022 24286064 24532023 24622017 24659002 24668019 24672003 24675012 24756015 24765017 24798029 24802013 24808007 24808011 24809013 24810002 24815002 24816015 24818002 24821012 24823028 24828009 24830002 24837007 24838003 24858004 24899013 24899024 24899033 24902015 24903008 25028004 25122017 25151037 25324019 25395005 25666014 25779010 25781022 25799006 25867002 25869010 25915009 25917008 25919010 25931007 25940009 25946002 25949005 26012002 26064007 26361020 26374013 26571007 26573007 26575016 26581007 26591004 26789025 26796011 26799018 26801018 26801031 26808023 26812003 26821022 26832004 26841026 26847002 27024013 27029022 27046023 27077002 27081026 27084009 27087011 27109022 27218018 27231012 27238040 27600011 27735028 27738007 27739014 27740016 27749007 27799003 27812008 27834017 27836013 28320022 30030007 30032002 30035011 30035016 30066009 30068040 30070011 30073002 30076019 30076040 30078024 30079030 30080013 30081005 30082013 30085019 30086034 30088007 30092006 30093013 30096002 30097014 30097019 30098006 30099010 30099018 30112010 30113010 30145002 30155010 30252017 30253012 30405027 30409008 30704009 30790011 31045041
imange|4|23494035 30077006 30086007 30089014
imangu|2|30076005 31045036
inang|8|23402017 23792014 24489002 24619028 24735015 25300012 26443028 26444015
inang-iamang'E|1|26300016
inang-iamange|1|25718015
inangu|1|30981018
ingate|6|23182006 23710013 24548012 29166005 29494016 29842006
ini|1396|23146030 23151014 23157015 23163002 23175014 23185017 23196003 23196013 23207020 23208010 23208015 23216024 23219008 23256014 23257003 23262008 23263002 23266005 23267002 23268014 23269002 23273008 23274002 23278008 23279002 23292004 23294006 23313006 23317018 23340014 23341006 23343006 23355053 23356029 23356043 23386010 23393008 23404011 23413021 23452010 23460009 23470010 23471004 23472008 23476007 23483044 23485021 23489013 23496005 23508002 23513011 23522031 23529008 23531012 23531038 23532017 23535046 23539014 23555004 23557017 23557031 23575027 23578006 23584009 23585009 23594034 23600011 23602009 23606019 23613016 23613024 23642003 23642007 23666015 23667018 23667022 23676010 23677008 23691018 23696014 23699009 23705016 23718008 23721031 23721039 23722005 23726032 23732009 23733009 23734008 23735005 23738011 23747008 23751012 23763008 23772003 23775041 23777024 23793005 23794011 23811004 23814019 23837016 23843027 23848024 23848037 23850041 23851032 23854036 23855009 23855038 23860005 23882015 23885016 23887008 23893015 23897011 23928010 23935010 23937004 23955009 23958005 23960025 23979019 23992012 24001002 24010016 24022008 24023014 24041005 24050012 24054017 24081031 24083002 24084008 24086010 24089009 24094027 24097013 24103012 24109023 24119012 24121002 24126023 24136010 24136019 24138006 24149011 24149033 24154042 24173026 24184027 24194035 24211029 24218010 24218012 24223007 24241012 24243016 24254021 24259009 24271002 24271012 24273032 24305002 24306012 24323015 24326017 24348011 24355011 24365016 24372016 24373017 24374021 24416006 24424013 24426016 24433024 24443016 24444006 24444023 24445032 24470019 24477023 24503008 24503019 24505008 24505018 24513011 24524038 24526011 24528027 24530011 24534017 24539013 24542009 24544016 24558011 24560014 24564032 24576008 24581010 24603031 24604002 24619009 24620007 24620016 24622006 24655011 24658020 24665004 24669011 24680004 24684008 24684021 24690020 24693015 24705004 24717013 24737021 24748004 24748014 24755004 24763003 24764015 24773016 24775014 24777031 24780010 24785007 24791017 24813006 24819013 24853012 24866022 24881006 24913023 24914029 24932007 24942008 24942012 24976003 24985003 24986002 24997009 25034034 25069019 25073033 25081015 25085009 25085016 25087014 25118026 25132003 25132014 25134026 25144006 25168007 25168019 25171010 25172007 25172019 25174010 25174014 25186009 25204050 25205034 25223009 25224008 25227013 25240018 25250022 25257002 25260027 25314018 25315037 25322010 25327009 25329007 25343008 25346008 25350013 25356037 25369014 25385031 25387025 25388014 25388027 25400009 25408014 25413009 25435021 25436024 25437014 25437037 25438012 25456010 25457023 25476006 25480011 25488006 25499002 25509005 25512003 25516025 25525008 25527012 25534006 25538005 25546017 25551012 25552010 25554016 25563017 25578015 25592007 25601013 25613003 25615016 25623015 25630013 25630022 25645025 25646024 25647018 25649021 25677013 25694005 25697023 25698006 25702028 25705029 25706011 25719011 25720014 25737026 25741007 25745019 25746024 25752008 25759003 25772012 25774007 25774016 25778010 25782018 25789010 25794022 25797016 25804012 25808009 25814008 25850019 25850031 25853014 25855013 25856007 25859011 25862015 25881009 25881015 25882019 25883005 25883014 25884030 25885016 25899012 25901002 25902009 25902035 25907012 25918017 25926023 25932013 25934005 25935009 25938016 25940024 25941023 25942011 25948013 25950009 25950020 25951019 25967011 25971022 25974009 25979008 26009012 26010025 26013015 26021018 26036010 26041021 26060013 26073002 26106034 26112016 26113008 26114033 26115006 26116014 26126007 26133012 26140006 26147029 26150030 26168010 26169009 26169019 26170006 26175014 26176002 26177010 26178018 26194002 26199012 26221017 26228016 26235005 26239007 26245002 26247013 26265018 26267020 26272015 26287006 26297003 26298002 26300007 26303009 26309016 26310013 26316002 26316031 26318017 26328012 26332015 26336002 26344011 26345006 26354012 26355028 26356025 26357024 26360028 26364012 26369016 26378004 26386009 26387015 26387025 26396011 26399008 26416004 26419007 26433004 26435017 26435027 26443015 26446006 26459016 26460005 26460017 26461011 26466026 26478016 26480008 26483004 26489010 26498014 26523025 26528011 26532018 26533026 26546008 26550019 26551019 26566015 26571027 26572008 26580031 26605004 26606016 26608010 26608020 26608030 26612009 26627005 26632017 26638015 26642019 26646005 26647004 26649005 26650002 26650009 26651005 26652018 26662010 26668010 26681004 26698009 26700033 26711002 26712002 26717003 26719026 26722019 26724023 26731002 26731027 26732002 26733002 26738011 26739010 26749006 26751003 26752002 26755015 26756012 26758013 26760002 26761013 26763002 26764008 26766011 26773010 26775013 26780006 26780023 26785018 26794026 26801014 26820006 26822009 26822016 26822044 26847016 26850014 26857025 26883044 26898022 26899003 26900016 26917003 26920016 26923008 26926003 26928016 26930018 26942003 26944012 26944029 26948037 26957010 26962015 26964045 26965003 26965012 26966002 26972011 26979037 26982003 26983022 26990030 27009019 27009034 27013014 27013038 27014006 27021028 27022033 27032007 27033018 27033022 27034004 27039011 27039025 27040004 27050025 27052002 27052018 27068018 27080014 27085009 27085022 27095028 27098002 27098008 27098015 27098027 27105033 27115022 27116019 27121027 27121041 27122010 27123003 27124029 27152003 27152017 27159029 27162025 27165021 27169035 27177012 27187023 27204046 27209002 27211019 27223002 27230012 27231003 27255039 27259002 27281012 27289018 27290010 27293024 27299004 27307005 27320022 27330006 27332003 27349016 27355032 27378038 27380015 27385016 27388016 27394032 27395003 27396032 27397012 27401016 27403017 27404019 27409052 27410003 27430008 27430038 27453011 27453020 27458016 27465044 27466013 27469003 27470036 27471022 27501015 27502040 27504020 27518026 27520026 27521031 27521054 27530040 27530047 27542018 27548005 27552016 27554010 27556033 27564048 27568020 27571005 27571007 27572018 27572035 27573002 27573034 27579027 27601020 27611037 27612002 27613007 27618017 27623003 27623008 27626008 27626036 27645025 27651008 27652024 27659002 27662017 27676024 27676035 27676040 27678013 27686003 27687002 27693007 27693033 27693055 27699009 27708058 27731015 27731022 27736019 27750002 27750055 27752014 27753028 27756042 27757015 27760009 27762002 27772013 27774023 27775006 27778014 27780025 27790006 27791007 27791018 27792021 27795031 27807007 27821013 27823041 27825025 27830002 27840029 27844005 27846004 27846027 27852021 27853027 27853037 27855011 27856008 27865035 27877048 27878002 27878033 27887018 27904023 27925022 27926010 27927005 27928021 27938007 27941014 27980003 27987008 27997040 27998018 28013002 28014021 28018003 28020005 28023002 28026014 28029039 28036010 28040007 28050028 28052007 28053003 28058021 28059026 28065056 28079020 28084002 28086015 28087009 28088040 28090015 28091003 28098003 28098039 28105004 28113005 28116004 28116031 28116041 28118002 28135007 28137025 28139007 28148005 28153008 28157004 28157033 28165007 28166002 28169011 28170005 28173024 28176032 28185006 28186005 28189013 28189015 28195020 28197004 28204018 28207024 28208021 28209011 28210010 28215004 28218009 28218021 28223002 28223015 28235036 28236019 28240009 28241008 28244008 28268023 28273023 28278009 28278029 28307019 28313021 28314005 28315002 28316002 28319014 28327002 28329003 28332006 28359004 28363002 28365080 28386016 28387017 28388018 28391012 28391027 28392016 28401020 28401031 28403008 28407010 28413023 28431005 28433005 28433010 28445003 28447021 28447025 28448005 28465045 28470020 28479011 28494005 28495031 28496016 28498011 28498019 28500007 28503024 28513008 28517005 28519023 28519032 28521012 28522050 28523005 28523015 28535023 28538004 28544012 28549005 28553007 28556016 28559011 28560002 28579027 28583018 28585022 28594009 28596009 28614009 28617007 28618003 28619018 28625025 28626013 28626027 28626031 28627010 28633022 28635018 28674012 28674028 28674046 28678005 28678026 28679003 28689003 28700008 28700022 28716028 28717005 28720002 28725022 28729014 28738013 28738022 28739011 28746008 28751025 28751045 28764007 28767003 28768006 28770004 28785009 28789044 28813020 28814019 28832002 28840040 28840056 28843003 28847016 28852017 28856010 28857002 28860002 28861006 28864005 28867016 28871030 28873009 28877007 28879016 28880005 28882012 28882038 28882061 28884025 28886017 28888025 28890002 28894029 28901031 28901040 28924050 28926002 28928045 28932002 28939014 28939022 28940042 28943005 28943031 28944002 28946023 28953017 28955033 28960003 28966008 28973002 28973015 28976010 29000002 29002004 29006025 29007007 29007019 29026009 29036018 29037002 29039022 29045004 29046030 29048015 29054009 29062026 29064017 29067008 29078005 29081014 29084044 29091020 29099036 29102002 29102016 29102019 29105007 29106019 29109012 29111035 29120007 29128002 29135021 29141003 29141033 29147011 29148004 29151006 29152008 29157022 29161020 29162012 29163008 29164003 29165018 29170009 29177010 29179004 29184018 29200004 29203037 29211003 29217024 29228034 29232010 29232024 29242041 29243002 29249015 29254016 29257013 29258005 29261017 29262007 29282019 29290011 29313010 29321012 29337002 29350020 29351004 29358011 29367013 29369038 29371002 29376013 29378003 29382030 29384007 29385011 29389004 29392032 29392037 29394011 29404025 29429014 29430019 29431022 29438003 29438021 29440011 29441035 29443008 29453019 29454003 29465006 29482033 29488002 29490002 29492019 29499003 29508020 29515016 29515029 29516007 29526002 29528004 29546028 29552040 29554027 29559003 29561009 29587038 29597002 29599003 29605024 29605031 29612005 29614003 29619006 29622015 29623013 29630004 29633013 29649014 29657007 29663020 29665017 29689015 29690005 29693012 29696011 29696013 29698010 29712004 29712018 29713022 29713024 29715004 29724024 29733004 29746019 29747036 29756025 29757003 29771004 29773007 29785022 29791051 29796009 29796019 29802003 29802030 29806007 29811010 29820003 29822007 29836002 29839004 29842012 29847015 29855002 29872009 29877023 29879002 29881013 29887031 29894011 29898032 29921031 29922002 29932002 29940034 29948012 29948020 29949020 29950011 29951002 29952029 29955002 29960006 29966004 29966016 29966031 29967026 29969008 29969021 29969034 29970011 29970017 29971010 29976003 29983022 29984013 29986036 29987041 29991019 29997019 30002020 30003012 30011003 30011013 30014007 30015002 30018026 30018055 30019014 30020008 30022037 30036032 30038007 30055042 30066003 30068003 30069015 30080003 30083003 30084018 30094004 30097007 30098045 30099003 30103003 30103006 30111037 30111042 30115009 30117052 30130032 30132016 30132020 30147004 30155005 30173003 30177050 30186040 30191012 30211002 30215056 30221011 30233022 30238042 30239011 30250010 30256004 30258010 30262016 30264010 30264016 30265027 30280011 30286003 30294030 30297024 30299013 30302018 30318004 30342032 30351008 30351032 30353017 30354004 30360010 30375003 30378036 30381009 30383023 30385002 30392036 30395019 30399007 30403007 30406008 30407024 30410011 30410025 30411015 30425013 30430004 30431016 30435007 30446012 30446018 30447009 30449011 30451002 30459010 30465008 30467014 30471035 30478003 30478038 30481039 30483017 30484037 30494012 30497026 30500009 30516028 30523010 30524007 30524017 30527010 30530006 30530019 30531008 30541029 30542003 30545006 30546002 30552008 30558008 30559007 30560027 30566004 30566011 30567005 30569021 30572005 30576003 30577004 30581032 30582007 30583006 30588023 30590002 30591008 30596003 30606003 30607008 30607037 30607044 30608030 30618024 30621031 30625007 30627003 30629010 30636002 30644016 30645041 30645047 30647011 30651017 30673028 30676025 30676033 30692003 30698031 30699003 30700011 30701012 30701026 30709015 30717012 30718002 30719007 30722002 30726008 30730009 30730011 30736009 30736011 30737037 30738003 30740032 30748008 30748010 30754008 30754010 30756002 30761008 30761010 30768021 30770038 30782017 30782021 30783022 30793024 30811005 30824017 30871031 30885022 30888021 30891023 30891046 30902011 30902021 30902034 30913032 30918011 30939004 30940010 30940014 30948026 30950019 30961015 30973028 30984009 30984070 30987008 30987029 30989004 31001030 31001038 31004021 31010010 31012028 31013027 31024038 31027008 31027026 31034009 31044002 31053017 31057012 31059013 31059028 31059032 31087010 31088002 31088023 31089009 31090044 31091017 31091023 31093002 31097019 31098016 31099011 31099019 31099026 31099047 31100009 31100024 31101008
ini-ini|1|30351018
inie|3|28677032 29668008 30996018
injil'u|4|23562011 24343021 24894007 27674015
injilu|2|29919012 30458009
injilě|23|23560011 23561021 23562024 23563013 24339012 24340012 24341002 24341022 24342012 24344014 27563018 27592033 27945006 27947009 28684031 29064026 29065005 29065010 29066004 29067017 29566030 29676009 30458004
intang-paramata|1|28423015
inumang|12|23943010 24909018 25861012 26166017 26167014 26313011 28266018 28572003 29912036 30116009 31000025 31000033
inumange|1|26169017
inungang|4|23308014 23815023 24627026 24628024
inungange|1|28298012
inungangi|1|23314016
iněngen|1|23956027
inụ|1|29526021
ionggọ|18|23219012 23870017 24070008 24431021 24475015 24996023 25070031 25447012 25491017 25740018 26171009 26171021 26285026 26309025 26696008 26750028 27003019 28754016
ionggọu|1|23316017
ipahiạ|1|26995013
ipahumbisara|1|29777033
ipahuntěngad'i|1|23746016
ipahuntěngadě|1|23746023
ipahěte|2|28771015 29620012
ipaipi|1|26967056
ipakaghanape|1|29216022
ipakaghanapu|1|29217028
ipakaghaě|1|27020011
ipakagholọu|1|30294028
ipakahěngisu|1|31002021
ipakakakoạ|1|28483025
ipakakoạ|3|25746025 30093012 30879035
ipakal᷊ahe|7|25881017 26619020 26623021 28704007 29522023 30314009 30598021
ipakal᷊iu|1|30208023
ipakal᷊iwirě|5|26414014 27401037 28138007 28138015 30505010
ipakamea|2|30406033 30970022
ipakapate|1|23439013
ipakariadi|1|31059018
ipakasal᷊amatě|11|24971010 25326023 25855018 26971011 27035009 28199023 28901042 29062022 29675035 29988039 30173023
ipakasingkạ|1|23508024
ipakasuem|1|28669008
ipakasukụ|2|29871011 30213024
ipakasusang|1|28828023
ipakasusi|3|30128012 30129013 30223040
ipakasěhụ|1|27397040
ipakasěhụ'E|1|24966016
ipakasịgěsạ|1|23435017
ipakatei|1|27459027
ipakatutung|1|30053023
ipakaul᷊e|2|27053007 30371016
ipakawala|5|24464032 26463036 26974023 27163015 30768007
ipakawalam|1|30505007
ipakawantugě|3|26604010 29988026 30458033
ipakawantugẹ̌-sěngkakawantugě|1|28138018
ipakawinasa|1|27020017
ipakawinasan|1|30530016
ipakawontogě|1|28446017
ipakaěnsu|1|29977023
ipake|4|23527010 28082014 28082046 29156003
ipakihukung|1|25471010
ipakikinạ|1|26310018
ipakikoạ|1|26764013
ipakikuruisě|2|24161023 26842011
ipakipěpẹ̌pake|1|29751019
ipakiraringihě|1|29761014
ipakisunatě|2|29094051 29202017
ipakitutung|1|28669018
ipakiwera|1|29026044
ipakạl᷊aed'u|1|24947005
ipakạpul᷊e|1|24947011
ipakạpěnis'u|1|25385032
ipakạsal᷊amat'u|1|28382023
ipakạsusi|1|29753011
ipakịhabarě|1|27401022
ipakịkoạ|1|25662012
ipakịluhe|1|31026009
ipakịsawuhě|1|29708006
ipakịul᷊ị|1|27293039
ipamal᷊isě|1|25568012
ipamal᷊ui|1|30879033
ipaminasa|1|30878019
ipaměnsạ|1|23418010
ipanahuntěngadě|1|25122038
ipanal᷊ukạ|1|25896007
ipangakal᷊ě|1|28862020
ipangambung|1|23933026
ipangampung|1|24083014
ipanginung|1|31060030
ipangirul᷊e|1|30023011
ipangomol᷊ě|1|23989012
ipanguntang|1|30505027
ipangurusě|2|28469041 28962016
ipangěnsilě|1|24117020
ipanukạ|3|23319019 24348014 31069013
ipanukạu|2|23319028 24348022
ipanukụ|1|29601020
ipanunsara|1|30851019
ipanupan|1|25185033
ipanupang|1|25185027
ipanuwang|1|23203005
ipaněngkul᷊ě|1|29870018
ipaněntiro|1|25690009
ipaněntirong|1|29870013
iparal᷊engu|1|24657010
ipasuě|1|30409035
ipaul᷊ị|12|25236012 26067023 26408004 26420010 26664030 27223013 27752026 28973011 29026005 29120004 29619010 30001017
ipi|6|23182011 23183016 23189023 23192037 26967053 28736013
ipine|1|23165014
ipěbẹ̌bera|1|26258022
ipěbẹ̌biahě|1|27552009
ipědẹ̌dal᷊ahikingu|1|26175012
ipědẹ̌dal᷊embo|2|28946049 28965008
ipědẹ̌darendeh'i|1|24555003
ipědẹ̌darereh'u|1|23622015
ipědẹ̌daringihě|1|27545021
ipěhabaru|1|28675011
ipěhanạ|4|26124015 26125008 26126011 26128010
ipěhukung|1|30414009
ipěhěndingu|1|24936018
ipěkẹ̌kakeken|1|30903024
ipěkẹ̌kakiwal᷊o|1|26746041
ipělanging|1|30405013
ipělanisě|1|24875023
ipělaụ|1|25589009
ipělikụ|1|25775014
ipěliwirě|1|23821020
ipěllọ|5|24147021 25126026 25958034 30136030 31042039
ipělẹ̌habar'u|1|28381011
ipělẹ̌habarě|1|29724014
ipělẹ̌heghesě|1|28444034
ipělẹ̌hengetang|1|26425009
ipělẹ̌hengetangu|1|30753008
ipělẹ̌hodatě|1|30727024
ipělẹ̌hěgo|1|30980022
ipělẹ̌lahe|2|29035021 29390018
ipělẹ̌loho|1|27550014
ipělọ|1|25952010
ipěmaehě|1|23753022
ipěmahang|1|29030027
ipěmal᷊isě|1|29637008
ipěmanikạ|1|30757030
ipěmihing|1|29870023
ipěmurẹ̌si|1|30254015
ipěmẹ̌mol᷊eng|1|30896003
ipěnagheghe|1|28906032
ipěnahani|1|28381007
ipěnalang|1|28686019
ipěnal᷊iu|1|24538006
ipěnal᷊udě|1|29518030
ipěnal᷊ukạ|1|30728026
ipěnanudě|1|25074015
ipěnasa|1|29870016
ipěndokạ|3|23522008 25470006 27833012
ipěndědasě|1|30160027
ipěngahạ|1|29898026
ipěngakal᷊ě|1|24740022
ipěngal᷊amateng|1|28946047
ipěngal᷊uang|1|26800015
ipěngampung|1|30253008
ipěngaweng|1|26948043
ipěnggoghahě|1|28980033
ipěnggolọ|1|30744042
ipěngirul᷊e|1|30016013
ipěngěntung|1|26513009
ipěnilakehu|1|23527011
ipěnumea|1|28391014
ipěněbusě|1|30134011
ipěněnsomahě|1|31056029
ipěnẹ̌name|1|27231014
ipěnẹ̌nighe|2|28976028 29354014
ipěnẹ̌nokol᷊ě|1|27599027
ipěpẹ̌pake|1|31083029
ipěpẹ̌pělli|1|27316015
ipětẹ̌tahino|1|24686021
ipětẹ̌tahuěllang|1|29993013
ipětẹ̌těngkawěbahě|1|24557010
ipẹ̌bal᷊ui|1|28771039
ipẹ̌bangung|8|23901007 24532040 24700005 25568027 25815005 26302025 26312016 30208026
ipẹ̌bawěke|1|24068015
ipẹ̌bera|3|25842007 26608007 30672005
ipẹ̌berane|1|24545010
ipẹ̌berang|3|25472004 28070004 28099005
ipẹ̌biahe|1|24718030
ipẹ̌biahě|11|26298025 27727031 28732006 28741015 28742005 28751036 28754010 28771029 29433009 29620036 30310027
ipẹ̌binsị|6|23440004 24731004 25169005 25843004 25844004 28169022
ipẹ̌bẹ̌bal᷊on|1|25223005
ipẹ̌bẹ̌bawuni|1|26864027
ipẹ̌bẹ̌bera|2|24755003 24755009
ipẹ̌bẹ̌beranu|1|24932018
ipẹ̌bẹ̌biahu|1|28296005
ipẹ̌bẹ̌biahě|2|29102018 30568018
ipẹ̌bẹ̌bimbong|1|26506022
ipẹ̌bẹ̌binsị|1|30724024
ipẹ̌bẹ̌binsịkue|1|28107016
ipẹ̌bẹ̌binsịu|1|26336013
ipẹ̌dal᷊ahabari|1|29494006
ipẹ̌dal᷊ahabarě|3|26039029 28173035 29380023
ipẹ̌dal᷊embo|2|23552014 28222035
ipẹ̌dal᷊ěkun'U|1|29976006
ipẹ̌dalọewe|1|30414015
ipẹ̌dararagi|1|29490023
ipẹ̌darerehe|1|29287012
ipẹ̌daringihě|1|27168023
ipẹ̌daruruhu|1|29287014
ipẹ̌děndokạ|1|28977008
ipẹ̌dẹ̌dal᷊ahabarě|1|25637032
ipẹ̌dẹ̌dal᷊embo|2|28201029 29806034
ipẹ̌gěllirangu|1|26948040
ipẹ̌gěnggoghahě|1|29054050
ipẹ̌gẹ̌gaghinggeng|1|25220030
ipẹ̌hanạ|1|26125027
ipẹ̌kakakempang|1|28377005
ipẹ̌kakal᷊ikụ|1|23290006
ipẹ̌kakeke|1|24728008
ipẹ̌kal᷊iaesě|1|26759011
ipẹ̌karadiahang|1|25533024
ipẹ̌kawing|1|28992029
ipẹ̌kẹ̌kakal᷊iu|1|29065015
ipẹ̌kẹ̌kakeke|2|24068008 24764012
ipẹ̌kẹ̌kantarị|1|28686032
ipẹ̌kẹ̌karadiahang|1|28976003
ipẹ̌lẹ̌habar'u|2|24913020 25082015
ipẹ̌lẹ̌hengetang|1|25193014
ipẹ̌lẹ̌hundugě|1|29898011
ipẹ̌matakụ|1|28981011
ipẹ̌nahuntěngadě|1|23744024
ipẹ̌pahumbisaran|1|24518006
ipẹ̌pakasingkạ|1|28994022
ipẹ̌pake|3|23892006 29848024 30519012
ipẹ̌pakẹbe|1|29705012
ipẹ̌pangaduhang|1|27572017
ipẹ̌papahiạ|2|24507037 25318040
ipẹ̌parentan|1|23922013
ipẹ̌paul᷊ị|15|26060017 26068008 26090017 26523021 26694004 26728005 26773013 27211016 27296010 27552002 29473003 29567025 29724023 30651016 30671024
ipẹ̌paul᷊ịu|1|26075006
ipẹ̌puasa|1|25142012
ipẹ̌puhědang|1|24280012
ipẹ̌pělli|1|24285027
ipẹ̌pěllọ|1|27075010
ipẹ̌sahidi|1|25307021
ipẹ̌sake|1|25412014
ipẹ̌sal᷊a|1|28902011
ipẹ̌sal᷊am|1|25184011
ipẹ̌sal᷊an|1|28304020
ipẹ̌sombang|3|24768022 25875018 31015037
ipẹ̌sunial᷊ě|1|25469021
ipẹ̌sẹ̌sahiding|1|24811004
ipẹ̌sẹ̌sal᷊a|1|27978029
ipẹ̌sẹ̌sampuhě|1|25169009
ipẹ̌sẹ̌sarětạu|1|28323001
ipẹ̌sẹ̌sasěbạu|1|30386015
ipẹ̌sẹ̌seke|2|29392023 29392029
ipẹ̌sẹ̌somah'u|1|23622021
ipẹ̌sẹ̌sul᷊e|1|25951014
ipẹ̌tahutěndạ|1|28906034
ipẹ̌tahuěllangu|2|28075036 29141044
ipẹ̌tahěndung|1|28626033
ipẹ̌tal᷊ein|1|24598009
ipẹ̌tampung|1|24041007
ipẹ̌tangkiang|1|29709015
ipẹ̌tatahange|1|27233012
ipẹ̌tatal᷊ahinong|1|29705013
ipẹ̌tatamba|1|27605023
ipẹ̌tatělling|1|27317016
ipẹ̌tul᷊ung|2|28935023 29978024
ipẹ̌těngo|1|23435010
ipẹ̌těngom|1|25839027
ipẹ̌těngon|2|27529053 29488023
ipẹ̌těngong|1|28888008
ipẹ̌tẹ̌tal᷊ahinon|1|25799012
ipẹ̌tẹ̌teghang|1|24732011
ipẹ̌tẹ̌timona|2|28102009 30907009
ipẹ̌tẹ̌tělling|1|27288049
ipạhimatụ|2|29874029 30341029
ipạhumbal᷊ụ|1|28842017
ipạhumbisara|3|28402003 29317009 30080002
ipạhumbisaran|2|23681007 26009007
ipạhumbisarang|1|29983020
ipạhumbisarawen|1|24518017
ipạmangung|1|29054046
ipạmate|1|30856018
ipạmia|2|29575009 29575014
ipạmětị|2|28980027 29042045
ipạnahutěngadě|1|24083006
ipạnal᷊umbaghe|1|24741012
ipạngakal᷊ě|1|29574019
ipạngal᷊imona|1|26149016
ipạngimangeng|1|29754037
ipạnguhasě|1|30446022
ipạngěnsil'i|2|27778028 27966012
ipạnukụ|1|29490018
ipạněnehě|1|28977002
ipạněntiro|2|28603019 28624003
iral᷊aị|1|28113013
iral᷊uasě|1|30732012
irarisịu|1|24856021
irekeng|1|27989015
irolohi|1|26695008
irolohě|2|24303028 24970013
irua|1|24627008
irul᷊e|1|30026010
irul᷊ene|1|30018007
iruị|1|27105028
irědua|1|28960008
irěmme|11|23248020 23257032 23264025 23736030 23737023 25379019 25589013 26706008 28232048 29659011 30505015
irẹ̌dekeng|1|28027009
irẹ̌doloh'u|1|29978021
irẹ̌dolohě|1|29040013
irẹ̌dua|11|25968006 26603012 27044020 27363009 27363011 27469010 27506022 28419001 29336024 30531029 30802029
irẹ̌děmme|1|27874013
isahani|2|27387024 28748040
isahe|1|28332027
isai|1|27964008
isai-sai|1|29543002
isaiewen|1|29173025
isain|5|28486022 28554007 29114020 30121013 30637010
isaing|3|23455018 28430002 28628004
isame|1|25839010
isarakang|21|23436004 23508018 23723021 23811013 23812003 23967008 24057016 24100027 24570012 24622014 24622030 24796031 24997015 25346013 25721004 25999006 26822029 27058002 27676048 27691049 29038019
isaịewen|3|23254030 23792002 25565007
isi|2|23273012 23273014
isihing|5|23476002 25227009 25537015 25539013 28063016
isihinge|1|29193024
isimbah'i|1|25841014
isin|2|30849010 30849013
isine|1|24557015
isowa|1|24136023
istana|5|26814025 26819006 26824017 26835009 29375004
istanang|5|24058015 24843010 26814014 27204012 29465011
isuang|1|28234030
isukạ|2|28877030 29036009
isukạbe|1|28597021
isul᷊e|1|24644023
isunatě|1|29424018
isěbạ|11|23193024 23840023 24926007 24954011 24956010 24970006 25610019 26087029 28163021 29424011 30197011
isěllung|1|25262010
isěmba|1|30113029
isěmbane|1|30096028
isěmbang|1|30257028
isěsẹ̌ba|4|24091011 26839024 27008017 27094009
isěsẹ̌bạ|4|26839030 26999006 30022010 30366003
isẹ̌ba|1|23168015
isẹ̌bạ|6|24658027 24907029 25608005 28181017 28181026 28182017
isẹ̌dingu|1|24500015
isẹ̌sange|1|29121006
isẹ̌sihasan|1|30925014
isẹ̌sihing|3|23643015 24339007 28234039
isẹ̌sunggahị|1|27364018
isẹ̌sěba|1|26843018
isẹ̌sěbang|1|29796014
isẹ̌sěbạ|28|23193007 23228020 24147028 24152011 24163009 24305013 24839017 25969006 26182013 26406040 26410028 26540003 26573004 26650031 26943021 26947017 27111016 27350016 27372004 27529035 27794010 27857028 27870010 27901020 30108009 30109010 31029015 31031015
isẹ̌sěding|5|23492022 23746003 23746011 27288017 30845003
isẹ̌sědingu|1|23692021
isẹ̌sěmba|1|30253004
isẹ̌sẹ̌ba|9|23147019 25248020 26843010 27265009 28654010 29666022 29809020 30009033 30901016
isẹ̌sẹ̌bạ|14|23157041 23420009 24137014 25162011 25866007 25868009 25890018 26213013 26259013 27465038 27864020 28533005 29554006 30971016
isẹ̌sẹ̌bạ'E|1|25161004
isẹ̌sẹ̌dingu|1|23692016
itaho|3|23397029 24283029 25146005
itahungkụ|4|25839022 27764015 27855024 29013035
itakidewe|1|30831021
itantu|1|29804005
itarimạ|8|26368012 27108012 27295014 28047009 28225022 28233018 29712009 29757007
itatal᷊ěntụ|1|30410024
itaweng|1|30919004
itawung|1|30831028
iteledě|2|23660012 24491023
itoke|1|27626019
itokol᷊'u|1|23377014
itonda|2|24727028 30152016
ituhụ|2|27969009 27997044
itul᷊ung|1|29636024
itungkang|1|27059041
itěbọ|1|27120017
itělidě|1|27196012
itěntang|7|23998016 23999011 25686014 25687011 25688012 26687005 26696003
itěntirong|1|29685033
itěpasě|1|27155043
itětạ|1|30464025
itẹ̌takidewe|1|27160009
itẹ̌tal᷊umbaghe|1|29700017
itẹ̌tamang|1|29808006
itẹ̌tikạ|1|28430003
itẹ̌timona|2|24815022 24831019
itẹ̌timonang|3|24080014 24826012 26329002
itẹ̌tiněnna|1|28297009
itẹ̌tuhụ|2|28549009 29528014
itẹ̌těbọu|1|26147024
itẹ̌těntiro|3|26345005 26346013 28451053
itẹ̌těntirom|1|24571006
itẹ̌těntiron|3|23922027 24471011 30732025
itẹ̌těntirong|3|26410052 26420018 27498034
iumbala|2|28172007 29715006
iwahung|11|23203021 23358013 23483019 23582005 23590007 24009008 24581029 24584030 24586028 25035024 31062020
iwalan|1|25776017
iwal᷊a|2|28885007 28885013
iwal᷊ui|1|29443011
iwasa|1|29559005
iwawa|2|24729007 27763018
iwawang|1|27871022
iwera|7|24914003 24914028 26630024 26739005 26972010 28157003 29535014
iweran|1|26954027
iwerang|1|27317020
iwerạe|1|28269009
iwohang|1|25463022
iwohe|1|30866026
iwontol᷊ě|1|23734030
iwunsal᷊ě|1|30505021
iwunạ|1|26630027
iwěnta|3|28400012 28400019 29168016
iwẹ̌bahunge|1|30896012
iwẹ̌bal᷊awuhewe|1|27058013
iwẹ̌bal᷊ụ|3|25466003 28593006 31005025
iwẹ̌basang|1|27207029
iwẹ̌bawang|1|26815018
iwẹ̌bera|2|26760005 28859004
iwẹ̌bera'm|1|23524017
iwẹ̌beran|3|23843011 27112008 29704014
iwẹ̌berane|4|25335050 27408025 30669016 30688032
iwẹ̌berang|9|24401004 24664032 25192027 26118036 27924005 28690008 28931020 29042028 29693007
iwẹ̌bohang|1|27297017
iwẹ̌bokạ|1|30699007
iwẹ̌bunạ|2|26629017 30370002
iwẹ̌běken|1|27189032
iwẹ̌ke|1|24764019
iěndụe|1|27873023
iěntudě|1|25471004
iạ|1083|23178026 23178029 23204019 23204037 23204043 23207012 23321010 23348022 23355002 23355025 23355048 23365013 23367009 23400030 23626014 23656017 23659011 23705021 23761012 23806012 23808004 23808016 23856002 24029026 24030017 24031026 24032018 24033013 24034005 24035018 24035026 24035033 24036017 24070014 24077019 24080012 24088017 24090005 24090011 24127009 24129009 24149029 24152004 24223009 24223017 24223025 24256022 24256028 24372015 24372022 24372026 24393006 24393010 24556010 24563008 24563016 24606027 24609013 24637019 24640024 24724010 24774020 24784013 24786007 24786013 24786019 24836009 24897002 24912002 24913018 24919008 24937004 24938004 24942019 24984008 25004006 25042027 25042034 25070027 25113028 25116018 25116021 25120047 25189014 25203003 25204002 25204012 25204023 25204035 25204046 25274024 25359014 25361018 25363007 25363014 25389018 25399031 25404034 25412010 25473018 25477019 25479002 25526014 25572027 25606019 25607012 25610006 25610018 25618012 25618020 25618044 25624009 25624015 25624017 25624021 25625004 25625006 25625012 25645007 25648009 25660017 25692020 25693018 25694012 25700011 25700016 25700030 25701007 25702025 25707014 25710008 25727010 25728023 25730013 25745021 25749018 25754013 25754022 25754025 25755015 25755017 25759015 25898005 25923023 25925009 25950024 25950031 25952003 25978009 26060023 26060029 26060032 26065006 26068006 26072005 26072012 26075010 26075016 26075019 26076003 26076009 26078003 26078013 26079010 26151007 26166010 26172006 26172010 26176003 26218008 26218018 26222007 26450027 26452025 26452031 26452035 26453013 26456029 26466010 26466022 26466028 26471016 26477013 26546003 26551005 26668004 26812017 26825005 26825021 26830026 26832036 26836013 26841021 26870027 26881023 26883059 26893024 26893051 26914035 26915027 26916047 26975023 26976003 26979007 27014008 27019024 27173005 27200002 27208006 27230005 27281011 27288037 27289010 27289012 27289020 27290011 27293005 27313009 27314002 27314007 27315002 27316002 27316009 27320007 27323004 27324002 27325038 27349017 27349028 27388015 27388036 27388041 27499027 27502033 27514019 27547004 27547019 27564050 27572029 27579021 27599049 27601013 27607027 27645022 27645032 27646014 27647005 27648010 27649011 27649017 27650016 27651002 27651012 27651029 27652026 27653004 27658022 27659004 27661011 27662006 27702015 27704019 27708009 27708019 27708059 27710013 27710039 27711003 27712002 27712009 27713002 27714017 27715002 27716015 27718025 27722008 27722013 27724009 27725009 27725020 27732023 27733020 27736021 27738028 27740005 27741051 27762017 27762030 27763002 27765003 27765026 27774011 27780033 27781015 27782008 27783015 27784003 27784010 27784030 27785004 27786003 27787010 27788003 27790015 27791022 27801012 27807018 27807029 27808002 27808016 27808038 27812002 27812026 27813002 27814009 27814015 27815022 27817002 27817008 27817015 27818021 27818030 27822002 27822031 27823002 27823020 27827017 27828017 27828021 27829007 27829023 27830004 27830010 27831027 27831035 27833002 27833007 27834019 27835002 27835030 27836006 27837004 27837011 27838010 27839002 27843007 27844002 27846006 27846011 27850015 27852014 27853007 27853031 27878005 27881015 27917053 27918013 27918017 27919008 27919025 27920004 27920018 27932027 27936014 27938003 27939008 27940010 27941012 27942002 27942009 27944015 27945002 27946003 28000026 28088007 28102002 28106014 28107002 28108003 28108016 28109004 28110026 28112002 28112011 28113002 28113008 28115002 28115028 28116007 28116021 28116030 28155002 28157009 28159012 28190012 28207002 28213016 28223024 28224004 28224015 28229014 28247015 28249012 28295002 28295008 28313024 28313033 28319006 28320005 28320019 28321003 28321011 28322014 28324017 28326005 28327014 28328003 28328011 28328026 28328033 28329005 28332002 28332020 28333002 28334012 28334030 28335006 28336006 28336015 28339042 28344021 28345011 28356015 28359007 28374012 28378002 28379005 28380010 28381004 28396007 28396024 28397002 28397011 28397015 28398003 28398008 28401011 28412003 28413002 28421007 28437016 28438015 28438024 28440010 28449003 28449033 28449042 28450003 28451004 28452012 28453006 28453021 28455013 28456003 28458002 28458019 28458033 28458052 28462022 28464006 28465002 28480023 28480028 28483017 28495010 28496023 28498016 28513010 28513034 28516031 28541014 28541024 28542002 28542010 28543009 28543029 28544008 28553027 28553035 28553042 28556002 28556012 28556020 28556032 28557007 28557023 28557026 28558008 28558013 28559015 28559030 28560010 28560023 28561005 28561013 28561026 28561038 28561049 28562006 28562023 28562036 28563006 28563015 28563025 28563039 28564013 28567004 28567014 28568011 28568021 28568029 28568039 28588023 28598002 28598018 28598025 28601003 28602004 28604002 28617008 28618005 28619002 28623032 28623042 28623049 28635042 28636010 28650011 28651006 28651011 28666017 28667002 28667015 28668003 28668025 28668037 28677002 28677033 28677039 28678027 28678035 28685003 28685008 28685027 28685034 28685041 28685046 28690003 28690027 28691005 28693003 28694002 28694016 28694028 28697008 28698008 28698030 28720008 28722026 28728014 28729007 28729026 28729044 28729053 28750007 28750014 28778010 28779024 28780002 28780007 28781007 28782012 28783003 28784017 28785004 28787025 28788026 28794017 28798011 28814027 28816009 28817011 28818002 28818022 28820017 28824014 28824021 28826003 28827004 28828005 28828034 28828038 28829033 28830031 28833003 28835014 28837003 28837019 28838002 28838020 28873017 28912002 28924036 28924057 28924063 28925008 28925018 28925038 28929003 28929009 28931016 28941019 28958005 28959010 28960004 28960035 28961016 28962005 28962028 28973004 28974002 28974010 28974016 28974019 28980006 28991003 28993002 28995002 28996002 28997003 28997009 28997024 28997043 28998003 28998007 28998017 28999005 28999008 28999037 28999049 29001002 29001008 29001019 29006002 29006009 29006023 29007020 29008011 29011021 29013009 29013016 29013032 29013036 29014004 29015006 29015013 29015021 29016004 29018006 29019004 29020003 29020011 29021008 29022003 29023005 29023019 29024007 29028006 29029003 29029011 29029023 29029034 29030003 29030031 29031003 29032034 29032041 29032049 29033002 29033010 29033018 29033021 29033027 29033033 29033041 29034003 29034030 29034035 29035023 29036020 29037007 29037013 29038006 29038023 29039008 29039021 29039026 29040004 29041010 29043007 29044008 29044016 29044020 29045006 29046022 29046034 29046038 29046044 29054005 29054012 29054024 29054030 29067013 29068007 29068022 29068033 29071020 29071027 29072007 29073013 29074024 29075015 29075019 29076005 29078013 29079003 29082007 29083007 29084014 29084025 29084037 29088010 29089013 29092014 29093007 29096002 29096013 29100002 29100012 29101002 29101014 29102006 29102029 29102034 29118006 29133002 29144014 29144016 29145022 29146008 29146021 29148007 29148011 29150017 29152010 29152018 29165021 29166003 29166012 29173003 29173023 29174009 29174014 29174022 29184012 29203002 29203038 29205015 29206017 29222004 29223001 29223018 29253004 29260006 29260014 29261005 29265003 29266004 29274004 29290007 29357005 29357009 29357012 29357020 29358005 29358016 29358025 29359026 29360004 29365002 29365006 29366005 29366010 29367018 29368010 29369014 29369039 29369048 29370005 29375013 29375016 29378012 29380026 29380030 29381002 29381017 29382011 29382020 29382031 29382037 29382040 29384008 29384016 29386009 29387009 29387012 29388004 29389019 29389025 29404018 29409002 29409028 29411009 29411018 29412009 29415004 29415014 29416008 29417017 29419026 29422016 29426003 29426028 29427016 29427029 29428003 29428009 29428021 29430035 29430050 29431024 29431033 29432008 29433002 29433006 29434006 29434014 29435006 29435011 29435026 29436004 29440013 29446006 29447016 29452010 29453010 29453033 29454006 29454011 29456011 29457006 29458014 29458034 29459002 29460004 29460014 29461028 29467027 29490004 29491004 29495005 29496012 29496025 29500011 29546025 29547003 29554041 29561012 29589011 29596004 29596008 29649005 29667003 29667012 29696003 29698014 29700022 29709022 29710002 29710015 29710027 29710033 29711003 29712025 29713009 29718002 29724005 29724030 29746008 29746016 29747003 29761004 29778003 29785012 29802027 29811038 29813028 29815020 29816003 29816020 29818014 29821009 29822004 29822009 29822014 29826019 29827002 29827013 29830007 29837005 29838004 29864021 29865010 29872027 29877007 29877018 29878013 29879026 29879034 29881008 29887003 29887020 29888013 29888029 29889007 29889013 29896018 29897012 29936004 29936018 29943003 29943006 29944002 29947010 29948003 29948007 29948022 29949022 29950023 29952003 29952023 29953002 29953028 29956007 29956025 29957015 29958003 29958016 29959009 29960008 29960021 29961007 29961012 30205002 30205016 30248013 30248014 30261013 30265036 30268015 30312033 30312040 30411018 30492003 30493002 30493005 30494002 30494007 30495002 30524018 30572002 30641077 30647015 30647024 30651004 30658015 30669002 30669005 30672009 30674026 30676027 30678009 30707043 30708005 30708013 30710002 30710017 30715002 30715008 30770003 30771009 30781002 30782002 30784002 30786003 30791002 30793002 30795003 30795017 30796002 30797010 30799009 30800002 30801011 30803010 30806002 30812003 30813002 30815002 30820003 30830002 30841002 30841005 30842008 30854009 30863003 30866007 30866012 30871002 30873003 30874003 30902002 30910011 30920002 30928003 30929002 30933002 30940002 30941003 30944003 30948003 30949002 30952003 30956002 30962002 30968002 30977018 30979020 30982002 30982018 30982022 30983013 30995003 30998002 31001042 31019003 31024003 31028026 31029003 31035002 31037003 31040003 31043002 31050002 31051002 31055002 31056002 31057002 31089012 31089018 31089034 31090018 31099014
jamaat'E|1|29334019
jamaat'i|3|28353012 28360012 28467024
jamaat'u|7|28477017 28937018 29363006 29651006 29654018 29675050 29737014
jamaat'Ě|2|29490026 29491007
jamaatu|6|28502066 28728019 28969013 29184035 29651010 29925004
jamaatě|135|23745015 23745025 25287007 27178012 27180012 27248002 27248021 27330011 27334020 27338020 27339011 27343011 27364003 27438012 27438025 27442010 27447014 27465010 27465049 27466041 27473019 27474004 27484015 27489003 27524016 27580015 27581020 27644014 27655014 27655037 27655058 27666008 27683017 28338014 28341019 28342005 28451055 28472023 28475011 28505033 28617025 28663006 28683019 28684053 28691037 28698006 28702008 28702012 28713008 28714029 28778020 28796002 28796019 28934020 28951019 28952014 28956032 28957012 28958017 28998012 28998022 29018012 29036012 29059006 29091012 29175015 29229014 29262010 29273012 29284037 29328017 29328026 29330016 29330021 29331010 29332009 29337017 29361012 29363027 29428012 29469019 29484008 29484016 29558019 29715019 29733010 29734003 29738002 29740004 29742025 29744002 29745006 29747035 29762018 29780028 29780031 29781002 29783006 29784009 29898027 29899004 29900003 29934006 29941003 30369013 30376060 30467009 30467019 30479004 30647017 30660012 30665008 30668008 30668018 30669072 30702007 30709013 30718025 30718033 30719003 30725013 30726003 30729016 30730003 30735014 30736003 30741011 30747013 30748003 30753014 30754003 30760014 30761003 30769013 31097023
jamaatẹ̌e|1|29329003
jamạat|1|29080005
jamạat'u|26|23932021 23932029 27219010 27655044 28329014 28330020 28335028 28339007 28365005 28473021 28600023 28617016 28623021 28712020 28792030 28802005 29071022 29467006 29559013 29562005 29585012 29585034 29747028 30268007 30376046 30464013
jamạatě|4|27249007 27249014 27628013 29925013
jemaatě|1|27438004
jěmaatě|1|28330003
ka|1|27526042
kaadate|1|30297006
kaadil'E|1|28017029
kaadil'u|1|26686012
kaadile|2|29828025 30055007
kaadilě|2|25448030 30950035
kaakal᷊eng|9|23962010 25835009 28475027 28477023 29196003 29311004 29499009 30009009 30283004
kaampung|3|23521017 23522014 27842036
kaampungang|4|23522028 24317011 24318012 25470027
kaarěgane|2|30199006 30382029
kaarěgaěnge|1|30394005
kaarẹ̌gane|3|23308026 23308032 30429024
kabaratang|1|27571004
kabaratangu|1|28305016
kabọ|1|28463038
kaca|1|30949042
kadal᷊ingarane|1|25702011
kadera|5|25562012 25895020 30297022 30821020 30930013
kaderan|2|26839019 27814020
kaderang|38|23791018 23791031 27359015 29967048 30772018 30773004 30773009 30774002 30775019 30778018 30779015 30779038 30781013 30786011 30787020 30791017 30793032 30810025 30820056 30822008 30822024 30826008 30826030 30828008 30831036 30889012 30897037 30911030 30930003 30972015 31022014 31022025 31023007 31043005 31051013 31057006 31059008 31082022
kadidị|2|28556010 29756006
kadidị-didị|6|26830031 27626031 27647011 27744032 27905020 28685024
kadionge|2|26873020 27575024
kadiongeng|20|23721019 23846021 23923014 24079027 24144007 24810026 24816010 25219005 25228027 25228039 27122005 27815019 27897013 27905016 27921026 27931025 29087007 29977005 30200009 31084008
kadiongkate|1|27122022
kadodọ|61|23310012 23313026 23372010 23681023 23721008 23730006 24038021 24439041 24560019 24575007 24790004 24816013 24888026 24986010 24990014 25243016 25243023 25264022 25485013 25710010 25906005 26104009 26143016 26246013 26362012 26452011 26616006 26743002 26743013 26744023 26744036 26745007 26746019 26746031 26837023 27003012 27094035 27542026 27702019 27774022 27852020 27872007 27872018 27890009 28390019 28517014 28847007 28991007 28997020 29034040 29087009 29877016 29985009 29987016 30171011 30728007 30864006 30872007 30904040 30937020 31042041
kadodọ-dodọ|2|25723008 28686007
kadodọe|1|25001025
kadua|4|23728032 23728039 26024021 26024031
kaduạ|3|25977004 25977009 26024011
kaděngụe|3|25736019 29416012 29448016
kaděntane|1|29749010
kadọdọ|1|29869009
kaengko|1|24777030
kaesě|1|24716015
kaghaghanapu|1|27390050
kaghaghising|1|28959041
kaghaghisingu|1|28941014
kaghaghoghahe|1|25196029
kaghagholang|1|24315008
kaghagholangu|1|31014004
kaghagholọ|1|29798025
kaghaghuwakenge|1|23942029
kaghaghěngganeng|4|24621018 25022029 27889029 29418016
kaghaghěngganenge|1|23310007
kaghaghěnggang|1|30473003
kaghiang|18|23395016 23395030 24010024 24019015 24019026 24021002 24280014 24281005 25142017 25143005 26105036 26150006 26150010 26150023 28992032 31056025 31056030 31098006
kaghiang'E|1|31025024
kaghiange|4|23164003 24979007 28524011 28525031
kaghurangenge|1|26391018
kaghělirangu|1|23443029
kaguwạe|3|25014005 25128007 25478028
kaguwạu|54|23305010 23406006 23633019 23910011 23972013 24068003 24175008 24244010 24707010 24707013 24707017 24764003 24959011 25029009 25164037 25391015 25440022 25658009 25941015 26584032 26932026 26955012 27035014 27088035 27214010 27217024 27245016 27248004 27259007 27309007 27336022 27696022 27940034 28173037 28207030 28792025 28802014 29000014 29166016 29382034 29601010 29614015 29763007 29825008 30240007 30268011 30326031 30475023 30485005 30757023 30793022 30877016 30974012 31047012
kahawese|1|26872011
kahiam|1|30462008
kahian|64|23561020 23588010 23883029 23932036 23937030 24178016 24265002 24642025 25265019 25590011 25596009 25843012 25910020 26467012 26590042 26860009 26972021 27090013 27162008 27326034 27438016 27447013 27447017 27662014 27676043 27708029 27831040 28029015 28039030 28048017 28216021 28335026 28385043 28387031 28391010 28391025 28392014 28392025 28430005 28578018 28653020 28820013 29088011 29241020 29260009 29287018 29471018 29662016 29666024 29804009 30080009 30177040 30180052 30228031 30315012 30367043 30513051 30517007 30649010 30686034 30965027 30966010 30966013 31017033
kahiang|16|23284028 23840027 24658034 25381025 25475024 25485007 25553013 25778022 27303021 27821019 28057025 29443012 29467022 30057034 30185019 30789027
kahiangkewen|1|30057029
kahinoěnge|1|27075028
kahinoěngu|4|25911018 26833012 31009022 31084012
kahiạen|9|23584028 26276007 28249040 29235012 29698022 29698030 29754032 30455012 30727027
kahiạewen|1|23944029
kahiạeweng|2|23487031 29381005
kahole|5|23312013 24685009 25487032 25488019 27137015
kahombangeng|5|23178021 26608026 26850025 29348009 30386037
kahombangengbe|1|24004011
kahombangengu|6|24096008 24155015 24790025 25850022 27336026 29587044
kahorone|1|30027011
kahoroěnge|1|23925006
kahumotong-motongange|9|27827001 28767009 29484023 29834010 29981024 30021005 30067013 30337011 30703011
kahumotongang|2|23869027 30706004
kahumotongange|42|23424002 23793007 23793016 23801029 23820006 23909007 23911004 24352007 24574023 24633006 24705017 24876008 24883014 25406003 25549007 25549011 25797026 26107005 26215017 27129029 27496012 27844044 27847019 27947018 27972009 27973019 28140027 28146026 28208013 28226005 28298015 28342020 28730023 28813021 28938013 29169024 29204007 29458024 29465007 30931039 31060013 31094004
kahumotongangu|2|24767003 31044004
kahumpakenge|1|30393015
kahuntikilang|1|29628008
kahěbi|2|24662008 27145017
kahěgise|1|30321025
kahěnga-hěngang|52|23497019 23556016 24260042 24336006 26311024 26421016 26506028 26647002 26986011 27243033 27294008 27331030 27349023 27353017 27469007 27499029 27744017 27991015 28126016 28429029 28895014 28905024 28921011 29007023 29025027 29026018 29047015 29049038 29110008 29140024 29394005 29431002 29472035 29497019 29555040 29645014 29712011 29769004 29843009 29932005 29932024 29944009 29979007 30026007 30347002 30382006 30468045 30545012 30570057 30647019 30660015 30693026
kahěnga-hěngangbe|5|28442031 28704023 29049012 29864022 30658027
kahěnganeng|2|24357014 24891027
kahěngang|151|23252023 23357002 23441019 23542002 23712005 23786014 24028002 24399030 24467011 24473011 24494019 24612012 24698008 24708011 24766005 24866020 24894028 24898017 24911039 25010010 25134021 25381012 25437030 25445011 25598021 25712016 25713015 25764011 25819011 25997004 26011028 26014014 26016018 26026006 26096006 26150035 26168014 26180023 26244014 26284005 26298007 26313006 26313012 26396014 26399010 26413025 26414007 26423020 26433002 26434020 26461010 26461020 26523028 26681002 26708016 26763018 26822036 26861025 26861031 26956006 26972032 26992003 26993002 27042011 27118013 27347023 27418031 27445006 27450002 27535038 27717031 27802019 27939033 27940023 27947004 27949025 27965021 27983027 28155004 28157035 28230002 28234033 28234044 28234056 28295010 28343009 28349022 28373005 28504018 28620010 28696009 28727003 28732002 28734040 28804020 28814025 28894015 28933004 28961046 29000020 29147006 29320005 29369009 29371022 29373007 29378029 29385008 29419002 29425010 29439014 29453013 29458011 29471035 29495008 29566027 29716006 29724028 29751033 29853029 29861015 29868014 29897007 29902023 29906025 29980018 30478046 30516031 30559028 30571028 30572014 30572032 30578039 30582055 30598026 30599015 30610038 30631043 30645022 30645031 30645044 30647032 30650005 30658002 30662004 30662032 30672002 30749019 30804010 30903020 30962011 31059034
kahěngang-hěngang|4|24558017 25514027 25971030 28636016
kahěngangu|1|24424012
kahěpusange|2|29260033 29976028
kahẹ̌biang|1|29580014
kahẹ̌gise|2|28232016 29071019
kai|2518|23146003 23146028 23151018 23163027 23163038 23164005 23165041 23166016 23171019 23172024 23173009 23175012 23176019 23177019 23188023 23202012 23208013 23210009 23213007 23216008 23216021 23222005 23231012 23238015 23245012 23248003 23248008 23248011 23249003 23252020 23258017 23265004 23269021 23270009 23270019 23272010 23281012 23299025 23299029 23301006 23305003 23306019 23307012 23308024 23309030 23312008 23314013 23314019 23323010 23323026 23328005 23329012 23330011 23332019 23339015 23339028 23342013 23371013 23374024 23383013 23386003 23386014 23390022 23393011 23396013 23397018 23400003 23407010 23410009 23414007 23420005 23446008 23446019 23447010 23452017 23454008 23459008 23462006 23463014 23467026 23468008 23468018 23470003 23470013 23474011 23476011 23478018 23479028 23486002 23489015 23491023 23493006 23495002 23495028 23496007 23497010 23498005 23500003 23505019 23517015 23523020 23524007 23524021 23525004 23525014 23525031 23527002 23528017 23531021 23539013 23543012 23553015 23553023 23554017 23554025 23557002 23557018 23557032 23559016 23562014 23564018 23567023 23568008 23571015 23572005 23573014 23577010 23578004 23578011 23578023 23579008 23579013 23579021 23584006 23584010 23585006 23585011 23587006 23592017 23594039 23595002 23595011 23600023 23601007 23601022 23602005 23603006 23603024 23621016 23622020 23625014 23631021 23633007 23638004 23641003 23642009 23643011 23645015 23647014 23648011 23652007 23652012 23653002 23654007 23656021 23674026 23680019 23686013 23686022 23689007 23690019 23691008 23695004 23696019 23696024 23703007 23705009 23706023 23706028 23710011 23711016 23716008 23717010 23732013 23736026 23739005 23740015 23741013 23749019 23751007 23758004 23769012 23771021 23773011 23774012 23775002 23777020 23794008 23808011 23810014 23814003 23814014 23816030 23817014 23823002 23823019 23832021 23838003 23840018 23845009 23846015 23850027 23851024 23852005 23853013 23853026 23854029 23858036 23859012 23859045 23860010 23862005 23867013 23869031 23872021 23873011 23873023 23875007 23876017 23881015 23884012 23887012 23889028 23896017 23905003 23905021 23907010 23907020 23908004 23908008 23909004 23912008 23918009 23923011 23927019 23928021 23929016 23933012 23934012 23935023 23939016 23942012 23942045 23950010 23952004 23961026 23963018 23964021 23967023 23982002 23985006 23995008 24001009 24003007 24010013 24011006 24011012 24018011 24033018 24034002 24035020 24036007 24044021 24065020 24067012 24081033 24083004 24090010 24095027 24096030 24098018 24103005 24105005 24108006 24110012 24110035 24118025 24134028 24136012 24136021 24139020 24142019 24143010 24145009 24148008 24149025 24152005 24154044 24167014 24170020 24172017 24173011 24184028 24186003 24193017 24194026 24202007 24203011 24203021 24213015 24217003 24223003 24224006 24227011 24232026 24238015 24240005 24240029 24243014 24250031 24254004 24254029 24262017 24268009 24271017 24276033 24279016 24282015 24289005 24290009 24291002 24293012 24315006 24318016 24324010 24329016 24330001 24338004 24339006 24353014 24354007 24355008 24355024 24369009 24374023 24387010 24388008 24402006 24405003 24410013 24417003 24423010 24423019 24424015 24424029 24425033 24426008 24427016 24428004 24428017 24428026 24434026 24441002 24442020 24445014 24457019 24458008 24458031 24463027 24470017 24470038 24471008 24471014 24476004 24482013 24484011 24487009 24505010 24512030 24518029 24518032 24523008 24525020 24528023 24529021 24530007 24530022 24532033 24534021 24541027 24544011 24545018 24546018 24547011 24549007 24556011 24556018 24557031 24563013 24569022 24570004 24570025 24571009 24572022 24573009 24578012 24579010 24582003 24584005 24586003 24589004 24597009 24602027 24603026 24606029 24611021 24620002 24623023 24624020 24627004 24630017 24631023 24632017 24636008 24646011 24646017 24653010 24661017 24666006 24670020 24671005 24673025 24686017 24686029 24692016 24700008 24701009 24701015 24703016 24707030 24709019 24711010 24717019 24718020 24718026 24722020 24727039 24729014 24739013 24739020 24752002 24753028 24761017 24769014 24775007 24777033 24779009 24782022 24784012 24786012 24791010 24793023 24793034 24795021 24795029 24799019 24804012 24807001 24812002 24833007 24837014 24850012 24855014 24869013 24869032 24869036 24871009 24877024 24877035 24880026 24885009 24888025 24903011 24913014 24915013 24928011 24931002 24932009 24952012 24954004 24956009 24978022 24983002 24985012 25006013 25009003 25018006 25019004 25020008 25028007 25034009 25034024 25036002 25038017 25041014 25042019 25046004 25048025 25049022 25098026 25102019 25105022 25105040 25107022 25113012 25116022 25118030 25123005 25144022 25145017 25147018 25153015 25160029 25160036 25166011 25167017 25182048 25185025 25191004 25192010 25192031 25196011 25198013 25199007 25201004 25208022 25216024 25220026 25221018 25222004 25223012 25228003 25228022 25236008 25257009 25267019 25275037 25276017 25284008 25284019 25291018 25299004 25314019 25320018 25320024 25321008 25321015 25321022 25322019 25335013 25335048 25340014 25350049 25375020 25379010 25380019 25389016 25413024 25414014 25422025 25425003 25438037 25440003 25446003 25446006 25447010 25448041 25461033 25465030 25468013 25469014 25470018 25471029 25477017 25482020 25488027 25492006 25505006 25511008 25516003 25518032 25521020 25523025 25535005 25536004 25537009 25539011 25550025 25551016 25552004 25562017 25572016 25573006 25573013 25580008 25588004 25593013 25606015 25614004 25616005 25618004 25618016 25618025 25619013 25622024 25624013 25624023 25636009 25636017 25636033 25651007 25663006 25668016 25691007 25693015 25694001 25696005 25703029 25703038 25704028 25705025 25712014 25735005 25735020 25737020 25753002 25753009 25778016 25782009 25784003 25785012 25786023 25793009 25797003 25797022 25799028 25813007 25815001 25816004 25816011 25818010 25834014 25834020 25840003 25849005 25884024 25885018 25902012 25917028 25932010 25932023 25933007 25935010 25938033 25943005 25950030 25959013 25965002 25986035 25995009 26002012 26008006 26011020 26013006 26013016 26015001 26015026 26018005 26020012 26029010 26046014 26049003 26053007 26058010 26060025 26062004 26066005 26071014 26078018 26078037 26083018 26083027 26085015 26086030 26088004 26088011 26089004 26090034 26094009 26094015 26102002 26114006 26117009 26118017 26123019 26123023 26127013 26129010 26132019 26134017 26140013 26140026 26141005 26144018 26149014 26150004 26151009 26152006 26152017 26152034 26161004 26167020 26168012 26169032 26171023 26176008 26179028 26181004 26184034 26191008 26192015 26202019 26203031 26204008 26204038 26215005 26216004 26221019 26223002 26226013 26229032 26229040 26235029 26238013 26241027 26242004 26246004 26247004 26247016 26256014 26260004 26262004 26264008 26264014 26272017 26275016 26278011 26291009 26294016 26297002 26305004 26307010 26309033 26321004 26321023 26321030 26322017 26326009 26326021 26327009 26328019 26329007 26333013 26336026 26345011 26347006 26355021 26355030 26357020 26357037 26357048 26358009 26358015 26359010 26359017 26363009 26364014 26365002 26365014 26370006 26371011 26371020 26373007 26378017 26387006 26394028 26396009 26399012 26400008 26401004 26404011 26404017 26405011 26405023 26406034 26407002 26409008 26410022 26415004 26415019 26416015 26421009 26424024 26426003 26426021 26426029 26426034 26426057 26428007 26430016 26431014 26432017 26436019 26436027 26441015 26446009 26454003 26457024 26458021 26460010 26463023 26463031 26468010 26468025 26469010 26469021 26480010 26483027 26484009 26488006 26490007 26490011 26491003 26493008 26495004 26495011 26498008 26500010 26502008 26502014 26504006 26504015 26512005 26514029 26516006 26516018 26523018 26526004 26535020 26537005 26537017 26539010 26545008 26555029 26556024 26561015 26562016 26563018 26563026 26566027 26571023 26571028 26588015 26590008 26597030 26599016 26601011 26602013 26602023 26610015 26611015 26612007 26614006 26618014 26627007 26634022 26638017 26642011 26645004 26650025 26653013 26655015 26660026 26664016 26667003 26671009 26675006 26679004 26679010 26679041 26680007 26681029 26686004 26686035 26695014 26697012 26697040 26699010 26713009 26714003 26717002 26721012 26726016 26729021 26729026 26732020 26735015 26736011 26737004 26737010 26738002 26739008 26741015 26742007 26742019 26747011 26747019 26749011 26754005 26754022 26757031 26760030 26766021 26767016 26769013 26769026 26771050 26774010 26777014 26781038 26784003 26784028 26790021 26793010 26796021 26799017 26800002 26801016 26820012 26821017 26823021 26823036 26826015 26835026 26836014 26838035 26854026 26857027 26861010 26864023 26865022 26869022 26872005 26872009 26873016 26875012 26881028 26882023 26883025 26883037 26883051 26885013 26885035 26886015 26887024 26895024 26898016 26899014 26902010 26905024 26906021 26906031 26910034 26911026 26911036 26913003 26919029 26920011 26922029 26924025 26931021 26941004 26943013 26948019 26950010 26955020 26983031 26984008 26986013 26987027 26989006 27007009 27011004 27017029 27022008 27023033 27026015 27032025 27033048 27034022 27036025 27036039 27039027 27045008 27051016 27055034 27059023 27059034 27064016 27075026 27084027 27086027 27088044 27092004 27096014 27096018 27096033 27099005 27102025 27106005 27111002 27111012 27111025 27122057 27129007 27130011 27130021 27134018 27138009 27140012 27142023 27143025 27143031 27148016 27149003 27149011 27150016 27152005 27153005 27160016 27160020 27166003 27166008 27168009 27169016 27170011 27186036 27187025 27197019 27200003 27203002 27203025 27204021 27209010 27211012 27211026 27213009 27213020 27214024 27217006 27224016 27227003 27234033 27237016 27239024 27241004 27243019 27253004 27253021 27254006 27255021 27261012 27266003 27269012 27279022 27280014 27281019 27282013 27288046 27289021 27292013 27295022 27296020 27301005 27313003 27329008 27332005 27341007 27343008 27347032 27348022 27349008 27352030 27353003 27353025 27355047 27357012 27360009 27369024 27369031 27370008 27370016 27371016 27374033 27375018 27383032 27385035 27390016 27400012 27401012 27408012 27410002 27423005 27427019 27430023 27434047 27441011 27458012 27465046 27469005 27485034 27487035 27496015 27497021 27498005 27500019 27500024 27501017 27502017 27504027 27505003 27511036 27514012 27518030 27521013 27525019 27527038 27529046 27530042 27531023 27542027 27542040 27544005 27544025 27547037 27547049 27548010 27549011 27552018 27552035 27555005 27561013 27561018 27563030 27565018 27565035 27568015 27568022 27572020 27579003 27582016 27585006 27586029 27587010 27588034 27589003 27590044 27595009 27601022 27608010 27609005 27610006 27610029 27611032 27613003 27613035 27619008 27619015 27620010 27621024 27623014 27623022 27626012 27634020 27634029 27636002 27636052 27640033 27643003 27643022 27646026 27655031 27655055 27658008 27659031 27661007 27668014 27668032 27673032 27678004 27681023 27681030 27681034 27685039 27686011 27694027 27698022 27698029 27699019 27699027 27704006 27708003 27708011 27708026 27710019 27713014 27715007 27716003 27717003 27717011 27718003 27722015 27724002 27726013 27730013 27731024 27741010 27741021 27741041 27745015 27752022 27753034 27756010 27762015 27762031 27762036 27763003 27763007 27765005 27769014 27769027 27775009 27775017 27776023 27780019 27791020 27796005 27800020 27801006 27807015 27811022 27815010 27824019 27834002 27839018 27847002 27847011 27848015 27848023 27850011 27866008 27866022 27868040 27869007 27878026 27879004 27879015 27883023 27884015 27885003 27886006 27890011 27893006 27895011 27895016 27895031 27899013 27901018 27902027 27904025 27906049 27908009 27911031 27920005 27920019 27927011 27927017 27934016 27935008 27943003 27943007 27944020 27945003 27947011 27948002 27949017 27951017 27954015 27964007 27967004 27982008 27989009 27990017 27992008 27992016 27993003 27994006 27997022 28000028 28011016 28012030 28020003 28022008 28032015 28039059 28040036 28040044 28050019 28051008 28052009 28054026 28059020 28068005 28079006 28079021 28080022 28083019 28085019 28086014 28090004 28092004 28092018 28099003 28099028 28104003 28104020 28105019 28105046 28106007 28106016 28110020 28115018 28116002 28116022 28124011 28129010 28129015 28133015 28137022 28141024 28142006 28143020 28144004 28157011 28160003 28161003 28161015 28162011 28162016 28163005 28164012 28165005 28166016 28186004 28188028 28189029 28195029 28196004 28197002 28197010 28198010 28201021 28203030 28216020 28217002 28225004 28226029 28227010 28227029 28229008 28230011 28232007 28232012 28234010 28238019 28246010 28246015 28271004 28271035 28272018 28273002 28273015 28276005 28277019 28278010 28285025 28290008 28292024 28296007 28298018 28304011 28308009 28316018 28317004 28324003 28331027 28332022 28338003 28341017 28344011 28348006 28350017 28359006 28365022 28365042 28373008 28376003 28380009 28382014 28385020 28387019 28387047 28388020 28389005 28389016 28394024 28395002 28398010 28399025 28402009 28403018 28404006 28406009 28409025 28411014 28414004 28416004 28416012 28418004 28418008 28419003 28420004 28420015 28420023 28428017 28428023 28430009 28431015 28433017 28434005 28434012 28436008 28438010 28439038 28443024 28444008 28444017 28444024 28449005 28451048 28456012 28457003 28458021 28463042 28466005 28470003 28470022 28471004 28471010 28475006 28477003 28480027 28481007 28483010 28484015 28487009 28487025 28487041 28498009 28500009 28502052 28503007 28510010 28510026 28511004 28511010 28512012 28513035 28516026 28516033 28516038 28517003 28517013 28520004 28520017 28522005 28522043 28523007 28527027 28528015 28529031 28530012 28531002 28532013 28534012 28534030 28534040 28535038 28535053 28538002 28540018 28542012 28542017 28542030 28543011 28543027 28543031 28544009 28545003 28546003 28547002 28551002 28553012 28558019 28560012 28562045 28566022 28566029 28568038 28572028 28573012 28579029 28585024 28586013 28590002 28590008 28592014 28594014 28595028 28596011 28604013 28604021 28604029 28604037 28607026 28608011 28608021 28610011 28611002 28611022 28613005 28613009 28613014 28613021 28616008 28619009 28623028 28623037 28625018 28626015 28635025 28637014 28638029 28639006 28640002 28640008 28640013 28641008 28647004 28651022 28654008 28655005 28659036 28662005 28667013 28670007 28673022 28674004 28674035 28674048 28675009 28679005 28679016 28679026 28684045 28687011 28688026 28689010 28690018 28693012 28694004 28694015 28694027 28700037 28701006 28701023 28702040 28705006 28709006 28712003 28714019 28715002 28715013 28716004 28716031 28718012 28721014 28723001 28728003 28734010 28738025 28740006 28745006 28748035 28749002 28752010 28753013 28754002 28756009 28756016 28761013 28761023 28762019 28763008 28763021 28764011 28764017 28764023 28765004 28765007 28765012 28766005 28766015 28767005 28767019 28769008 28770012 28775004 28776011 28778011 28780018 28782003 28787023 28789040 28792013 28795004 28804015 28804024 28807008 28810013 28811025 28813023 28814009 28814026 28817003 28818004 28818028 28821002 28824008 28838004 28838022 28840005 28840030 28840042 28842021 28842027 28843018 28844005 28847018 28848029 28848037 28859008 28860014 28860044 28860051 28861007 28865015 28865028 28867008 28867029 28869006 28872010 28872016 28872021 28873014 28875004 28876015 28877014 28878011 28878027 28881004 28882023 28882041 28883007 28883019 28885005 28890032 28891010 28891027 28894027 28895009 28896003 28898005 28900005 28901008 28903012 28906014 28913012 28915013 28915017 28918009 28920029 28924040 28925007 28925023 28925037 28927006 28929044 28937001 28942019 28943023 28950025 28951022 28955025 28955046 28956007 28956028 28961028 28965004 28973008 28973021 28974034 28976012 28979004 28979018 28979025 28980025 28980030 28990005 28992014 28996003 28996006 28997039 28998019 29000022 29001006 29003004 29003010 29006010 29007022 29020005 29022011 29026022 29029035 29032004 29034010 29034021 29034034 29035025 29040006 29041022 29042008 29042032 29042043 29043021 29044002 29045021 29047034 29048010 29048012 29048019 29051028 29051044 29055028 29059052 29068006 29068023 29078007 29085005 29085009 29086010 29086020 29087001 29088016 29092006 29096028 29097006 29098018 29098042 29102021 29105020 29107002 29110012 29119020 29119040 29120006 29122003 29122014 29123018 29125010 29132010 29138004 29140019 29145006 29145020 29147013 29154016 29156010 29156022 29157005 29158006 29158012 29160008 29163020 29165020 29166013 29185012 29204010 29206018 29209003 29216006 29220015 29220036 29221004 29225015 29230003 29232021 29233033 29240004 29242015 29244006 29244026 29249025 29251002 29258004 29259009 29262005 29265023 29270011 29281016 29287025 29291033 29306004 29308003 29314002 29319007 29319011 29321014 29323008 29328006 29335009 29336012 29339008 29339016 29340008 29345021 29347038 29348019 29350025 29374014 29376005 29382007 29383011 29385017 29386001 29386005 29390016 29390022 29390031 29392015 29398008 29403010 29407010 29411004 29416003 29425019 29427030 29428005 29429012 29430021 29430025 29430045 29431025 29431044 29432006 29435018 29440020 29441012 29442005 29442009 29454008 29460012 29461040 29462007 29473015 29474010 29475041 29478007 29481004 29481018 29482002 29484007 29484010 29484020 29492017 29493017 29493020 29494004 29494014 29494030 29497036 29498004 29500007 29503030 29505017 29507009 29512016 29513020 29517004 29518006 29519013 29522007 29523022 29524005 29528006 29528019 29529037 29530004 29533018 29538020 29542018 29542028 29542034 29544023 29546029 29552029 29555012 29567017 29567034 29568006 29575013 29575027 29576017 29576020 29581021 29589018 29593014 29594026 29595023 29596009 29596015 29596025 29597048 29607003 29608008 29617012 29619005 29625027 29626016 29627004 29628016 29630006 29632019 29632022 29640015 29646017 29656008 29657017 29661028 29664019 29666030 29666042 29667004 29669009 29672014 29675023 29675038 29682007 29683015 29688017 29695003 29696015 29698003 29698012 29700003 29700029 29702005 29705009 29706007 29706015 29708011 29709024 29710005 29714014 29716016 29716027 29717005 29717014 29722004 29722016 29724002 29724026 29724029 29730002 29730006 29735008 29737009 29739003 29739009 29739016 29747027 29747034 29748005 29752007 29753002 29756020 29758023 29768015 29768040 29776004 29777017 29779002 29787021 29791024 29791039 29793001 29793012 29798007 29798020 29799005 29800005 29804014 29805011 29805030 29808025 29809019 29810002 29811054 29826024 29836007 29836014 29842031 29847026 29855009 29861008 29864019 29868027 29875004 29881005 29881010 29881016 29881029 29882019 29886013 29887017 29889017 29891004 29895004 29895011 29899006 29900005 29903002 29904008 29904025 29908032 29909009 29909019 29909028 29912040 29918002 29922022 29927006 29927015 29955019 29955026 29958030 29967002 29967012 29969017 29972010 29972016 29973015 29978003 29978014 29981021 29983017 29984031 29987005 29987030 29988031 29992007 29994003 30000012 30001004 30002016 30010005 30011002 30012002 30013002 30013019 30014030 30019006 30027005 30029019 30029032 30030020 30032015 30032024 30037013 30039004 30039007 30041010 30042011 30042027 30043003 30043041 30045004 30050013 30051027 30054031 30058010 30061022 30062004 30064004 30066005 30067015 30067022 30068033 30068039 30069008 30072009 30073009 30073030 30074008 30076037 30078005 30078010 30079009 30082012 30084026 30086008 30086033 30088010 30091006 30091015 30093005 30093029 30094008 30097016 30099029 30103005 30111005 30111010 30115003 30117033 30121035 30121041 30126010 30132003 30141010 30143012 30146015 30150003 30154012 30154020 30154024 30155007 30157012 30163027 30164006 30172009 30174004 30174013 30176011 30178051 30183004 30187011 30189006 30189013 30191008 30196022 30199028 30207011 30210026 30211011 30213005 30215011 30216003 30224019 30230017 30230029 30231025 30233014 30235018 30242005 30244015 30246014 30248011 30251026 30252004 30256017 30257017 30258009 30273018 30274023 30279026 30280014 30284009 30284021 30288026 30289012 30290012 30291015 30294010 30295020 30297014 30303011 30303020 30312042 30320009 30320019 30322022 30324016 30325025 30328011 30334023 30335010 30337008 30338006 30341020 30341028 30342004 30342010 30343004 30344003 30350002 30350015 30350022 30353004 30354008 30354017 30361009 30365015 30367004 30380003 30380017 30382003 30382027 30384010 30385004 30387041 30390018 30391013 30392006 30392018 30394007 30396023 30396030 30400010 30404010 30404025 30405004 30406011 30407003 30408018 30409004 30411008 30412017 30416008 30420002 30425009 30429018 30431020 30434019 30437020 30439011 30442007 30445002 30459016 30460002 30461015 30461022 30464009 30464023 30473010 30474005 30474011 30476032 30477004 30478019 30478027 30478040 30481016 30481033 30481041 30488004 30497028 30499029 30502032 30503003 30513011 30514049 30514054 30515042 30516016 30518005 30520023 30526023 30529006 30532033 30542004 30542010 30543030 30546017 30549014 30551012 30551017 30552025 30552031 30554011 30555018 30557006 30558017 30558033 30560010 30560021 30562011 30562028 30565043 30570007 30570020 30570028 30570043 30573004 30573022 30575002 30576002 30576012 30580027 30581002 30581022 30582011 30584011 30587015 30588009 30588015 30589023 30592026 30592033 30595010 30600031 30603006 30604026 30605036 30605039 30608006 30609019 30610005 30611017 30611026 30612013 30614003 30616010 30619006 30620017 30620022 30620029 30621003 30621021 30621033 30622014 30624008 30624020 30625004 30626008 30630003 30631026 30634016 30635031 30635036 30636018 30641061 30642006 30644009 30645046 30647013 30647026 30653012 30653030 30653034 30662020 30670018 30670028 30677007 30677019 30681014 30685018 30685033 30685040 30686023 30692005 30698002 30703017 30707003 30708006 30710009 30718022 30719010 30720059 30721010 30722009 30723004 30726011 30727013 30727018 30727042 30731011 30738002 30741015 30751029 30752035 30762024 30763004 30764035 30771015 30774028 30778021 30780019 30780026 30786041 30788038 30789023 30793038 30796013 30816013 30820026 30821013 30822004 30823023 30824025 30825019 30847024 30848015 30858008 30860005 30860017 30866011 30872025 30872033 30875013 30877005 30888022 30897020 30904032 30905009 30927019 30927025 30931004 30941008 30942031 30953028 30969005 30970004 30974035 30981011 30985004 30985015 30985019 30987013 30988007 30989016 30990003 30990029 30991014 30992010 30994006 30999004 31001032 31002024 31009019 31017024 31019021 31019026 31020002 31026014 31028013 31028050 31029023 31030017 31041008 31041013 31045032 31047016 31048021 31049017 31051028 31053020 31055014 31057017 31060012 31060018 31071010 31071026 31076016 31077020 31086017 31097026 31097029
kaia|5|23973020 23997011 24481019 26809013 27277005
kaiakanenge|5|23855027 23898011 29481020 29484022 29970008
kaianengu|1|25586022
kaiang|2|25562010 25564023
kaiangke|1|24710017
kaiangko|1|23917006
kaihi|9|23274036 23814022 24042021 24168020 24397007 24547006 24854019 26844016 30864014
kaihi'U|1|23816019
kaihi-koaneng|1|26263006
kaihiku|1|24629012
kaihin'E|1|24050009
kaihing|3|24626020 25969027 27668012
kaihạ|5|24637013 25728018 26276008 27727021 30973020
kaihạe|4|23628008 23824023 24153013 24841017
kailangeng|3|23457006 25326009 28556036
kailangengu|18|23264017 23265019 23698010 23699015 24536007 24537018 25327015 25410021 25593011 25685006 25685011 26606007 27878031 28426012 28673024 30641021 30641070 30654011
kainggạ|1|31062005
kaisar|1|27880016
kaisar'u|1|27531018
kaisaru|3|27805025 27807012 27919018
kaisarě|11|27808048 27809016 27809022 27818037 27822029 27822040 27823015 27856022 27857031 30413016 30417019
kaiso|365|23214016 23252019 23296009 23338013 23393025 23438010 23452016 23477009 23477022 23494032 23515030 23533016 23562013 23603010 23685020 23690018 23694036 23713018 23724005 23735018 23750009 23769008 23805023 23821012 23848030 23859018 23903016 23964012 24012008 24094033 24096018 24260007 24278018 24278035 24294009 24336007 24336016 24339019 24343001 24391011 24391014 24483009 24525016 24563011 24576028 24597008 24699014 24725017 24729046 24791025 24811009 24954001 25090017 25091015 25139011 25140009 25193009 25228034 25256034 25256043 25260012 25289025 25298021 25342012 25385037 25388015 25388028 25421001 25430019 25435033 25464012 25481011 25507007 25511017 25605017 25674024 25698015 25831022 25907017 25945010 26055010 26056007 26075011 26137026 26138011 26153010 26159008 26199020 26229031 26241026 26245013 26254007 26284023 26290012 26296013 26297022 26345010 26351017 26353008 26394025 26403020 26424035 26444019 26472013 26483019 26507010 26515016 26576008 26587013 26590028 26611014 26625018 26628023 26640013 26641026 26642022 26693018 26740032 26752021 26769012 26775015 26847013 26903012 26922028 27064033 27107054 27225008 27246012 27391016 27435001 27481001 27491014 27565025 27578013 27612051 27613017 27616009 27678029 27708018 27714010 27816023 27866035 27904038 27924007 27926016 27926024 27954007 27956014 27957028 27971012 27976018 28020025 28028009 28035027 28036030 28039041 28047001 28068016 28080012 28083018 28084022 28109009 28111011 28112015 28115001 28127016 28137012 28140007 28140028 28149005 28167023 28172015 28180011 28183018 28188019 28228032 28230028 28232027 28235046 28251011 28262011 28267008 28272017 28295019 28355012 28381009 28400017 28407011 28408027 28410012 28426014 28448013 28458008 28466020 28481034 28494010 28498021 28549012 28562044 28565015 28588014 28591036 28597006 28609008 28610010 28618017 28647011 28647020 28649011 28658022 28667032 28668028 28674055 28678033 28696010 28729045 28810023 28813052 28829027 28830014 28845026 28845038 28847017 28868009 28868020 28869022 28872012 28878010 28882040 28893018 28899006 28907005 28907009 28907017 28908007 28908015 28908023 28909008 28909014 28909029 28924012 28926012 28942021 28950013 28954013 28969016 28975011 28976011 29007006 29013015 29034009 29037029 29037043 29047031 29048036 29059051 29102008 29139008 29320014 29322004 29323012 29350009 29380019 29391015 29407084 29419020 29430007 29453039 29503029 29506017 29518023 29566014 29575012 29579015 29584037 29588020 29611016 29612010 29631010 29637011 29688021 29706014 29731005 29735003 29765008 29787006 29819027 29822008 29843023 29848016 29859004 29867018 29879039 29926015 29929014 29950021 29955011 29984030 29986030 29994008 30000007 30034024 30042019 30054010 30071006 30075007 30081014 30134027 30139024 30166032 30177039 30178009 30185012 30186017 30190028 30221019 30224018 30226012 30239027 30247009 30286016 30290007 30293006 30325011 30340004 30341009 30387019 30390003 30394001 30398022 30404021 30416016 30418021 30434010 30443042 30446030 30468040 30469013 30505013 30513024 30527025 30553023 30567027 30572015 30582016 30605019 30614013 30631025 30634007 30642008 30647025 30651023 30658008 30668009 30672008 30692019 30696026 30716012 30739011 30756017 30846009 30847011 30847021 30912013 30984077
kaiwogang|1|28993008
kakahiorọ|1|30359025
kakaianeng|6|23839025 25561010 25563016 25564009 25564025 25826025
kakaianenge|1|26983005
kakaianengu|1|24656040
kakakalạ|13|25070004 25260021 25475025 25480025 25601015 25619007 28243005 30792022 31001011 31008020 31011012 31078018 31080003
kakakalạe|2|23218019 25622017
kakakasiang|1|30727010
kakakasiang'E|1|28942033
kakakawusu|1|28969011
kakakoạ|142|23601024 23959018 24477021 24748003 25044009 25282006 25293005 25432033 25447020 25481002 25516010 25516015 25537011 25539017 25676015 25678007 25849011 25944017 26092009 26133009 26133020 26250011 26336024 26426046 26805013 26818013 26935038 26940028 27032027 27065019 27075003 27114002 27140015 27175015 27244020 27244030 27421006 27437042 27442028 27446022 27457006 27479042 27500031 27542055 27827010 27915016 27923033 27931012 27958014 28016020 28075005 28075021 28096003 28097007 28098031 28098045 28105033 28120036 28156002 28192004 28192021 28192031 28234024 28235047 28243024 28356020 28382031 28388022 28390008 28409039 28421038 28451036 28451049 28512006 28519028 28526016 28596026 28862006 28932026 28979008 28999046 29005030 29028017 29035004 29036017 29044039 29130020 29151026 29187013 29241009 29267014 29294016 29306019 29360010 29398013 29439023 29455017 29488017 29504003 29527011 29536015 29551012 29640003 29686010 29705014 29760028 29858014 29876010 29965025 29992025 29993002 30115006 30127003 30166003 30291018 30334020 30430002 30441042 30444003 30446002 30464032 30484002 30484043 30488005 30488011 30489007 30503009 30503018 30507003 30509002 30513027 30582017 30582053 30687013 30689027 30724015 30764028 30765033 30878027 30939003 31015024 31026015
kakakoạ'E|1|25096007
kakakoạe|19|23564017 23571014 23584005 23585005 23587005 23656027 23751006 23794007 23875006 23995007 23997016 24010012 24023008 24350014 24355006 24866011 24886013 26387013 28642009
kakakoạku|8|28110015 28116006 28116017 28677037 28729010 29359018 29388026 29826029
kakakoạu|23|23462008 23535030 23573016 23773009 24351021 24357002 24381006 24764013 27609015 27922010 27951009 28156008 28195005 28339011 28508008 28641003 28673019 28678046 28736023 28773017 29018010 29146010 30521033
kakakědang|3|28673027 29800034 30060005
kakakědangku|1|29864040
kakakědangu|2|30057035 30271004
kakakěhagě|2|27583014 29149032
kakakěllaěng|5|29118009 29713028 29916013 30421028 30469015
kakakěllaěng'u|1|29568008
kakal|1|29273021
kakaluang|11|23334002 23334009 23335008 23572024 25856016 30685048 30685055 30812034 30814013 30835030 30845008
kakalě|89|23296025 23779026 23792042 24055009 24055023 24318019 24582028 24606038 24619049 24927013 25389025 25630032 25707021 25719024 26136012 26137030 26157013 26171040 26193015 26232012 26232019 26235020 26250019 26251012 26285021 26298022 26305009 26312013 26326026 26510005 26606024 26762018 26763007 27409050 27411031 27954003 27970007 27970021 28069047 28091031 28092011 28161029 28246022 28363006 28769030 28771033 28853017 28877021 28878028 28966021 29263008 29273023 29713042 29714018 29801019 29805037 29808022 29838031 29895017 29931018 29972011 30037016 30040012 30047023 30120022 30121024 30262033 30398009 30398027 30432034 30476046 30477009 30491013 30543026 30576016 30595024 30636015 30638020 30641025 30641059 30642016 30645052 30679026 30680036 30694026 30728055 30779024 30933016 31086035
kakal᷊amonaěngu|1|28792016
kakal᷊imona-monaěnge|1|29768016
kakal᷊imonaěng|3|27334037 28943026 31049026
kakal᷊imonaěnge|8|24620009 24620021 25677002 26389024 26872019 28418002 28765002 29730003
kakal᷊imonaěngu|1|29219006
kakal᷊iomaneng|14|23290023 23722010 23747020 24081011 27282042 28696002 28696011 28812037 29381006 29718009 29718011 29961019 30437017 30788041
kakal᷊iomanenge|1|29753007
kakal᷊iomanengku|1|29371004
kakal᷊iomanengu|4|24907014 27291015 30831023 30832003
kakal᷊ě|1|26631011
kakalạ|4|25487024 29260028 29462009 29806019
kakalạe|2|23312006 25601022
kakalạu|1|27967010
kakanengang|1|24986017
kakanengangu|2|24981016 24990017
kakanoaku|1|29864007
kakanoạ|99|23201003 23301017 23779015 23922018 24486007 24841002 25034003 25629014 25950034 25977007 25986045 26121005 26140023 26141016 26380014 27096042 27098024 27098035 27139022 27336011 27349036 27472026 27572025 27690056 27815016 27833011 27958037 27965012 27999004 28029031 28066014 28090020 28130027 28216011 28279017 28293010 28322031 28477035 28562047 28888021 28888026 28924042 28926022 28969002 29093014 29096005 29182009 29193006 29197006 29197016 29308009 29310010 29310017 29314008 29316003 29316017 29373005 29448006 29506028 29611023 29727012 29789004 29885020 29909012 29916006 30308019 30311009 30312015 30312030 30312038 30314019 30315015 30316009 30319017 30320016 30336019 30337029 30392022 30414017 30416012 30426025 30427006 30508018 30509027 30513052 30517022 30547029 30550036 30598023 30642002 30657015 30686016 30688013 30741030 30862006 30966025 31051042 31052035 31096024
kakanoạ'E|1|26011026
kakanoạ'U|1|30951032
kakanoạ-Ku|1|30005022
kakanoạe|3|23700025 23948029 27969011
kakanoạku|4|27808010 28107006 29431013 29452019
kakanoạu|11|23251014 23281020 23287002 23287017 23289024 24068010 27775030 28216022 29760026 30415008 30950039
kakantarị|11|23477005 24085006 24781005 25228032 27509011 29324004 29324017 29534034 30778008 30950005 30950012
kakasiang|1|28152021
kakasiange|1|24718019
kakate|1|28920037
kakaten|1|30883006
kakaugě|1|23685017
kakawusang|1|27057008
kakawusange|2|28946042 28999007
kakawusangu|4|28371005 29937018 30271018 30764015
kakaěng|8|23308028 27104037 28301004 28545008 28598021 29511011 30116008 30450029
kakaěngu|1|27634013
kakerong|1|28860016
kakerongu|2|25676002 31065011
kakindoạ|1|30090029
kakingkaeng|6|23834013 23835007 24158009 24161008 26850013 27728008
kakingkaeng'E|2|23400029 26849030
kakingkaeng-Ku|1|26850047
kakingkaenge|4|24464034 24807006 26831013 30711017
kakingkaengu|3|23275017 23400040 27346030
kakiokang|1|30240012
kakiwal᷊o|9|23888020 23908016 24687017 25400008 25800028 25945006 26820005 27997039 28208011
kakiwal᷊on|11|23392004 24278005 24607009 25130005 25708009 25874009 26066022 26093009 26667007 29549021 30440033
kakiwal᷊ong|4|23591008 23825016 24912009 25036012
kakiạ|3|23624018 24177005 30230022
kakiạ'E|1|24862005
kakiạe|1|23628022
kakoatenge|1|30355015
kakoatengu|1|30127019
kakontiang|3|26426059 27996015 29707012
kakoạ|11|23423022 23930008 26337006 26885022 27228009 27726017 27841024 27926007 27970020 29343027 30129002
kakoạko|5|23424003 23743009 26332018 29760017 30416017
kakoạu|1|23676027
kakuate|1|29387024
kakuhau|1|23188006
kakui|1|24015006
kakuin|5|28167026 28217033 28506010 28508013 30490011
kakunsị|3|23692006 30754022 31040013
kakunsị'u|1|30842022
kakuịen|1|25645003
kakěhage|1|28950019
kakěhangu|1|30694013
kakělla|4|24662020 25673005 25903006 28928004
kakěllai|1|25340012
kakěllako|3|25264003 30716013 30887007
kakěllaěng|13|23947009 24525019 26557025 27117018 28658025 28891006 29091008 30775010 30776003 30786026 30912007 30941019 30949006
kakěllaěngbe|1|28891020
kakěllạ|1|27088021
kakěllạe|2|27374003 30325018
kakěndag'E|8|26059032 26560009 28053018 28056005 28242014 28972012 29826015 29828017
kakěndag'i|10|27910006 28780023 28940028 28941027 29270021 29271012 29563055 29579002 29579024 30055019
kakěndag'u|4|27406041 27454014 27967007 28334008
kakěndage|12|25238022 25243002 25243024 25580010 26137005 26713004 28068037 28932008 29038026 29234010 30615012 30616025
kakěndagi|5|26710021 28892002 28920020 28957006 29169034
kakěndagu|19|26167008 26786020 27585062 27651041 27659025 27674010 28050015 28083022 28875011 29211028 29237017 29275012 29370012 29946008 30620008 30622004 30622028 30665005 30694006
kakěndagě|34|25448032 26061004 26062012 27787015 28050021 28275010 28332010 28335019 28455021 28529032 28668031 28669022 28679028 29215013 29269022 29288013 29362015 29532013 29635006 29702008 29817022 29823019 29911027 29928010 30272041 30337026 30480006 30487022 30598019 30611014 30614004 30620025 30622011 30649030
kakěndagẹ̌-Ku|1|26710015
kakěndịe|1|24816006
kakěngkaing|1|26568014
kakěngkainge|3|26568024 26873013 26874019
kakěngkunang|1|30883017
kakěntul᷊ang|1|25447007
kakěpal᷊e|12|24332031 25319018 25508037 26267018 27489014 28063047 28183013 28560027 29225033 29272015 29280009 30214011
kakěpal᷊enge|1|25239007
kakěpal᷊ewem|1|23633025
kakěpal᷊ewen|1|24299007
kakěpal᷊eweng|1|31001008
kakěpal᷊u|5|26991013 28065038 29096019 30424006 30857004
kakěsạ|1|29412005
kakěsạ-kěsạ|1|29458027
kakẹ̌pal᷊e|2|27033005 30820016
kakẹ̌pal᷊u|1|27027014
kakạbahanine|1|27418012
kakạbawěllone|1|26021021
kakạbul᷊use|1|23628019
kakạdaninen|1|27883026
kakạdanineng|2|26020005 30395014
kakạdodokange|5|23447007 23471015 25486003 25891017 29260007
kakạděngụ|1|27239005
kakạděngụe|5|27074002 27103006 28860034 29286024 29288024
kakạdịdikange|2|23254012 23254022
kakạdọdokang|2|25224020 25350041
kakạdọdokange|3|23253014 23734007 23738010
kakạdọdokangu|2|23176010 23572006
kakạgolange|1|29295013
kakạhěbine|2|24869004 26274003
kakạkowọe|1|26004010
kakạl᷊ahe|1|27997008
kakạl᷊awọe|3|26198004 28875008 28875014
kakạl᷊unsemahe|1|28825034
kakạpaghohe|2|30559025 30568010
kakạparunge|1|28849042
kakạsalobare|1|28876014
kakạsandigeng|1|30691009
kakạsariane|2|24351017 29420005
kakạsawuhe|2|27362007 27606011
kakạsukụe|1|29288026
kakạsěllahe|1|25026005
kakạtahuěnnane|1|25026007
kakạtoghase|3|27239008 27362009 27606014
kakạtualage|1|28860039
kalakuang|1|29912008
kalakě|1|27815027
kalalolang|1|30362034
kalelọ|1|25031013
kalide|25|23829016 23829022 23830021 23832019 23832025 23834004 23834010 24643025 24643033 24645011 24645022 24646021 24647018 24648007 25762022 25762032 25763010 25765007 25765017 25767008 25767022 25767030 25768007 26595004 26596013
kalidene|3|25398031 25534018 30517011
kalonge|2|24753026 25498024
kalongeng|1|24197009
kaloěngen|1|26869002
kalu|64|23203006 23203012 23336002 23523004 23595007 23835019 23846012 23846031 23846041 23847017 23848022 24033025 24035023 24057020 24159008 24178021 24411007 24525022 24654014 24661015 24758039 24863024 25035008 25035015 25190010 25191002 25526028 25538018 25658018 25658029 25736012 25737006 25967004 25967020 25989010 26135009 26857015 26857065 27266010 27392020 27903005 27903009 28075017 28226027 28381029 28382012 28387014 28423019 29116033 29400015 29486035 29509017 29510002 29848020 30215030 30215038 30228020 30424014 30861036 30874005 31006024 31006034 31007002 31083014
kalum|4|30725021 30820045 31095015 31100028
kalun|11|25856012 26093033 26095019 26705004 26855022 28227006 28234014 28234054 30332005 30332012 30877006
kalune|6|23523008 23523013 23523024 26704021 28229017 30946017
kalung|11|23990004 24654006 24655006 24661009 24746004 25962038 25974003 26843005 26845002 30800047 30945039
kal᷊aadatě|2|25006016 29973026
kal᷊aadile|1|28170010
kal᷊aadilẹ̌-Ku|1|23508021
kal᷊aadilẹ̌e|1|30536021
kal᷊aampung|5|27091030 29305024 30032033 30375030 30614029
kal᷊aampungu|6|27401019 30111032 30140014 30142026 30146010 30152018
kal᷊aanggang|1|29799002
kal᷊aarese|1|27818027
kal᷊aasagě|1|28052002
kal᷊ahaungang|1|29805017
kal᷊aherang|4|25436006 25436019 26599020 26993003
kal᷊aherange|1|26033013
kal᷊aherangu|1|25435043
kal᷊ahimumun'E|1|30483035
kal᷊ahole|3|28658020 30278020 30429019
kal᷊ahumotongange|2|23809013 23809017
kal᷊ahumpakengu|1|30793039
kal᷊ahuntimadu|1|30046014
kal᷊ahutung|1|25603011
kal᷊ahěmpukang|2|29337013 29967023
kal᷊ahěmpukange|3|27764023 28013017 29338007
kal᷊ahěmpukangu|1|29242028
kal᷊ahěmpụ|2|26639030 29548003
kal᷊ahětiwange|1|27829033
kal᷊aiakange|1|30229025
kal᷊aiaking|4|28807014 28846007 28970024 30174007
kal᷊aiakingu|1|28807010
kal᷊aianeng|9|23269022 23925013 24713004 27091009 29228009 29985016 29987044 30042004 30771024
kal᷊aianeng'E|2|23941024 29227012
kal᷊aianenge|2|28472020 29968004
kal᷊aianengu|4|27803023 29274020 30215063 30965010
kal᷊aintol᷊angeng-Ku|1|27166004
kal᷊aiwantel'u|2|23162036 23163004
kal᷊aiwantele|1|30068028
kal᷊aiwantelě|1|29929033
kal᷊amona|67|23259008 23316002 23322005 23535036 23570015 23636021 23711019 23726015 23942051 23945007 23983010 24099014 24202013 24551010 24728009 25432041 25582014 26320017 26459014 26940017 27169023 27323028 27461007 27464009 27863047 27933008 28086008 28097002 28098021 28462002 28535011 28577016 28578012 28629007 28632010 28635011 28755023 28920016 28924046 29212008 29423030 29429009 29458017 29810022 29813014 29965004 29981032 29998019 30022033 30026033 30055038 30076023 30092022 30098030 30143026 30251040 30383008 30410003 30506008 30521040 30525011 30528011 30605021 30623012 30677047 30687009 30698028
kal᷊amona-mona|1|29261024
kal᷊amonam|1|29895024
kal᷊amonan|11|23247005 24869038 26060031 26440011 26582003 26970010 27344003 28402022 29788004 29819038 30917019
kal᷊amonane|1|25310020
kal᷊amonang|4|23601003 26840011 29892006 30984047
kal᷊amuhụ|1|30508025
kal᷊aobotě|1|28977005
kal᷊aonode|1|27871021
kal᷊aude|1|26277009
kal᷊aukangu|1|28462013
kal᷊auntung|13|28154011 28238021 28536031 28773039 28839014 29302027 29390035 29436012 29460020 29795007 29904028 30468039 30758018
kal᷊awokang|3|27618023 28217026 28831006
kal᷊awokange|5|24565026 27528012 27868016 28573010 29376010
kal᷊awọ|3|26344015 27134021 29388023
kal᷊awọe|42|23162008 23552008 23563036 23667021 23671017 23863009 24038010 24344035 24348030 24349011 24378035 24451011 24520012 24521021 24619006 24619018 24717025 24831016 25117013 25719006 25830013 26158012 26213019 26268020 26271010 26360025 27109017 27248026 27733015 28041034 28234048 28552027 28938005 29159033 29587034 30185020 30235029 30710025 30773012 30791012 30820022 30874022
kal᷊awọewen|3|23186026 23882009 25283002
kal᷊awọu|320|23173027 23195003 23199004 23201012 23218013 23227009 23234020 23251013 23261012 23415036 23419024 23441027 23473004 23479035 23480007 23481013 23481034 23483025 23490002 23505027 23531025 23575020 23581014 23587015 23593007 23607018 23755012 23878002 23951010 23954013 23987026 24005006 24040010 24131003 24142014 24143013 24220026 24221017 24231013 24248011 24265003 24266017 24297035 24420022 24421007 24422004 24452002 24551014 24609006 24610019 24617011 24666030 24667018 24679022 24710025 24743009 24808010 24815020 24971016 24993007 25008024 25013007 25029030 25034013 25084020 25140017 25165013 25197005 25214009 25217010 25231009 25247009 25250008 25308007 25309008 25312011 25377037 25385043 25394020 25410002 25427012 25428028 25459033 25461004 25478034 25505022 25522012 25524014 25547014 25564036 25599013 25651029 25662010 25741011 25747022 25769032 25856015 25890006 26039023 26111009 26210025 26234006 26434031 26435008 26514015 26627011 26666008 26710005 26710025 26905030 26916042 26924028 26951007 26955008 26997015 27016023 27028006 27048033 27050019 27068019 27074004 27076007 27091026 27127006 27131016 27133017 27184003 27191007 27233008 27326040 27387020 27401039 27410023 27430033 27431009 27455020 27460002 27465008 27466015 27488039 27510021 27531016 27566008 27590019 27599028 27605024 27614003 27648019 27659040 27821020 27842031 27844014 27844037 27966010 27967036 27979024 27994015 28017039 28030007 28040017 28048009 28120042 28145008 28227011 28235054 28241003 28275021 28317018 28322028 28331040 28331058 28352013 28470027 28491016 28507018 28514003 28516041 28636002 28663014 28663057 28667004 28674041 28681033 28684023 28684052 28702010 28703030 28722037 28741002 28741012 28748022 28751020 28778019 28802010 28812036 28836019 28897024 28956031 28968020 28976029 28977003 29033006 29034042 29062016 29072011 29157018 29172005 29214020 29304002 29349014 29350027 29351022 29390011 29441031 29446031 29451008 29461035 29480010 29508031 29510009 29517013 29523005 29570027 29594014 29596032 29598011 29606006 29642004 29701013 29704017 29723015 29755002 29773005 29784008 29799028 29804026 29853023 29907011 29927018 29944016 29945018 29967039 29982013 30001015 30006019 30018045 30030012 30038039 30046047 30050020 30051021 30054032 30061024 30067007 30081010 30092028 30099038 30105004 30105011 30116002 30116011 30121022 30121050 30137013 30151010 30152002 30180011 30185026 30199018 30206031 30214019 30236037 30251007 30251034 30251043 30264008 30288005 30339014 30379006 30379015 30401006 30401014 30455018 30473002 30484023 30489023 30510019 30513039 30524022 30532040 30533020 30535022 30622016 30627023 30628007 30686015 30688029 30689017 30691024 30692022 30699049 30723012 30734006 30750023 30766022 30825026 30828032 30878020 30908015 30931028 30950038 30951031 30966024 30969018 30998022 31006022 31047007 31047033 31059030 31096006
kal᷊aěllo|13|24804002 25325025 25918002 26996002 26997013 27102003 27489010 27595064 28750006 28876025 30009024 30092012 30145007
kal᷊aěludě|1|28968018
kal᷊aěmungangu|1|25192011
kal᷊aěnnaěng'i|1|30513042
kal᷊aěnnaěnge|1|28688019
kal᷊emboghang|1|27699020
kal᷊enehẹ̌ko|1|24363014
kal᷊entọ|1|27004020
kal᷊iewehu|1|29349015
kal᷊ighạ|2|27539028 30261023
kal᷊ighạe|1|29064021
kal᷊iki|1|29625037
kal᷊ikine|1|30894014
kal᷊iking|1|29159023
kal᷊imam|2|27748002 27756012
kal᷊imane|4|30803008 30842004 30965003 31074001
kal᷊imang|1|27045011
kal᷊imbotong|5|23197016 24222015 30844008 30844015 30848003
kal᷊imbotonge|1|30846020
kal᷊imona|65|23367012 23519020 24316020 24423027 24466020 24468013 24491013 24550020 24593012 24642024 24666021 24741009 24794008 25189036 25361020 25363016 25369008 25444012 25678014 25836016 26018009 26106013 26718011 26865005 27023016 27051012 27301013 27409024 27437030 27441016 27829022 27899024 28032030 28101003 28147011 28593012 28962014 28993020 29046019 29067006 29071009 29075013 29086048 29111006 29111029 29120014 29184025 29247022 29258021 29392024 29570014 29595018 29615019 29619034 29620037 29665021 29738021 29742008 30049013 30250008 30389012 30464017 30569012 30691005 31058028
kal᷊imonan|8|24785009 25839002 25859007 25880020 26046004 26351023 26632002 29073012
kal᷊imonane|3|25173024 25321028 30175005
kal᷊imonang|4|24425002 24748008 24763022 29573005
kal᷊ingaěng|1|24723010
kal᷊ingung|6|23373013 24439009 25381017 26072007 27388037 27588026
kal᷊iomaneng|3|23849008 24568015 29813034
kal᷊iomanengang|1|30639021
kal᷊iomanenge|3|24790014 25407012 27054005
kal᷊iomanengen|1|27201011
kal᷊iomanengu|1|28875015
kal᷊itoěng|1|28752002
kal᷊oa|1|30513007
kal᷊oahenge|1|25138013
kal᷊ohoěngu|1|27234047
kal᷊oko|1|30513032
kal᷊okone|1|30683028
kal᷊ondon|1|28967024
kal᷊ongong|1|28984027
kal᷊ongonge|1|29106006
kal᷊owokange|1|25376009
kal᷊owọe|2|23482012 23484011
kal᷊uase|2|25594011 29387027
kal᷊umu|1|24518038
kal᷊unusang|1|25172012
kal᷊unuse|1|25605016
kal᷊uwaeng|2|23775014 30075017
kal᷊uwaeng'E|2|26635017 26636021
kal᷊uwaenge|1|24930011
kal᷊uwaengu|1|26917015
kal᷊ěbaěng|1|29016012
kal᷊ěnggihange|2|25611012 30285024
kal᷊ěnggihe|6|23586011 23869037 28759014 28760014 28760021 30499019
kal᷊ěnggihu|1|28760007
kal᷊ěpa|6|24716014 25399008 25466008 25597010 25748018 25829011
kal᷊ěpane|6|24070029 24133024 24139018 24445027 24760011 26265010
kal᷊ěpang|1|30820044
kalạ|31|23786016 23787014 24187006 24612015 24614009 24715025 25476010 25477002 25622010 25622019 25640005 25642013 25643019 25645005 25648007 25651003 25712015 25713017 25714009 25734009 28369013 28942020 29806004 30277005 30277018 30278027 30296005 30356006 30727019 30764007 30925008
kamageng|69|23282002 23521019 23572010 24004005 24428038 24691002 24699002 25632002 25697010 25795018 25824002 26258002 26387010 26605023 26650015 26731010 26734030 26883035 26917026 27196009 27625002 27653010 27770013 27853032 28038010 28123011 28216015 28271013 28296002 28414011 28454002 28465028 28503002 28506024 28509015 28525026 28541004 28552011 28607002 28615010 28690002 28703002 28735002 28736002 28827002 28828036 28961005 28978002 28980005 29046042 29150016 29403013 29737002 29739010 29747002 29775011 29986007 30077002 30160002 30169010 30172010 30188011 30282013 30412011 30419008 30472017 30552017 30582030 30615006
kamagengbe|4|23286004 28130015 28607014 29670008
kamagengben|1|29752017
kamagengu|39|23437002 23481012 23522016 23569004 23741002 23751002 24356002 24358015 24711002 24729002 24747003 25374002 25564003 25567002 26255005 26932007 27444017 27964028 28130002 28225019 28974015 28986002 29033032 29044005 29099015 29198012 29669014 30035019 30120002 30218028 30270006 30282003 30305015 30334002 30420005 30426012 30431025 30463002 30499020
kamamaresě|2|30776022 30841010
kamania|8|23181035 24903020 24904003 24905021 28840008 30788036 30831019 31007010
kamar'u|2|23405013 24405033
kamarě|8|23289009 23984030 25463019 25877008 26937016 27256017 27635003 29961005
kambal᷊ọ|1|30911010
kambing|7|24041025 25618036 30118022 30119002 30125026 30138008 30210023
kamea|1|29818005
kameang|1|29818013
kamene|3512|23178023 23200027 23200036 23201005 23201008 23201014 23202004 23204002 23204009 23204014 23204025 23227011 23229014 23246003 23246006 23247006 23247024 23248002 23249002 23255004 23256002 23257007 23258009 23260006 23260029 23260041 23261006 23262002 23263007 23267007 23268002 23269007 23273002 23274007 23274018 23275007 23276007 23277007 23277023 23278002 23279007 23279018 23280003 23281005 23281010 23282004 23282011 23283011 23284004 23284018 23284024 23285004 23286003 23287025 23288003 23289004 23289032 23290003 23291012 23291015 23297003 23297009 23297019 23298004 23298020 23299003 23299008 23300004 23300009 23300015 23301005 23301019 23301027 23307033 23308020 23309029 23310005 23311003 23313022 23313025 23315021 23316020 23318007 23319004 23319016 23319021 23319032 23320003 23320021 23321002 23323014 23324004 23324009 23324014 23328003 23328007 23328017 23329007 23332011 23333002 23337008 23340010 23340016 23372004 23372013 23384014 23386006 23391018 23395008 23404009 23426019 23429003 23429016 23429021 23430003 23430014 23431023 23432009 23432014 23432017 23434005 23434015 23434022 23435006 23435015 23436002 23436013 23436021 23437004 23437017 23437021 23437029 23437034 23438009 23438021 23440002 23440009 23441003 23441016 23441022 23445005 23445016 23447023 23449007 23458005 23464013 23467020 23468006 23469004 23470023 23470030 23474004 23477008 23477011 23477024 23481003 23481009 23481020 23482018 23483003 23483011 23483016 23483030 23484018 23488005 23488017 23489010 23489022 23490011 23493005 23495007 23497018 23501010 23517002 23517021 23517031 23517035 23518025 23524002 23524006 23524013 23529014 23529022 23551008 23556006 23556015 23557015 23557029 23591003 23614010 23637012 23637024 23639004 23640016 23640019 23641002 23641012 23650011 23651004 23668004 23675009 23676006 23676021 23676036 23677010 23677018 23681015 23681020 23681022 23682006 23682012 23682028 23683018 23684006 23684016 23688004 23690017 23701005 23710022 23713006 23718007 23718010 23718022 23718026 23721007 23721014 23721018 23721027 23721046 23731010 23731020 23746005 23746017 23747007 23763019 23763023 23767008 23771007 23771010 23771013 23786011 23787005 23791024 23797009 23797018 23799027 23800018 23815002 23815007 23815014 23816006 23818014 23819003 23819017 23819022 23820009 23820014 23829013 23840028 23843024 23848007 23848015 23848032 23849005 23849010 23849015 23849018 23851010 23851014 23851022 23852045 23854027 23855006 23858045 23859010 23859020 23859040 23859047 23869013 23870015 23891014 23891019 23892008 23902006 23902011 23904006 23915004 23927003 23927017 23928004 23928016 23929005 23929012 23930006 23930011 23932003 23932011 23932015 23932024 23932037 23933003 23933011 23933015 23933030 23933039 23934003 23934011 23934015 23934041 23934049 23935003 23935008 23936002 23937002 23938005 23942003 23942011 23942015 23942043 23942050 23943002 23943013 23943019 23944003 23944010 23944019 23944021 23944033 23945002 23946003 23946010 23946014 23947004 23947008 23947018 23948003 23948010 23948014 23949003 23950003 23950008 23951018 23952002 23952014 23953021 23953029 23953035 23953043 23954005 23954034 23957010 23960012 23962009 23964002 23967004 23967019 23967022 23973002 23978006 23981010 23983009 23984006 23984017 23990017 23991005 23991012 24000006 24002004 24002017 24017011 24021008 24022016 24043013 24043027 24044007 24044016 24044025 24044030 24045006 24045011 24045016 24049013 24049028 24050014 24051007 24051016 24052006 24052013 24052017 24052027 24054009 24054022 24057002 24065013 24066008 24066015 24070010 24070019 24076012 24082020 24084017 24086014 24087012 24093020 24095029 24096007 24096020 24100020 24110016 24110037 24119015 24120021 24121007 24147018 24151012 24154047 24195002 24195006 24201013 24203026 24203031 24203042 24209004 24209022 24210016 24216010 24216018 24220022 24220038 24224004 24224016 24231011 24231015 24233014 24269017 24269023 24271007 24277035 24286010 24303017 24303020 24303026 24304003 24333009 24333012 24335008 24337010 24337017 24348010 24348016 24348026 24364011 24364016 24416016 24418007 24418017 24419004 24419019 24419029 24439038 24445007 24446011 24470005 24470015 24472008 24472014 24473008 24473020 24475003 24476003 24477004 24477008 24477013 24477027 24482011 24482017 24506004 24518018 24518022 24518028 24518040 24519002 24519009 24519020 24520016 24521025 24522007 24530004 24540007 24548023 24552005 24555004 24558010 24558014 24558026 24558031 24572020 24580006 24580009 24589015 24592010 24594009 24631013 24632003 24632013 24632022 24633009 24658035 24664003 24664020 24664023 24664028 24664033 24665008 24665025 24665028 24666004 24666009 24667003 24670010 24670018 24672036 24674022 24684002 24689014 24698005 24698011 24700013 24701014 24703009 24723009 24725003 24727002 24727007 24727026 24727038 24727045 24729004 24729018 24729031 24729040 24729044 24731002 24731010 24732002 24739008 24741011 24746018 24747005 24747014 24751003 24751010 24753004 24753009 24754013 24755006 24761012 24762006 24762011 24762014 24762024 24773012 24775011 24782008 24783012 24793012 24793026 24796022 24803015 24804011 24804014 24817011 24819002 24819018 24826013 24836007 24836016 24839019 24880010 24881019 24881025 24881035 24984015 24986006 25009019 25029028 25029034 25029042 25033018 25033027 25034005 25034008 25034015 25034028 25040036 25042015 25042044 25085022 25087009 25112023 25130014 25132009 25138022 25142007 25149010 25150009 25167010 25167016 25168003 25168010 25168015 25168021 25169003 25170016 25170028 25171005 25171014 25172003 25172010 25172015 25172022 25173003 25173011 25174003 25174019 25174028 25175006 25175012 25178008 25178013 25179003 25179010 25180004 25180015 25181004 25182006 25182012 25182019 25182037 25183003 25183008 25184007 25184022 25184040 25185011 25185013 25185023 25185028 25185036 25188004 25188017 25188022 25189004 25189030 25189044 25193003 25193016 25194023 25218016 25220020 25221002 25222003 25228021 25228024 25228030 25228036 25229015 25230012 25256005 25264008 25271011 25306004 25306012 25307004 25307011 25307020 25315006 25322003 25329005 25343007 25343010 25343024 25343028 25350045 25352021 25352025 25367009 25369003 25372003 25372011 25372021 25373024 25374004 25375004 25375016 25375032 25377003 25377008 25378012 25379003 25379006 25379009 25379017 25380012 25380018 25383003 25383010 25383027 25384013 25384016 25384021 25387016 25387023 25388012 25388025 25408009 25411011 25415005 25415009 25415015 25417002 25419003 25419006 25424020 25425021 25426020 25445009 25445024 25446002 25447014 25447026 25448003 25448007 25448014 25448039 25448046 25449003 25449007 25450003 25450005 25452006 25452012 25452023 25453003 25453005 25453020 25454003 25454008 25454018 25454029 25458003 25458014 25458017 25458030 25463003 25463016 25465005 25465011 25465036 25467013 25471003 25471025 25472005 25472013 25475016 25482019 25484027 25485006 25486008 25488023 25488026 25489008 25490018 25491003 25491022 25492002 25492013 25493005 25495007 25500004 25500018 25511004 25514010 25514019 25515003 25515012 25516002 25516007 25516029 25517005 25518006 25518020 25518035 25518043 25518048 25519003 25521017 25522008 25522014 25522017 25523023 25524010 25524017 25534005 25544012 25544033 25545002 25546012 25546020 25547004 25547023 25547031 25553014 25553041 25554011 25559012 25562003 25564005 25564032 25582004 25587008 25587014 25593006 25630027 25632010 25632019 25633007 25633021 25634029 25634031 25636008 25636026 25658005 25658015 25658034 25659004 25662004 25662007 25662014 25666021 25673021 25674013 25674026 25675006 25675017 25778023 25785027 25788015 25833008 25835008 25835028 25836006 25839007 25839014 25839025 25839035 25840007 25841006 25841009 25841015 25842023 25843002 25843019 25843022 25844002 25844010 25845008 25846003 25846009 25847003 25847011 25855016 25857009 25858005 25858012 25861006 25861022 25863007 25863015 25880019 25882022 25884028 25885031 25891003 25891013 25892029 25893005 25894019 25895004 25895015 25896009 25900012 25900016 25900023 25905012 25905017 25911010 25911017 25917035 25918007 25918012 25918022 25932022 25932025 25933006 25933009 25935017 25950006 25950023 25950041 25964022 25997018 25998017 26017008 26028016 26030007 26030016 26031024 26033025 26036016 26036021 26040002 26041009 26041015 26041024 26071012 26071020 26083017 26101015 26128008 26132021 26133002 26133015 26133025 26149002 26179002 26179008 26189016 26192002 26192018 26195003 26195009 26195020 26205012 26205021 26231026 26239002 26244002 26245017 26246017 26248014 26249008 26249011 26250002 26250008 26250014 26251003 26253005 26253009 26253017 26254009 26254023 26255003 26255007 26256006 26256012 26256022 26257003 26257009 26258004 26258018 26258024 26284007 26284014 26284026 26285031 26287012 26290023 26294007 26294010 26294018 26307004 26311010 26311022 26316015 26319018 26320006 26321020 26322005 26323013 26325016 26328009 26328018 26335014 26336008 26337004 26348012 26348015 26348025 26350013 26351008 26351032 26352003 26352017 26357017 26357052 26362017 26363002 26363016 26374029 26376003 26389016 26396027 26397002 26401013 26401024 26401030 26403015 26403022 26403028 26403034 26404025 26405009 26405022 26406006 26406009 26406015 26406020 26406026 26406029 26407020 26408006 26408009 26410011 26410019 26410033 26413017 26413023 26414003 26414013 26415024 26418009 26418012 26419006 26419014 26419022 26420013 26420021 26420023 26421015 26421029 26422010 26423002 26423009 26424015 26424018 26425004 26425012 26426007 26426010 26426016 26427011 26428005 26428021 26429015 26429024 26431017 26436026 26436029 26437003 26437031 26440009 26468009 26468012 26468018 26468024 26471008 26482006 26482010 26482016 26482026 26502019 26507009 26507012 26508002 26508007 26514009 26514034 26516012 26516017 26518003 26520015 26520025 26539014 26539017 26558013 26573014 26574004 26580024 26589007 26611018 26616012 26616022 26617013 26617016 26641023 26642018 26643024 26643034 26644002 26645014 26645019 26646007 26646010 26646020 26648003 26648012 26648015 26649009 26650007 26652021 26664010 26664012 26664032 26664039 26665006 26665009 26665017 26665021 26666003 26666015 26670003 26671014 26671021 26672007 26672015 26672021 26673006 26676003 26676009 26676017 26678011 26682006 26682015 26683006 26684003 26684009 26685019 26686029 26686038 26686045 26687002 26687016 26688014 26688025 26689008 26689019 26689029 26693014 26694006 26694011 26695022 26695026 26695035 26696005 26696010 26696021 26697002 26697019 26697022 26697027 26698006 26698021 26699008 26703002 26703010 26704012 26704025 26705009 26705032 26707003 26707015 26707023 26708003 26708014 26709011 26709014 26710003 26710011 26711007 26711016 26712012 26714002 26714008 26714014 26715002 26715019 26715034 26716003 26716012 26716015 26716034 26717006 26718006 26719003 26719011 26719023 26719029 26719042 26720007 26720027 26720039 26721008 26721011 26726013 26727003 26727010 26728007 26728010 26729002 26729019 26730006 26731008 26731015 26731025 26731033 26731043 26732018 26733007 26733016 26734007 26734012 26734028 26734043 26737017 26739007 26739012 26740016 26740047 26741013 26742018 26743005 26743016 26744026 26744039 26746022 26746034 26746043 26747003 26747016 26747023 26749004 26749009 26749018 26749021 26749034 26750005 26750020 26750032 26751005 26751016 26751021 26752007 26752027 26753005 26753021 26754007 26754011 26754014 26758009 26759009 26759013 26760008 26760018 26760027 26790020 26793009 26794020 26815019 26817013 26825004 26825019 26825028 26830020 26830023 26832033 26840025 26841024 26861018 26885045 26885049 26887043 26889009 26889021 26891003 26891016 26894036 26899008 26899026 26904012 26905008 26905015 26909015 26928038 26929016 26931014 26932003 26932015 26932018 26935003 26935012 26935023 26935032 26935044 26964051 26965010 26967019 26967028 26967049 26972025 26972051 26972060 26973012 26973020 26983028 26986017 26988008 26988020 26988025 26989008 26989012 27009015 27009023 27009032 27010025 27010032 27011010 27011024 27012002 27014014 27014019 27014026 27014030 27014037 27016011 27017009 27017025 27017037 27019009 27019026 27019035 27022026 27022048 27023015 27023022 27023032 27023039 27030016 27030030 27034018 27085016 27088010 27088026 27088028 27088031 27088039 27090006 27095025 27099012 27099023 27105004 27105008 27121030 27149008 27154021 27154026 27159031 27159039 27160008 27160027 27160038 27166016 27168007 27168014 27168022 27168027 27168033 27169012 27169038 27170010 27170013 27281016 27281018 27288009 27297002 27298002 27298024 27317021 27324019 27378031 27379021 27388021 27388028 27395011 27401008 27401024 27401026 27403004 27403012 27404004 27404010 27404027 27404040 27409023 27409028 27409036 27409042 27409058 27410017 27410032 27430005 27430016 27430028 27430031 27432027 27432032 27432037 27450020 27450038 27453005 27466047 27467015 27467021 27468023 27470023 27471013 27472031 27472035 27472041 27475011 27501035 27527034 27546019 27546031 27547008 27547017 27547042 27547045 27547056 27552026 27564032 27564038 27572034 27573014 27573020 27588007 27588015 27589009 27599051 27601019 27611026 27612005 27621016 27623006 27625012 27625019 27645027 27647002 27647014 27647019 27647023 27652006 27652034 27653008 27653015 27654014 27655003 27655007 27655025 27655030 27655041 27656013 27656020 27657004 27658029 27659007 27659016 27659020 27659036 27659043 27661002 27662012 27678010 27706019 27750032 27750035 27802006 27823024 27877027 27878013 27878022 27880024 27881009 27887027 27889025 27890005 27890014 27890017 27890022 27920009 27920014 27921029 27925042 27926012 27926020 27937010 27939015 27941018 27942007 27942020 27944009 27944019 27944029 27946012 27966003 27966013 27966019 27966023 27967003 27967019 27967033 27967038 27968004 27968013 27980007 27980013 27980017 27980021 27980027 27980030 27987011 28072004 28080002 28080008 28081011 28081017 28082004 28082009 28082024 28082041 28083006 28083009 28085004 28085008 28085018 28085025 28085035 28086010 28086018 28086029 28087002 28088003 28088016 28088020 28088025 28088043 28088048 28089004 28089008 28090009 28090017 28091005 28093006 28093013 28096006 28096016 28096021 28126003 28126010 28127023 28128045 28130004 28130011 28130023 28130029 28130033 28132007 28132012 28132017 28132029 28182009 28208027 28208040 28228005 28228015 28228020 28234002 28234020 28234026 28235008 28235033 28240004 28240016 28241018 28247021 28247025 28247038 28248009 28248015 28248020 28249015 28258003 28259020 28260013 28263006 28266025 28266029 28270024 28270028 28270035 28270040 28271011 28271016 28271022 28272005 28272014 28272024 28273009 28274008 28274017 28274027 28278005 28278013 28281010 28294012 28297008 28309015 28310004 28311022 28317008 28317016 28317024 28317035 28318014 28318016 28319009 28320049 28326010 28327019 28328015 28328023 28328029 28332030 28333006 28333014 28334017 28334020 28336010 28336020 28337011 28339032 28343011 28354030 28356007 28356022 28356027 28358008 28359018 28360006 28360030 28361009 28362010 28365076 28368008 28368011 28369003 28369011 28369019 28369030 28370014 28371003 28371012 28372006 28372019 28373014 28374017 28374025 28374028 28375016 28376006 28377012 28377014 28378007 28390010 28390017 28390022 28396016 28397013 28398007 28399005 28400007 28412008 28412020 28413015 28413026 28414003 28414013 28414029 28415022 28416027 28420012 28420020 28427002 28427008 28427022 28428025 28429010 28434003 28437011 28439009 28440008 28440029 28440046 28442004 28442012 28442017 28442030 28442042 28444015 28444028 28444038 28448008 28448012 28448017 28449010 28449017 28449039 28449050 28450010 28451010 28451032 28452004 28452018 28453015 28455008 28455011 28456010 28456019 28457009 28457013 28457027 28458016 28458027 28458047 28458056 28460003 28461003 28461010 28462011 28462027 28464010 28464013 28465030 28465039 28466007 28467025 28467029 28467048 28469005 28470002 28470015 28471003 28472011 28473005 28475017 28475020 28476003 28476015 28477002 28477022 28479004 28479013 28479020 28479029 28483009 28484004 28487002 28487007 28487020 28487031 28487034 28487038 28488006 28488017 28489010 28493030 28493045 28493050 28496019 28497004 28497009 28497014 28503044 28511008 28511020 28512003 28512008 28512014 28516037 28520007 28523010 28523025 28523037 28523044 28537021 28538007 28538029 28539007 28540004 28540016 28540030 28542029 28543016 28543022 28552009 28552019 28552029 28553010 28554002 28565002 28569007 28581005 28581027 28581033 28581037 28581047 28581050 28582011 28583004 28583013 28588028 28589002 28589020 28593002 28595003 28595012 28595023 28596006 28603006 28603009 28603021 28604007 28615007 28618009 28618013 28618021 28620007 28621006 28621011 28622007 28623006 28623010 28623018 28623035 28623041 28623054 28624005 28625023 28626025 28627004 28627014 28631006 28634010 28634020 28635014 28635023 28636014 28637007 28637013 28638002 28662002 28662011 28666006 28666024 28680003 28680007 28684006 28684020 28685019 28688012 28688032 28691004 28691008 28691024 28697019 28699021 28699036 28702039 28703004 28703025 28704026 28705015 28710008 28715007 28715017 28720012 28720021 28720023 28721003 28721017 28721021 28722029 28724006 28730006 28730036 28731015 28733023 28736019 28750017 28750024 28752005 28753011 28777014 28777026 28777033 28779008 28780015 28780024 28782007 28783010 28783021 28784007 28784024 28787019 28789029 28790002 28790010 28791004 28792002 28793005 28793011 28794015 28795015 28796012 28796030 28797011 28800006 28801005 28803021 28807021 28807028 28808020 28808031 28809011 28810017 28812009 28813030 28814007 28814017 28814022 28814032 28814050 28814060 28816014 28816017 28817008 28817022 28819010 28820012 28824028 28825006 28825013 28825016 28825029 28825032 28826019 28827010 28828011 28828018 28828024 28828028 28828045 28829005 28829026 28829031 28829036 28830029 28831009 28832005 28833008 28833013 28834005 28834009 28834012 28835003 28835012 28835041 28843023 28843026 28844002 28845009 28865031 28872026 28875006 28889028 28889038 28890010 28890023 28890029 28890035 28891029 28898036 28900020 28900023 28910015 28911011 28911014 28911021 28912013 28916028 28917008 28917011 28919010 28920010 28920024 28921006 28921010 28921025 28924023 28924031 28924039 28924044 28924053 28925006 28925027 28925033 28926010 28926018 28926024 28926028 28926040 28928003 28928009 28928021 28928028 28928047 28928052 28929039 28929050 28930026 28931007 28931013 28931023 28931035 28932010 28932017 28932028 28933007 28934012 28939024 28940002 28940010 28940029 28940038 28941028 28942003 28942026 28942035 28943012 28943018 28943025 28944007 28944013 28944023 28945003 28945018 28946017 28946021 28946031 28946041 28946056 28949015 28950023 28950033 28952037 28955041 28955051 28956017 28957004 28957007 28957017 28957026 28958009 28959005 28959014 28959043 28960015 28960022 28960030 28960042 28961019 28961027 28961048 28961051 28962012 28962021 28962033 28962046 28962050 28965011 28965018 28965021 28967022 28968005 28968014 28968023 28969006 28970008 28970026 28970034 28970044 28970059 28971007 28971014 28971022 28973013 28973027 28974014 28978005 28979002 28980029 28981005 28981013 28983014 28985033 28986009 28987044 28987059 28992005 28992011 28992013 28994004 28994013 28994024 28994027 28994044 28996020 28997008 28997014 28997035 28997045 28998006 28998027 28999014 28999042 29001012 29001022 29006015 29009003 29009014 29010002 29010009 29010015 29010024 29010029 29034012 29034023 29035019 29036006 29036025 29037011 29037019 29037028 29037033 29038013 29038021 29038028 29038034 29039003 29039015 29039032 29040015 29041008 29041029 29042004 29042016 29042018 29042047 29043010 29043015 29044018 29044027 29045010 29046025 29046037 29047003 29047010 29047025 29047038 29048041 29049003 29049007 29049011 29049022 29049033 29049037 29050004 29051013 29051031 29053010 29053020 29054019 29054033 29054048 29055009 29055014 29055037 29056025 29057006 29057011 29057019 29059038 29064009 29064019 29065014 29065020 29067026 29071003 29071016 29087023 29096025 29096038 29104008 29104013 29104030 29105010 29105023 29106004 29106008 29106021 29107010 29108007 29108014 29108023 29108029 29110004 29129003 29129010 29129018 29130002 29130012 29130018 29131025 29132003 29132009 29132015 29138003 29138020 29139003 29139014 29140003 29140009 29141006 29141019 29141024 29141041 29142002 29143007 29144011 29144022 29144024 29145002 29145018 29146005 29146016 29146019 29147002 29147025 29147030 29148003 29148015 29149009 29149022 29149027 29150020 29151011 29151036 29152007 29152013 29152026 29153020 29159010 29159020 29160006 29160018 29165005 29165015 29167003 29167022 29170003 29170014 29170027 29171012 29173008 29173013 29173031 29175009 29176002 29176022 29176027 29178004 29178014 29179013 29180031 29180037 29181009 29181012 29184016 29190013 29190029 29190040 29191003 29191013 29201016 29202016 29220002 29220010 29220018 29220020 29220034 29222009 29222016 29223010 29224017 29224023 29224030 29224033 29225012 29225020 29225026 29225030 29231004 29231010 29232005 29232013 29235034 29238005 29238012 29238016 29238021 29241011 29241015 29242005 29242013 29242023 29242036 29242045 29242049 29243006 29243014 29247013 29247016 29249005 29249014 29249023 29250002 29252009 29253015 29254004 29254022 29256004 29256009 29265007 29265010 29265018 29265026 29268012 29269004 29269016 29269019 29270009 29271010 29271017 29274017 29275005 29277010 29293008 29294002 29294011 29295004 29297002 29298010 29299003 29299011 29302003 29303008 29303027 29305006 29305026 29306002 29306015 29307002 29308002 29308018 29308027 29309005 29309019 29311003 29313002 29313012 29313019 29313028 29316012 29320008 29321008 29323011 29323019 29324012 29324015 29325010 29326008 29327007 29330002 29330009 29338010 29338013 29338029 29339014 29339021 29342015 29343011 29343029 29344008 29344018 29345004 29345010 29345019 29347010 29347019 29347026 29347031 29348004 29348011 29348018 29349008 29349011 29351017 29351029 29351035 29352004 29352012 29352022 29353004 29353011 29353015 29356023 29356027 29359021 29359024 29360008 29360014 29360020 29362006 29364017 29365005 29366008 29367015 29368008 29369002 29369019 29369022 29370009 29371006 29371009 29372004 29372011 29373002 29374005 29381008 29387016 29387021 29388009 29388012 29389007 29389022 29389030 29390003 29390014 29390027 29390038 29391008 29392004 29392021 29392035 29393002 29393006 29393013 29393019 29393021 29393028 29394004 29395017 29397003 29404011 29404021 29404030 29404036 29405009 29405012 29407003 29407009 29407034 29407045 29407057 29407069 29409013 29409020 29409037 29410005 29411016 29411024 29412014 29414002 29415020 29416017 29417013 29417025 29418005 29418019 29420014 29420017 29420024 29422019 29423008 29423012 29423029 29423037 29437018 29437031 29440009 29444012 29444021 29444025 29446011 29447003 29447008 29448008 29449013 29449019 29450016 29451007 29452006 29452027 29453030 29453035 29453041 29457003 29457014 29458008 29458026 29459013 29460022 29461018 29461038 29462021 29465016 29466007 29469007 29469015 29469029 29471002 29471006 29471010 29471024 29472025 29473005 29474017 29475010 29475021 29475040 29476005 29476020 29476027 29477007 29477011 29478011 29487005 29487011 29487017 29488012 29488021 29489004 29489016 29489020 29489023 29489028 29490011 29491010 29493024 29493027 29496006 29496015 29499007 29500006 29500014 29500022 29501016 29502007 29502011 29502018 29502027 29502031 29503004 29503010 29505008 29506008 29506025 29507004 29507008 29507019 29507026 29508002 29508009 29508013 29508024 29511007 29513003 29515002 29515021 29515033 29519002 29519012 29521003 29521008 29522019 29525004 29525016 29526006 29527016 29528003 29528025 29530002 29530010 29530014 29530021 29531002 29531024 29531027 29532009 29532017 29533017 29533028 29533039 29534014 29534017 29534045 29535006 29535022 29536002 29536010 29537002 29537007 29538002 29539002 29539010 29540002 29540009 29540026 29540029 29540041 29541005 29541013 29542004 29542023 29542031 29544014 29544022 29548005 29548014 29549003 29549011 29549018 29550010 29551006 29551009 29551019 29552015 29552033 29553009 29553020 29553035 29555009 29555023 29555034 29555038 29555044 29556012 29557011 29559007 29559018 29559028 29560010 29561021 29562036 29563012 29563032 29563040 29563046 29563051 29563056 29563068 29565012 29565017 29566008 29566033 29566041 29566047 29567002 29567013 29567019 29567030 29568005 29569004 29569027 29570008 29570019 29570025 29571008 29572006 29572013 29573002 29573011 29573041 29574006 29576002 29577012 29577032 29578012 29579010 29579028 29580003 29580029 29580038 29581012 29581019 29582002 29582009 29583006 29583012 29583020 29583038 29583043 29584025 29584028 29584050 29585007 29585022 29585028 29588003 29588015 29588033 29589008 29590005 29590026 29591004 29593030 29593036 29593040 29594009 29594020 29595008 29595017 29595040 29596030 29597018 29597031 29597044 29597047 29597062 29598023 29598026 29599014 29600025 29601019 29601024 29602021 29603005 29603017 29603026 29604008 29604015 29605012 29605026 29605044 29605049 29606003 29606015 29607008 29608005 29610024 29612023 29613008 29613012 29613019 29614008 29614031 29615012 29615023 29616003 29616007 29616023 29617010 29617026 29619015 29622006 29624003 29626019 29627002 29627008 29633008 29634013 29634020 29634034 29635017 29637022 29640019 29645026 29645037 29646008 29649011 29650010 29652015 29653017 29653028 29653036 29654011 29654025 29654039 29655014 29655025 29656016 29657003 29660017 29660027 29660035 29661012 29661021 29661036 29661054 29662010 29662013 29663027 29664003 29665006 29667016 29668003 29675020 29675033 29675046 29675048 29675058 29676007 29676014 29676020 29676027 29677016 29678019 29678022 29680025 29682010 29682013 29683010 29683013 29683027 29684006 29684014 29684022 29685016 29685020 29686002 29686007 29686024 29687030 29688015 29688030 29689007 29690016 29692003 29695016 29695026 29697009 29698054 29746012 29746021 29809006 29810028 29893012 29897037 29924010 29939028 29961021 29961034 29964007 29990011 30003015 30004007 30004013 30005006 30008010 30009008 30009018 30009022 30011015 30011022 30011027 30011033 30016030 30022040 30022047 30022052 30042018 30042026 30043007 30043012 30043030 30043040 30054017 30054024 30054039 30055015 30055020 30055025 30056008 30056018 30056023 30057007 30057019 30057037 30098058 30126021 30166025 30166028 30166034 30167003 30167013 30168003 30168016 30168019 30168029 30168032 30169008 30169012 30170002 30170007 30191023 30216024 30217006 30218012 30218027 30218033 30220003 30221003 30221015 30228023 30230002 30235004 30236002 30236025 30236035 30237002 30237013 30238006 30238010 30243004 30244004 30244011 30245008 30245020 30245026 30247003 30249006 30249015 30251003 30251014 30259008 30259022 30259038 30259068 30261011 30261031 30263009 30263018 30264005 30265004 30265039 30266009 30267006 30269007 30269014 30270003 30270008 30270017 30270025 30271007 30271013 30272006 30283002 30288022 30288030 30289002 30289016 30295016 30296017 30297003 30297013 30297032 30298006 30298011 30298018 30299003 30300003 30300016 30300019 30301011 30302002 30302008 30303004 30303010 30303019 30305017 30305025 30310006 30310014 30310021 30313002 30314002 30314011 30321009 30321013 30333005 30334004 30334026 30339010 30339017 30339025 30340002 30340006 30340011 30340017 30340020 30340025 30340032 30341005 30341011 30341018 30341026 30341032 30342002 30342009 30342015 30342022 30345019 30346012 30346015 30346018 30346027 30347007 30348004 30348013 30349039 30349047 30350026 30350030 30352007 30352011 30352017 30353003 30354007 30356014 30357003 30357008 30358004 30358016 30358021 30358025 30359002 30359008 30359018 30360002 30360012 30361002 30361015 30363003 30363010 30364008 30366010 30366019 30367037 30368003 30371007 30371012 30371015 30374008 30376038 30376040 30376059 30376067 30380005 30380009 30380016 30380024 30381006 30381020 30382008 30382042 30383002 30383011 30383017 30383026 30383033 30384005 30384013 30385023 30387022 30387027 30387039 30388005 30388015 30390016 30391009 30392002 30392011 30392040 30393002 30393011 30393021 30395029 30396007 30396028 30396038 30397003 30397012 30397018 30397030 30398012 30400016 30402003 30402019 30403009 30405002 30405011 30405024 30407008 30409003 30409026 30409030 30410005 30410015 30411007 30411024 30412016 30412027 30413006 30415013 30416002 30416014 30418012 30419007 30419010 30420007 30420013 30420021 30420027 30420039 30421011 30421019 30421031 30424039 30425003 30425016 30425026 30426004 30426010 30426027 30426038 30427008 30428002 30429003 30431019 30431027 30432005 30432014 30432028 30432040 30432048 30433005 30433008 30433026 30434024 30434028 30438007 30438010 30439004 30439013 30440006 30440010 30440026 30440037 30441005 30441016 30441021 30441026 30441039 30443033 30446016 30446035 30446043 30446050 30448010 30448014 30449005 30449008 30450005 30450020 30450022 30451011 30451029 30454010 30454019 30455004 30455014 30457002 30457027 30459007 30459027 30460005 30460022 30461003 30461008 30461025 30462005 30463004 30463008 30463025 30467007 30468003 30468016 30468036 30468044 30469011 30470011 30471010 30472016 30473005 30473015 30474008 30475012 30475030 30476005 30476016 30476024 30476027 30476041 30478008 30478032 30478036 30478049 30479017 30480020 30482011 30482016 30484028 30484040 30485010 30485020 30486007 30486018 30487016 30488007 30488017 30488020 30488028 30490020 30490027 30490032 30491005 30492014 30492028 30493011 30495011 30496007 30499022 30499046 30500007 30502018 30504023 30514041 30524012 30524026 30525004 30525020 30526003 30526027 30531012 30532022 30534012 30534015 30535003 30537010 30537021 30538011 30538028 30540003 30540022 30540031 30541004 30541019 30543021 30544016 30544019 30546014 30552010 30552013 30558015 30558023 30558027 30558041 30559021 30563005 30564005 30564012 30564025 30564031 30565004 30565009 30565017 30565023 30565036 30565042 30565053 30565056 30566014 30566020 30569011 30571004 30571021 30572007 30572011 30572022 30575007 30575011 30575021 30575024 30575033 30577007 30577015 30578003 30578012 30578017 30578026 30578033 30578044 30578056 30580002 30580016 30585002 30587008 30591011 30593015 30595014 30606007 30608005 30608010 30608020 30638004 30638011 30638014 30641028 30641082 30647021 30647036 30652013 30652019 30654007 30654010 30654020 30656009 30658007 30658021 30672007 30675012 30676014 30676036 30676039 30678007 30678014 30685004 30685012 30690003 30691007 30691017 30693003 30693013 30693022 30694011 30694028 30695010 30696003 30696021 30697006 30697010 30697016 30702017 30707013 30720008 30720010 30720015 30720024 30720032 30720051 30720055 30721002 30721006 30721013 30722006 30722008 30723009 30723014 30723021 30723035 30724009 30724012 30727006 30727012 30727017 30727026 30728012 30728022 30728028 30728030 30728041 30728049 30731008 30731018 30731034 30731044 30731049 30732015 30732021 30733006 30734008 30734019 30737009 30737015 30737019 30737022 30737026 30737035 30738009 30738011 30741025 30741032 30742003 30742033 30743008 30743018 30748035 30748038 30749013 30749027 30750009 30750017 30750027 30750036 30750042 30751004 30755008 30755013 30755018 30755027 30756038 30757003 30757009 30757017 30758011 30758020 30762007 30762012 30762022 30763003 30763015 30764003 30764019 30764030 30764033 30765006 30765009 30765019 30765029 30765035 30765049 30765052 30766018 30766024 30904025 30918005 30998012 30998019 31000012 31000038 31014032 31097011
kami|943|23172022 23172034 23292008 23294003 23294008 23295004 23295007 23295015 23296005 23296012 23339021 23339035 23375015 23375022 23377012 23377018 23394019 23463013 23477002 23477016 23528016 23568027 23576023 23615002 23649014 23720017 23790007 23790023 23800008 23805014 23805032 23823028 23824029 23826007 23854009 23889024 23890009 23949008 23949016 23949021 23961024 24017014 24017017 24020018 24046009 24046016 24046023 24047005 24047014 24047023 24047032 24048003 24048011 24053012 24053032 24072024 24118023 24123008 24134026 24155008 24155013 24172031 24193005 24210009 24240008 24240016 24374020 24377010 24445016 24544019 24561033 24561037 24567019 24577011 24577023 24617007 24624025 24674006 24688013 24688051 24722006 24767028 24813002 24859017 25022021 25036009 25038021 25040008 25040015 25087024 25098011 25098017 25113009 25113014 25201015 25215026 25216017 25216035 25228016 25315017 25315029 25335027 25351006 25351018 25356024 25375008 25375011 25381024 25381027 25407024 25409003 25409008 25410004 25410007 25410015 25410020 25410026 25413022 25451020 25473027 25501008 25544026 25545006 25545027 25647008 25657012 25662020 25662024 25662031 25665007 25717007 25746021 25746027 25782008 25787006 25801014 25801026 25802008 25874007 25914017 25932003 25938013 25951017 25954016 25966013 25966020 26013003 26014008 26014012 26016004 26067005 26067013 26067020 26086018 26090011 26114019 26114023 26123015 26132003 26132008 26132011 26132018 26132026 26147026 26169005 26169011 26177004 26179011 26179023 26199009 26199019 26199023 26286012 26288014 26289005 26292007 26300014 26326016 26327002 26415002 26415011 26421007 26423014 26423024 26430011 26434013 26435035 26461015 26462009 26462020 26465022 26469015 26469019 26470002 26470018 26475016 26481021 26482020 26506019 26515011 26602012 26619013 26674011 26674021 26677014 26677017 26678046 26691019 26757003 26757025 26816012 26817022 26833007 26841035 26893013 26902015 26948031 26982012 26983037 26987032 27009028 27009041 27009046 27012026 27032002 27043003 27043014 27048017 27052010 27052015 27083004 27083017 27083037 27083040 27088005 27088046 27089010 27092002 27092011 27103028 27104026 27105027 27106003 27113012 27116002 27144026 27152030 27157011 27157020 27157024 27157038 27198011 27282008 27293027 27293043 27299003 27301008 27301017 27302006 27320031 27321008 27395006 27410009 27430010 27466035 27467002 27467009 27467028 27468004 27470003 27471009 27494008 27494022 27494031 27495002 27496004 27496023 27497005 27497018 27497032 27499015 27499045 27500004 27500012 27501010 27512011 27521011 27521021 27543021 27544011 27544018 27556024 27588024 27632005 27632011 27633009 27633020 27633030 27634007 27635008 27640002 27641015 27642005 27642020 27666002 27666020 27666029 27666040 27667005 27667012 27668005 27668013 27668017 27668024 27669005 27670006 27670011 27670020 27670034 27670045 27671004 27672002 27672012 27673003 27673014 27675005 27676005 27677005 27679007 27679010 27679023 27680009 27680015 27681012 27681015 27681021 27682004 27682016 27683008 27688004 27690020 27690024 27744024 27749018 27750043 27772022 27772042 27773006 27774020 27775002 27776016 27776021 27776031 27777010 27778029 27784017 27829037 27830023 27838002 27857005 27858002 27858042 27859003 27860004 27860008 27860016 27861004 27862018 27863009 27863019 27863034 27863040 27863045 27863050 27863067 27864007 27865013 27871004 27871016 27872002 27872010 27872023 27872031 27876010 27876027 27883008 27900022 27901004 27901012 27902007 27902016 27902024 27907022 27910012 27910024 27910029 27911006 27911024 27912002 27913004 27913029 27914004 27914019 27915018 27915035 27916004 27921008 27922003 27922015 28032029 28153013 28153024 28197024 28205020 28360013 28364026 28385037 28408020 28415005 28416018 28416033 28416042 28420002 28435003 28442022 28442037 28443005 28443022 28444006 28444022 28444032 28445005 28445013 28445023 28445025 28445030 28446002 28446007 28446016 28446020 28446026 28446031 28447005 28447008 28447014 28447028 28552002 28552013 28552023 28553015 28730028 28731003 28733015 28734007 28734019 28749007 28799013 28801013 28805006 28805013 28805020 28805025 28806013 28806023 28807003 28807016 28807037 28808002 28808017 28808025 28808036 28809006 28809018 28809025 28809032 28809035 28811006 28811019 28811031 28812002 28812011 28812019 28812031 28812039 28813002 28813009 28813013 28813016 28813026 28813035 28813044 28814004 28814037 28814052 28814056 28821030 28839010 28839019 28839027 28840003 28840023 28840039 28842002 28842019 28842025 28842037 28843009 28843014 28844009 28844017 28845019 28846002 28846009 28847002 28847011 28847025 28848006 28854003 28854011 28855002 28861002 28861018 28862002 28862013 28862026 28862038 28862046 28863005 28865005 28865010 28865026 28867013 28867035 28868002 28868011 28868016 28869004 28869010 28869015 28869020 28869024 28870003 28870011 28870020 28871003 28871007 28871027 28872007 28872014 28873027 28873033 28874002 28874016 28876006 28876020 28877010 28877023 28878003 28879003 28884006 28884012 28884017 28884024 28884029 28884038 28885003 28886005 28886009 28886016 28887004 28887015 28887020 28889002 28889012 28889018 28889024 28889032 28890004 28890013 28890015 28890026 28891003 28891018 28891024 28892007 28892010 28894004 28894018 28897002 28897034 28898003 28898011 28898024 28900003 28900015 28902002 28902008 28902015 28903006 28903010 28903025 28904002 28904009 28905014 28905021 28906013 28906020 28906029 28907002 28907014 28908002 28908020 28909004 28909016 28909024 28910009 28910020 28911002 28911007 28911024 28912017 28919004 28919012 28919024 28919027 28920021 28921014 28921021 28922004 28922010 28922020 28922035 28923025 28924003 28924028 28926035 28929053 28930006 28930014 28931021 28931032 28934006 28938009 28938025 28939005 28940031 28949010 28950010 28951006 28952018 28952021 28952024 28952041 28953002 28953010 28954002 28955009 28955018 28957024 28960020 28961035 28961043 28968027 28974032 28975002 28975013 28976005 28976023 28977013 28978013 28979033 28980020 28983010 28983017 28983024 28983028 28984005 28984015 28985002 28985008 28985012 28985018 28985029 28986004 28986012 28986020 28987002 28987008 28987022 28987025 28987039 28987051 28988005 28994046 29002029 29011007 29042006 29042013 29042029 29042041 29048025 29048031 29048039 29048043 29050009 29051002 29051023 29051040 29052003 29052012 29053005 29053014 29057022 29066009 29066025 29067002 29067028 29072030 29081013 29087003 29087014 29091040 29092009 29097005 29098004 29098024 29098033 29098040 29098046 29099002 29099022 29099043 29149024 29168003 29168005 29168020 29168026 29207014 29360012 29362019 29439010 29439025 29466010 29469002 29469026 29473010 29474006 29494007 29494012 29494027 29546003 29546013 29550019 29551015 29552022 29558004 29561023 29562019 29563002 29563017 29563034 29563042 29565002 29566003 29566024 29566038 29567006 29567027 29569038 29570011 29572011 29573006 29573015 29573029 29574003 29575004 29575022 29575025 29576007 29577002 29577025 29578003 29579003 29579005 29579019 29579025 29580009 29580016 29580021 29580033 29581002 29581024 29582005 29583002 29583008 29583015 29584008 29584019 29586016 29587007 29587010 29588009 29588026 29589002 29589023 29590010 29590030 29591008 29592003 29592013 29592019 29593003 29593020 29593025 29595004 29595011 29596034 29597013 29597028 29597039 29597052 29597056 29598016 29598018 29598033 29599006 29600008 29600018 29601005 29601015 29602015 29603024 29605038 29606012 29610019 29613005 29614024 29615016 29617006 29619012 29634006 29636002 29647005 29650012 29651023 29653006 29653022 29654007 29654015 29654023 29657013 29660032 29661006 29661014 29664035 29664047 29675008 29676011 29677014 29677021 29680008 29681008 29683003 29683024 29685012 29685034 29686012 29686015 29686020 29687002 29687016 29687023 29688002 29688008 29688020 29688025 29689004 29689010 29690002 29690009 29691008 29693008 29697012 29810034 29893014 29939015 29939031 29940012 29942002 29964009 30042016 30054012 30054019 30056002 30057002 30057013 30260004 30260008 30260013 30260018 30266004 30351012 30353011 30375032 30480032 30481011 30496004 30496018 30496031 30497002 30498002 30498015 30499005 30541035 30542021 30542026 30542029 30542038 30543007 30543013 30543017 30543039 30544005 30544008 30544013 30544021 30545002 30546006 30546011 30618002 30618011 30654014 30665011 30669019 30671015 30764005 30764012 30780005 30804031 30810015 30810018 30814016 30890015
kamie|3|29566044 29605007 30671026
kamisae|1|28779005
kamohong|2|28698015 28698024
kamonaěng|12|23515019 23516008 23516011 24041019 24313009 24899021 24902005 25164025 25423022 27342013 27742020 29123005
kamonaěnge|1|25424012
kamonaěngu|1|30835029
kampong|20|23415012 23415015 23429007 23613032 23829003 24379015 24414014 24444020 24464010 24528009 24886023 25247013 25280022 25354019 25355005 25358008 25402014 25541015 25664005 25762003
kamponge|1|25314042
kamumụ|9|24158010 24844006 26828027 26831014 27498009 30772016 30980007 31006015 31010019
kamumụe|2|24161009 24847009
kamạgeng|2|23903003 28113007
kananawong|2|28475016 30723008
kanandum|1|29993011
kanandun|1|25113005
kanandụe|2|29270015 30711019
kanandụen|1|25646008
kanandụewen|1|26902031
kanandụeweng|1|31079008
kanarang|2|25018029 25985003
kanaung|1|29173011
kanaunge|1|29397005
kanawoěngu|1|30679041
kandange|1|25534020
kandua|20|23407019 24624031 24626006 25975023 26021011 26527010 27001017 27409055 27430018 27521036 27521040 27521057 28440025 29041033 29041043 29414021 29469031 29475005 29475016 29475023
kanduan|1|28547004
kanduang|4|25022024 26692014 28440017 29552026
kanengang|10|23308012 23314009 23666030 24468008 24502016 24503023 28283011 28298010 28301019 28584035
kanengangu|1|28301023
kangere|5|23179015 27703009 28240002 29241013 30737043
kangker|1|29845008
kanini|5|24380009 24572027 25921025 26222008 26321021
kanisa|20|23594014 25108009 25533002 27377024 27378014 27405008 27405013 27406005 27464016 27526007 27541021 27562011 27565014 27566005 27575008 27577016 27584012 27594018 27782022 27835008
kanisa'n|1|27526014
kanisan|4|23435019 27368014 27416017 27525021
kanisang|1|27534025
kantari|1|29324007
kantarị|3|23477019 30789005 30930023
kantorě|2|24275021 25135016
kaobote|1|30511017
kaonggotangu|1|28066030
kaonggọtangu|1|23284026
kaorase|1|29015032
kaorasě|5|24175007 24860008 26533006 27067003 30829020
kapaelange|1|25561011
kapaele|1|25832007
kapaelě|1|23705010
kapahiakeng|7|25448010 30070018 30071013 30073007 30073026 30074014 30896005
kapahiakengu|8|23942018 30067006 30069027 30835020 30837005 30837015 30838021 30886010
kapalě|1|30837017
kapal᷊'i|4|27863008 27866033 27871003 27895034
kapal᷊e|1|30445028
kapal᷊i|1|27872030
kapal᷊u|1|31013036
kapal᷊ě|49|23996024 25679019 27640007 27640022 27641010 27665027 27667007 27667015 27668030 27671015 27858005 27858014 27862007 27862020 27867011 27868014 27869013 27871007 27871018 27873006 27873008 27873016 27873034 27874009 27875004 27875011 27878032 27880030 27883019 27885006 27886004 27886010 27886023 27887013 27887017 27887023 27893004 27894017 27895006 27896034 27897002 27898004 27900015 27911014 29015016 30180028 30324004 30324007 30445033
kapananipoěng|1|25191010
kapande|5|23594036 28421003 28529025 28668005 28862019
kapanden|7|23532033 25437022 28385004 28430028 29503015 29503022 29503032
kapandene|2|28385013 29009020
kapandeng|1|27553032
kapangimangeng|4|26408017 30157013 31059036 31087015
kapangumbalaěng|2|29590006 29709025
kapangěnnaěngbeng|1|29256008
kapanipoěng|1|23333013
kapapahiakeng|1|27103034
kapapal᷊idu|1|30540025
kapapal᷊idě|1|30684024
kapapal᷊usen|1|24742002
kapapateng|1|25298008
kapapelesa|5|30272024 30333022 30334017 30337004 30457029
kapapia|15|23163030 23163036 23168006 23977008 24735011 24918010 24920010 24925005 24979010 25192012 25850014 26221012 29625034 30338004 30894004
kapapian|2|25616026 29271020
kapapian'E|1|30409042
kapapiane|5|23443002 28547006 28831012 29032015 29797011
kapapiang|2|28705052 29412013
kapapiaěng|1|27284025
kapapohong|9|26118010 28057009 28058016 28382008 29103022 29214002 29243021 30163029 30729028
kapapohong'E|15|25332023 26368036 26597018 26614009 27527028 27542064 27555049 27847023 28584025 29059070 29246002 29484027 29992034 30631015 30703031
kapapohonge|18|26981027 26982008 27090012 28731012 28732017 28733010 28734031 28735016 28739009 29227009 29571022 29836024 30068030 30121045 30378034 30396019 30446059 30703015
kapapohongu|6|27655063 28627016 28870005 29486032 29488005 30153007
kapapohongu'E|1|30789028
kapapěnisange|1|28405023
kapapěnisě|2|23164018 23286010
kapelesa|8|28643022 28645015 28645031 28645050 28645058 28691032 28692019 30985007
kapelesan|4|28384029 28386014 28389009 28813049
kapelesane|1|28643008
kapelẹesa|4|27112017 27127018 29215019 30792023
kapepe|1|24362012
kapesě|1|30712010
kapia|277|23183045 23189018 23267026 23398047 23431027 23465021 23525017 23568016 23584023 23651018 23694044 23743039 23792029 23812028 23877002 23896029 23901008 23903009 23904015 24003004 24087006 24097002 24098006 24100007 24107008 24118008 24151004 24161014 24170012 24182012 24194029 24274004 24290004 24345005 24424032 24438009 24483016 24521015 24532041 24544013 24549023 24564036 24656012 24668004 24692027 24697006 24699007 24700006 24783004 24795006 24796006 24824011 24825006 24825014 24839005 24841015 24910007 24947007 25019012 25084008 25181030 25227005 25309027 25310023 25321032 25324035 25370021 25399033 25509007 25568028 25594004 25595026 25613009 25621028 25630006 25651018 25652026 25670008 25740032 25744018 25815006 25816023 25817010 25883021 25910007 25956013 26026011 26038023 26066024 26096004 26118008 26124016 26128011 26298026 26320012 26323005 26390006 26393020 26468021 26499014 26500022 26548019 26609019 26634032 26641019 26643016 26680011 26695027 26701005 26836005 26930024 26935036 26936007 26945016 26974007 26981025 26982006 27012022 27013021 27013043 27025018 27025030 27033056 27056012 27086016 27090010 27133007 27150005 27151036 27156023 27202017 27229030 27235019 27236007 27275005 27300009 27301027 27318015 27352015 27393007 27396011 27397007 27405021 27435017 27459006 27459013 27479014 27527026 27542062 27555045 27556008 27628008 27633022 27642008 27673007 27741061 27743015 27750030 27767019 27785018 27791030 27847021 27868020 27869023 27892007 27948021 28048016 28058030 28074028 28096036 28151027 28187017 28192010 28193017 28208003 28225032 28233027 28267015 28290007 28394037 28424013 28453009 28460022 28720015 28723005 28724012 28725006 28739007 28739020 28740015 28742018 28748007 28751037 28754011 28754022 28761008 28761020 28762016 28763015 28771030 28788018 28812021 28893027 28897015 29046040 29046047 29059068 29075029 29098060 29227007 29235022 29236014 29368025 29372023 29407076 29420021 29433010 29440016 29453023 29486014 29507021 29519006 29571020 29618011 29618024 29632012 29645050 29660010 29664015 29775021 29778012 29803018 29836022 29854006 29872006 29919005 29951014 29954018 29956016 29961031 30049011 30051015 30051018 30134019 30188024 30192010 30192025 30208007 30208027 30261028 30378032 30382054 30396017 30425019 30429010 30443045 30446057 30495015 30521026 30703013 30726023 30750003 30791004 30798007 30870012 30884014 30984076 30984082 31008033 31015038 31016020 31016038 31021007 31043070 31044009 31044019 31045007
kapiam|5|28592008 28601019 30485013 30485016 30671005
kapian|27|26611012 26779025 27264024 27291018 27800003 27880019 27967025 28059011 28063049 28172017 28255003 28313011 28900026 28905010 28971017 28973037 29073003 29235029 29237024 29254011 29662019 29678037 29768031 29928012 29987024 30251021 30403014
kapian'E|2|24384026 28232040
kapiane|47|23307015 23328027 23556004 23936012 24922015 24952014 25774004 26375010 26539012 26734009 28001011 28204020 28232009 28286009 28509022 28526014 28528003 28659027 28684015 28697017 28934016 29013021 29170007 29175002 29385021 29493007 29614035 29791031 29791037 29876028 30054029 30084024 30087014 30099033 30099041 30129025 30168038 30177009 30189011 30208034 30213009 30226016 30237021 30333012 30366038 30488038 30522002
kapiang|6|26611017 28835040 28942025 30223033 30228009 30412026
kapiangbe|1|28799007
kapiange|8|23938008 24432013 25449012 25562013 29141014 29192007 29481022 29833004
kapianu|1|25568013
kapiaěng|1|28392023
kapiaěnge|8|24707032 24859008 25406012 26106031 28442027 28673012 29372008 30412009
kapiran|1|23749021
kapirang|1|23956018
kapirě|6|27050016 28335010 28502057 29609012 30412005 30666016
kapiteng'u|1|27261014
kapitu|1|25010023
kapitun|1|23750013
kapitune|12|23899017 24696004 25811013 30019004 30019017 30024016 30687004 30829009 30869004 30888004 30972004 31074010
kapiạ|3|24257018 25121014 29484025
kapulu|12|23927005 23929003 27646028 27960013 28556022 28574015 28691012 29295016 29525011 29798012 29798017 30484032
kapulu'm|2|24324004 30514030
kapulu-Ku|8|25907016 26241007 26241024 26296011 26424032 26500012 26630007 27385047
kapuluku|13|23808006 24094030 24640021 24791023 26357033 27725016 28108011 28111019 28112007 28235028 28818015 28818030 29596011
kapulum|3|25325020 28802026 30324026
kapulun|107|23241014 23245008 23255023 23583005 23589018 23713025 23870022 23889036 24042004 24042016 24535028 24552018 24688025 24688033 24833014 25507005 25507015 25801035 25960011 25961027 26142006 26142020 26191010 26286016 26296015 26297004 26298005 26346005 27429007 27431014 27679017 27715028 27719034 27955010 27977013 27981014 28066019 28082049 28087013 28088052 28144026 28172009 28175025 28177014 28222009 28248004 28248022 28282021 28298023 28355015 28463022 28477010 28610008 28646014 28906024 28926031 28927026 28928016 29005015 29062002 29155008 29161007 29161013 29170019 29179018 29180002 29180007 29180012 29180019 29187018 29209011 29344026 29389010 29467023 29475044 29476008 29523006 29555048 29607004 29811035 29850011 29870029 29874021 29921016 30224039 30317026 30339028 30371023 30389009 30419012 30424028 30442008 30449014 30453036 30466008 30486033 30487004 30506048 30510012 30568014 30580010 30580024 30587012 30590018 30879058 31092019 31092026
kapulun'E|19|23316010 26472021 27719025 28121007 28365094 28862034 29216002 29216010 29216019 29661026 29661044 29982030 29988008 30086029 30241041 30263023 30285003 30437010 30639033
kapulun'U|5|24072021 27051027 30141015 30143017 30780029
kapulune|18|25602026 26129004 27585008 28085015 28129027 28137010 28524017 28653025 28671012 28757009 29081021 29212026 29485006 29706032 29854021 30501010 30668013 30669027
kapulung|31|23338019 23540004 23603003 23858010 24055015 24094036 24097024 24147017 24151011 24791027 25178007 25386030 25508005 25907020 26241028 26426013 28281019 28309021 28481031 28591012 28591020 28591033 28591040 28610014 29042034 29176021 29233015 29233022 29441013 30170010 30323013
kapulunu|5|24640002 25730003 26917024 27064025 27199005
kapuluwen|1|28558002
kapul᷊e|10|23386030 23807006 24272007 24384009 24399021 24493012 24610016 25132035 25246019 25671011
kapul᷊o|5|25027003 25289009 27883003 27889019 31074031
kapul᷊one|1|31074023
kapul᷊oěsane|1|31074027
kapurai|1|27098012
kapuraneng|2|23825015 25158017
kapusakateng|1|27973009
kapusakatengu|2|28478020 29493029
kapěbẹ̌basane|1|28856020
kapědeakeng|2|23333020 24505013
kapědẹ̌darendehe|1|27929012
kapědẹ̌daringihe|3|26150016 27360004 27509022
kapědẹ̌deạ|2|27279026 27551021
kapědẹ̌doronge|1|23754009
kapěgẹ̌ganohạ|1|27696025
kapěharapeng|1|29225018
kapěkẹ̌kahumange|1|27885022
kapěkẹ̌karadiahange|1|28872022
kapěkẹ̌koạ|2|27153013 27788004
kapěkẹ̌kěmbunine|1|27756017
kapělěsawe|1|28644009
kapělẹ̌habare|1|27590026
kapělẹ̌heange|1|27728002
kapělẹ̌hengetange|1|30238016
kapělẹ̌hibore|1|26555004
kapělẹ̌lindane|1|29782009
kapělẹ̌luntingihe|1|30782008
kapěměllọeng|1|27270014
kapěndangeng'E|1|30215052
kapěngimangeng|1|26357049
kapěngumbalaěng|5|24032014 25749016 27105025 28451025 29830015
kapěngumbalaěngu|1|24030015
kapěnuntukangu|1|28011039
kapěnẹ̌dene|1|30820042
kapěpẹ̌puhědange|1|23301007
kapěsẹ̌sakaenge|1|27668020
kapětẹ̌tampunge|1|26901025
kapẹ̌bansage|1|27174007
kapẹ̌baradosane|1|26386011
kapẹ̌bawukane|1|26007006
kapẹ̌berane|7|24082018 24170003 25702020 25835016 26448002 26452015 30126007
kapẹ̌bisarane|2|26409009 26957006
kapẹ̌bẹ̌berane|3|23706005 23756025 30527001
kapẹ̌bẹ̌bisarane|4|26183014 26478017 27287002 27304005
kapẹ̌daloneng|1|25667013
kapẹ̌dal᷊indane|1|28550012
kapẹ̌daral᷊enge|2|24275005 27547005
kapẹ̌dareakeng|1|25191016
kapẹ̌daringihe|1|25825004
kapẹ̌deạ|1|25278008
kapẹ̌dẹ̌dalone|2|27005032 27006009
kapẹ̌dẹ̌deạ|1|25867008
kapẹ̌dẹ̌doronge|1|23757007
kapẹ̌hengetange|1|24400005
kapẹ̌hědange|1|24362007
kapẹ̌kakiwal᷊one|1|26962008
kapẹ̌kal᷊iomanenge|2|27176011 29356005
kapẹ̌kionangu|1|26924027
kapẹ̌kiral᷊aěng|1|23523023
kapẹ̌koạe|2|24004012 26043003
kapẹ̌kuine|1|23407016
kapẹ̌kẹ̌kal᷊ioamanenge|1|27509008
kapẹ̌kẹ̌kal᷊iomanenge|7|25047017 27228027 27290013 27313004 27350026 27365004 27722009
kapẹ̌kẹ̌karadiahange|1|28872011
kapẹ̌kẹ̌koạ|4|27404022 27903017 29683016 30788005
kapẹ̌kẹ̌koạe|2|28071020 29344025
kapẹ̌kẹ̌kuine|1|23656013
kapẹ̌lukane|1|25765004
kapẹ̌lutạ|1|25687004
kapẹ̌lěhinakange|1|28440051
kapẹ̌lẹ̌hal᷊ě|1|29832003
kapẹ̌lẹ̌hapane|1|25928003
kapẹ̌lẹ̌hengetange|1|24798005
kapẹ̌lẹ̌hinakange|1|24169009
kapẹ̌lẹ̌hingide|1|28818023
kapẹ̌munarane|1|24286019
kapẹ̌mẹ̌mandane|1|30290015
kapẹ̌nawuhe|1|23544002
kapẹ̌ngẹ̌nguruise|1|30051028
kapẹ̌něntirone|1|27085025
kapẹ̌nẹ̌nomane|1|24232027
kapẹ̌nẹ̌paseng|1|27323011
kapẹ̌pakẹen|1|29622013
kapẹ̌papahiạem|1|28584032
kapẹ̌parohange|1|24678022
kapẹ̌pẹ̌patehe|2|25396016 25460007
kapẹ̌salune|1|24127007
kapẹ̌sal᷊imbange|1|26504007
kapẹ̌sasadiane|1|27630012
kapẹ̌sẹ̌simokol᷊e|3|24062024 24276004 26919023
kapẹ̌tahasenggọ|1|24726036
kapẹ̌tangkiange|1|30940021
kapẹ̌tarimakase|1|29545005
kapẹ̌tẹ̌tal᷊ipurunge|1|25435008
kapẹ̌tẹ̌timonane|2|24622007 28840019
kapạhuntinamban|1|29844017
kapạhuntinambane|1|27074003
kapạmokạen|1|30936007
kapạmurukangbe|1|29476021
karadiahang|2|28896005 30010009
karadiahangu|4|26954022 28053024 29563054 29675041
karaki|7|27048036 27765007 28088035 28363007 28813038 29889010 30448016
karakin|4|27373023 27654010 28089011 28362036
karakin'E|5|26973003 28145021 29261022 29263007 30062018
karakine|4|26942011 27140010 27634031 28836020
karaking|2|27241002 28645019
karalenehě|1|29625008
karalome|1|28054007
karal᷊ahe|2|26507026 30174015
karal᷊ahẹe|1|28739002
karal᷊ahẹu|3|24512027 24810009 29512011
karal᷊ai|1|25827012
karal᷊akisange|1|29712029
karal᷊akise|5|23443032 26225032 29772023 30008017 30521038
karal᷊akisu|1|27949012
karal᷊akisě|2|27949015 27971015
karal᷊akị|4|25192024 25435018 29777014 30120008
karal᷊akịe|3|23535034 23934047 24194038
karal᷊akịku|1|27790009
karal᷊akịu|1|27921042
karal᷊ambang|1|31097021
karal᷊amuhụ|9|27960011 28458040 28463047 28916021 29182012 29523013 29927030 30680029 30980030
karal᷊aị|8|23525034 23529002 23677003 25432014 28105049 28236032 29062025 29372015
karal᷊aịe|1|23535014
karal᷊embong|1|30045010
karal᷊enehu|1|28298027
karal᷊epatu|1|31008022
karal᷊inaụ|14|24410050 24422040 24512025 24513017 24513023 24578017 24740020 26457039 26571031 27039022 29004002 29035002 30923012 30969011
karal᷊iwir'i|2|29086030 30393010
karal᷊iwiru|1|29164020
karal᷊iwirě|7|28542006 28859024 29176008 29176013 29303022 30519018 30520006
karal᷊oahu|4|28597017 30621013 30621024 30639006
karal᷊oahě|2|27931023 30601022
karal᷊ome|2|29032029 30033008
karal᷊omeku|4|29020018 29028020 29032038 29033007
karal᷊omen|1|28389013
karal᷊omeěnge|1|28657008
karal᷊ondo'n|1|29234004
karal᷊ondon|2|28861009 28966019
karal᷊uas'u|1|28254061
karal᷊uase|12|23763025 27481005 27723020 28518016 28573007 28672006 28712011 29586031 29672025 30140006 30142017 30172023
karal᷊uasu|7|26202014 28331002 28930020 29345012 29366013 29421005 30468022
karal᷊uasě|4|29147016 29654021 30215049 30397025
karal᷊uensang|1|28050045
karal᷊umběhạ|2|28595036 30259059
karal᷊ung|1|30723007
karal᷊ungang|1|27508017
karal᷊ungange|1|30113005
karal᷊unge|4|27884022 29270013 29271007 30947030
karal᷊unsemah'i|1|29695005
karal᷊unsemahu|2|27437036 29404044
karal᷊unsemahě|30|25260023 26760010 27938028 28357005 28365074 28402018 28803019 28877017 29059036 29209029 29353009 29364015 29450002 29467048 29562034 29645010 29652013 29695014 29698041 29811031 29897034 29942018 30224044 30263005 30376035 30480018 30482008 30649009 30675008 30702021
karal᷊unusě|10|23965020 24726023 25089020 25838009 27128004 27336028 28152019 28445008 30802047 31002016
karal᷊ěbuhě|1|28928026
karal᷊ěnggihange|1|23877029
karal᷊ěsọ|1|25082027
karange|8|27773012 28249021 29010021 29270017 29283013 30058025 30061015 30091040
karangetange|5|27187017 29025018 29213004 29227013 29228006
kararage|1|30362015
kararalakisě|1|24539012
kararal᷊akis'i|2|24714013 30151013
kararal᷊akise|3|25046007 29844018 30517008
kararal᷊akisě|14|27200015 27960006 28672008 28699017 29526010 29644004 29799008 29849007 29923014 30152008 30326015 30326017 30436006 30669013
kararal᷊akị|2|23947024 27023036
kararal᷊aị|4|25045025 25445029 29672007 30401007
kararal᷊aịe|1|23933027
kararal᷊uasen|1|25286012
kararal᷊unge|1|28530016
kararamasage|1|30231031
kararariadin|1|26861006
kararariadine|1|26999018
kararatuang|27|23296018 23415028 23515015 23515026 23941015 23965009 23965013 24043022 24315011 24946006 25423015 25423029 25424015 25714012 25837016 25837020 27359016 29972017 30241019 30302011 30771017 30772019 30773010 30774003 30774019 30775005 30791018
kararatuang'E|3|29478022 30768028 30826031
kararatuang'u|2|23516005 23516014
kararatuang-Ku|3|26822012 26822038 30768010
kararatuange|9|30206009 30775020 30778019 30779016 30779039 30781014 30786012 30787021 30793033
kararatuangu|14|23218014 23316003 24315004 25069017 25167019 25424005 26126025 27496018 28478021 29479016 29583046 30440022 30731015 30965015
kararatun|4|24335017 24339015 24651004 30702044
kararatun'E|2|24023007 24651002
kararaune|1|27551029
kararerehe|1|27873038
karariadin|5|23575025 24261008 26013021 27607002 29623011
karariadine|4|24097023 24932013 26473018 26958003
karariading|5|24407017 24429009 30132014 30699048 30993034
kararidikangu|1|24355025
kararodokange|1|25466006
kararou|1|28445010
kararuatan'E|1|27951018
kararugi|1|27877047
kararěnane|1|30171022
kararěndung|26|23226006 23306022 23358016 24039011 24973014 25441011 26050005 26050007 26394024 26616030 26627022 27842006 28862009 28913027 29479008 29626012 29627020 29630054 30231037 30284029 30409033 30505026 30560024 30562015 30679031 30686038
kararěndunge|4|25918027 30547017 30559023 30562027
kararěndungu|1|23226014
kararěngụ|3|27801017 27884024 30699033
kararěngụe|2|23227016 29936002
kararěpange|1|24341013
karaune|11|23276010 23276018 23376003 25906011 26005024 26542011 26846016 26907027 26936019 27907002 30947022
karaụewen|1|24357013
kareakeng|2|23741004 29917021
karendehang|1|30072003
karengụewen|1|27526040
kareta|5|27206010 27207007 27208020 30850016 31007022
karetane|2|27204052 27215005
kareạ'E|1|26376006
kareạu|1|25385038
kariadi|2|25796029 27679020
kariadiko|1|30469014
kariadịe|1|23409014
kariangkamang|4|26648010 28029011 28303027 30940015
karie|1|28466046
karimakọ|1|30261020
karimạko|13|23398034 24561026 24589013 25170014 28311003 28334018 28365061 29371007 29438004 29652002 29811017 30009016 30661002
karimạkọ|1|29395015
karingihě|1|25463008
karong'u|1|25628021
karuan|10|24785012 24827008 26125028 26915002 27130007 29046027 30134021 30729029 31045023 31053023
karuane|26|23857009 23857019 23912002 24695003 24705002 25628008 25750002 25810002 26211006 27348011 27396021 28663020 28766013 30100015 30109007 30524010 30797008 30797014 30836003 30887002 30922002 30924002 30935002 30958004 31062031 31073020
karubụ|1|29406006
karumahing|1|25552013
karěmmasě|1|27567019
karěndungang|1|26616024
karěngue|1|29453018
karěngụ|55|24969008 26316035 26615016 27123033 27137019 27153033 27159053 27226003 27226010 27240006 27250021 27383011 27384025 27496029 27569013 27596011 27633034 27658011 27669021 27780029 27863006 27876004 27877005 27912013 27930003 28093022 29133007 29889031 29936022 30005028 30013016 30068042 30082015 30086036 30089008 30090004 30090025 30093045 30159032 30196011 30203017 30351024 30673005 30701023 30704023 30759023 30793049 30875036 30876025 30882015 30898026 30914016 30914024 30938012 31041025
karěngụ-děngụe|1|29621034
karěngụe|61|23195013 23400013 23666019 23700003 23723016 24175005 24503013 24749012 24915018 24918021 24950004 25010027 25018016 25066012 25089014 25207002 25332026 25535017 25618011 25847018 25858020 26108025 26116012 26157032 26197028 26216015 26293023 26309020 26433015 26434044 26510010 26517013 26541016 26550010 26664007 26678007 27308028 27381018 27502006 27594004 27630003 28220016 28327013 28878030 28879038 28966023 29076021 29746006 29954020 29972013 30118013 30443011 30494006 30568020 30648016 30728038 30778027 30888038 30906031 30988029 31045053
karěngụeng|1|23260013
karěngụewem|1|29199002
karěngụewen|9|23170002 25479019 25745020 26617006 26694007 27868035 27911019 30392031 30879014
karěngụeweng|14|26927005 27907026 28397010 28527009 28884015 29952022 30009026 30114011 30445024 30535001 30694009 30955013 31043078 31044020
karěngụu|1|28094014
karěntako|1|23293002
karěntaěng'E|1|25365026
karětasě|1|30808005
karẹ̌ngụe|1|28362045
karạ|4|23339014 23339027 23596002 28462048
kasabare|1|30366014
kasaghede|1|30737041
kasahě|1|30806017
kasal᷊iuangu|1|23699021
kasal᷊ukateng|3|24793014 25905018 29190043
kasal᷊ukatengu|1|28493046
kasamuriange|15|23339004 23793010 23793013 23809010 23809020 24574028 24620012 24620019 25549013 26366003 28764021 30358031 30948020 31063018 31094006
kasanakeng|1|27187014
kasanakenge|2|28728006 29282016
kasandigangu|1|29371015
kasanggidange|6|24707025 25400023 28275018 28277017 28469031 28592018
kasanggidangku|1|25393014
kasanggidangu|7|23782009 24705006 25391019 28276017 28276030 29177016 30737017
kasanggide|1|28278027
kasanạ|2|29395020 30072011
kasanạu|1|28249029
kasaramengu|1|25442019
kasaria|4|29748007 31004016 31010006 31013023
kasarian|2|23382017 29005027
kasariane|13|23388018 23396024 25224027 25437041 25438042 26647016 27122028 28849058 29234003 29945016 29999023 30212003 30324010
kasariang|3|24266005 28959048 30325021
kasariange|2|28722017 28730025
kasariaěnge|3|24356009 30367002 30413019
kasariaěngu|1|23572018
kasasabarě|3|29035017 30264013 30445023
kasasahawụ|1|29786003
kasasahe|2|27823007 29623008
kasasakitang|1|27908011
kasasakị|2|30371018 31058019
kasasal᷊amat'i|2|29423036 30054038
kasasal᷊amat'u|3|26574007 27584041 30384011
kasasal᷊amatu|1|28807012
kasasal᷊amatě|20|26179026 26997030 27389023 27410034 27847032 27928014 28063041 28840036 28901022 28927012 29355002 29631015 29838022 29869027 29978031 29981003 29981026 30040011 30380026 30676016
kasasal᷊ukatengu|1|30280022
kasasamuriange|1|25549005
kasasanakenge|1|24716018
kasasanạ|4|24946012 27646002 29530029 29732012
kasasanạu|4|26996017 30288013 30333019 30471025
kasasaria|1|31001009
kasasatia|2|28436009 29352006
kasasatian|1|26062014
kasasigěsạ|19|23358024 23886026 24094024 24097012 24627022 24627032 24791016 25907007 26748026 26797025 27151009 28051013 28051019 28935013 29988015 30030013 30039016 30727004 30757020
kasasigěsạ-Ku|1|23815019
kasasikome|5|28973035 29190034 29800038 30429012 30441007
kasasilo|2|23289018 29481014
kasasilone|1|30624040
kasasukụ|3|29461011 29495029 29528029
kasasunaubě|1|30231038
kasasusa|10|23979007 24737008 24742004 25510003 28008003 28152010 28877032 29855012 31001046 31058016
kasasusaku|1|29457009
kasasusam|1|29455006
kasasusan|6|23987004 28926015 28926026 28927002 28927021 29814004
kasasusawe|1|28877002
kasasusi|3|28463016 29488028 30227008
kasasusin|1|29760040
kasasěhụ|1|30170015
kasasěhụe|1|24109007
kasasěhụu|1|30186013
kasasěllah'E|2|26107026 29522028
kasasěllaheng|1|23818028
kasasěllahengu|1|26571013
kasasěmbaụ|4|29276009 29389033 29811059 29829011
kasasěmbaụe|1|24314007
kasasěngkul᷊ang|4|29734007 29742016 29771013 29899026
kasasěse|1|28152015
kasatiane|3|28932035 30159023 30662023
kasauange|1|23480012
kasaune|3|28980009 29013039 29813027
kasaụeweng|1|28627002
kasiahe|1|30906008
kasiang|42|23285009 23460008 23465029 23784022 24054016 24064013 24066002 24610026 24716005 24717016 24760020 24762002 25218045 25447018 25493012 25567011 25575032 25641004 25711020 25740021 25829008 25831021 26586023 26587012 26660022 28116027 28330017 28331022 28623026 28909013 28966018 29092012 29141037 29455027 30210028 30276004 30296023 30297029 30299010 30300008 30764036 30925010
kasiange|3|25643002 26589002 28669013
kasigěsạ|3|27168012 29379029 30764022
kasilo|1|24346006
kasinaěng|1|28678012
kasingkateng|8|23287005 23444016 24569018 25263016 25462013 25827016 25871018 30735045
kasingkatengu|2|23204007 28402006
kasingkạ|40|23447019 24154045 24410041 25458010 25458025 25807017 26132006 26339020 27139003 27388019 27744022 27850036 27983024 28191020 28369035 28384019 28530013 28597023 28668012 28674058 28675002 28681037 28688004 28940017 28996010 29291022 29371021 29475035 29476025 29498010 29595038 29702015 29793006 29810010 30485023 30486004 30600016 30600024 30678005 30742017
kasingkạ'E|1|28243012
kasingkạben|1|28531015
kasingkạe|1|28530007
kasingkạko|3|23308003 23691004 23747002
kasingkạu|6|28688014 28977009 29314014 29716009 29716020 30044018
kasione|1|31074019
kasisi|2|26687008 30294014
kasuang|4|23986003 23986009 24565024 28573016
kasuang'i|1|30881002
kasuangko|1|25658025
kasuangu|1|30253020
kasuewen|1|24300009
kasueěnge|2|25479018 29441004
kasueěngu|3|23961048 24216020 28579033
kasukụ|1|30117039
kasusang|1|28509012
kasě|4|24715004 24715021 24717022 26402019
kasědakeng|1|29299013
kasěgade|1|29013031
kasěhukange|1|27944024
kasěllah'E|1|30934013
kasěllah'i|1|28864028
kasěllah'u|3|24215010 25853012 27306014
kasěllahe|35|23204035 23356044 23496010 23531044 23532040 24223015 24974006 25042025 25205032 25224014 26060027 26075014 26095026 26169034 26231023 26247006 26435031 26681024 26697042 26837038 27745006 28063014 28063032 28064006 28065016 28684034 28877027 28987057 29237016 29981006 29999009 30069012 30483033 30600022 30948012
kasěllaheng|2|23729016 23732014
kasěllahenge|13|23930003 24573014 24869024 24919006 25822012 25889015 25891010 25892006 28666015 29315009 30650021 30652008 30823010
kasěllahengu|3|24702039 28679022 29484034
kasěllahu|26|26333027 26564021 26622010 26634011 27555012 27612055 27613047 27695002 27967015 28226012 28254031 28867026 29226003 29264018 29472007 29489044 29541009 29713016 29823002 29980031 30372011 30397038 30886038 30964038 30965014 30995022
kasěllahě|2|23442012 30950026
kasěnaěng|7|30290018 30775013 30949009 31065019 31072017 31075026 31082018
kasěngkul᷊ang|2|29428026 29917006
kasẹ̌gade|5|27088012 28729030 29071026 29593042 30490024
kasẹ̌sekangu|1|24298019
kasẹ̌suiangu|1|29863012
katahạpul᷊ong|3|23942017 25448009 25701013
katakụ|15|23165030 23625018 24401014 24907007 24924008 25118023 25296012 25464006 25467011 25492008 26596002 27567014 27880008 28230032 30715028
katanakeng|1|25644002
katanaěng|1|27895010
katanạ|1|25550016
katanạe|1|24418013
katarang|1|24736008
katatahuěnna|13|28243010 28401017 28401019 28403012 29215021 29286013 29475037 29494025 29518008 29768019 29945014 30927005 30985009
katatahuěnnam|2|28383016 28401027
katatahuěnnan|7|23479029 25231003 28396029 28399013 28400014 28401023 28408025
katatahuěnnan'E|1|28388029
katatahuěnnang|2|27772030 29835013
katatainge|5|26451003 26456009 26900017 30599003 30627004
katataingu|5|23831002 26380009 29550011 29789012 30700013
katatakutang|2|24545020 28132021
katatakụ|7|24458006 24967024 24973016 25134015 27248016 28922038 29993015
katatal᷊ěmbuhu|1|30116029
katatal᷊ěmbuhung|2|27017012 29596017
katatanakeng|3|26671006 27923020 30731006
katatanakeng'E|1|26084014
katatanakenge|2|30906016 31096030
katatanakengu|2|30915015 31057013
katatanggaěng|6|25653022 28188032 28302011 28387022 28541026 28600009
katatanggaěngu|1|25653011
katatanạbe|1|29786030
katatatoghasu|1|28389020
katataumata|1|24096028
katatelorě|1|29707004
katatelorẹ̌ku|1|24919011
katatemangenge|1|25171017
katatingkaị|1|30980028
katatoghasu|1|27187026
katatoghasě|4|27033031 27053019 28641012 29348008
katatualagě|1|28860041
katatuhụe|1|23942039
katatul᷊ende|1|27973015
katatungkọ|2|28387049 28409029
katatutung|1|30533027
katatětị|1|30535019
katau|161|23171024 23228015 23307008 23374020 23379017 23407015 23462018 23500010 23528004 23674007 23744012 23747012 23796012 23823007 23828017 23855021 23889013 23896010 23998006 23999004 24115019 24168009 24177002 24207008 24232015 24267007 24277004 24295013 24400009 24413014 24415013 24465006 24466009 24512006 24553025 24591002 24597007 24642020 24675060 24687002 24692005 24759004 24768006 24812005 24854011 24862002 24867008 24886010 25125011 25126008 25138003 25149003 25154002 25199016 25214018 25237006 25248004 25332007 25334020 25365016 25512015 25512018 25520011 25550007 25600012 25669018 25672005 25686006 25687002 25688002 25699007 25761015 25771002 25789023 25807002 25819002 25963012 25968004 25996014 26005007 26014004 26016002 26080013 26354006 26361026 26399016 26457002 26481004 26570003 26601016 26744002 26789021 26844010 26880007 26934015 26938015 26947008 27105010 27108004 27113008 27143009 27255030 27267014 27279025 27283022 27335008 27342017 27344025 27434003 27444002 27445022 27448003 27465016 27467006 27468017 27528002 27530023 27542013 27558033 27587024 27595003 27599005 27600006 27608006 27617002 27681003 27688009 27691010 27692016 27697013 27744006 27758009 27789006 27857014 27914013 28166011 28215008 28452002 28479002 28702023 28706015 28708004 28725026 29045028 29154010 29156008 29377004 29700032 29783014 30162020 30445038 30506037 30662008 30732018 30812008 30813030 30830008 30876008 30948017 30985037 30986003
kataune|44|23419010 23619011 23672015 23682022 23683012 24303011 24448018 24452015 24509013 24520009 24521013 25160017 25247030 25316007 25316026 25523009 25585009 25585020 26268027 26939016 26964016 27027026 27096024 27125059 27131032 27593009 27703021 27748005 27756015 27758021 27758030 27758038 27893013 28214014 28449024 28576020 28725013 30773029 30815010 30816011 30886018 30928021 30930019 30930039
kate|32|24057004 24756002 25315020 25917033 26391020 26743012 26744035 26746030 27651011 27651028 27691034 27756049 27823029 27858019 27864002 28222020 28234035 28445015 28680016 28700025 28863012 29772011 29777002 29877015 29981002 30120015 30171010 30238039 30240017 30728006 30802004 30904038
kateledě|2|23848040 24664011
katemangenge|1|25147019
katewe|44|23248019 23287009 23529032 23597025 23677026 24393005 24412014 24413010 24416018 24568013 25563032 25589012 25617013 25638003 26189013 26487009 26572021 26772044 27358050 27547043 27621002 27700022 27727010 27853035 27863015 27906013 27906043 27952006 28107017 28437018 28471019 28721019 28936012 29461008 29569021 29758028 29783008 29875013 29884024 29955047 30282019 30349054 30740034 30923037
katewehó|1|28426019
katihọ|2|26555024 27347029
katiupang|4|23197019 24222019 30871051 30872024
katoghase|18|23970004 24369023 25428007 27248024 27489006 28043016 28306017 28389018 28590010 29032022 29032056 29496011 29580007 30307017 30344013 30490009 30634014 31000031
katoghasu|2|27030023 29563066
katoghasě|5|28813055 28847022 29711013 30792025 30989018
katualage|1|30080007
katuane|1|26991026
katul᷊id'u|1|29566029
katul᷊ide|17|25261018 25629008 25695011 25700024 27198018 27960008 27997017 27998009 27999007 28476013 29377024 29673019 29700036 29973013 30260026 30419018 30559012
katul᷊idu|1|27795008
katul᷊idě|26|25517010 26353011 26465020 26726022 26740012 26740023 26779022 27295010 27778023 28475025 29052009 29052016 29288008 29301018 29352017 29407021 29451018 29672028 29674011 29675061 29707026 29792013 29843030 29875010 30302004 30522010
katumange|1|27584035
katědụ|2|27168019 30216015
katědụe|3|25850004 30965028 30966011
katěguang|1|27962002
katěllu|12|23694038 23724007 23812022 24194010 24532035 24570027 24623019 25324031 25722011 25999015 26013018 27636038
katěllun|9|24099008 24796011 25958004 26913004 26916030 27276006 27318007 29037005 29045002
katěllune|16|23899014 24695019 25551027 25792007 25811009 26038028 27300004 28663023 28723008 30799007 30799013 30838004 30887009 30936002 30959004 31073025
katěngade|8|25040031 26395017 27115013 27353014 27657014 27808030 29029021 29981038
katěngadu|5|29096010 29747041 30285012 30334028 30667024
katěngadě|31|23889034 26422004 26426032 26426036 26427006 26428016 26734005 26735022 26777009 26777015 26823038 26823044 26824009 27996010 28086024 28523032 28672014 29148013 29220013 29407024 29544016 29748022 29751031 29754045 29802022 29823005 29846007 29870014 29874014 29907018 30950037
katěntung|1|25356030
katěpasenge|1|28167013
katẹ̌tịu|1|27835019
kau|602|23176007 23176022 23183047 23217013 23220006 23220014 23264005 23265008 23269010 23271008 23322012 23350021 23350040 23402023 23527013 23602014 23629017 23690003 23691006 23692013 23696012 23696017 23736008 23736016 23736029 23737006 23737014 23743036 23760022 23761003 23761016 23780006 23780019 23780024 23782012 23784008 23784025 23806017 23806020 23807023 23808014 23846034 23885014 23912013 23956037 23958008 23958016 24030006 24030013 24030023 24032006 24032013 24032023 24035002 24035014 24036005 24089017 24105009 24124021 24125015 24128018 24130019 24149016 24260017 24260020 24260040 24384023 24384030 24399011 24399017 24399026 24406018 24426020 24430030 24430041 24564028 24582006 24582012 24584008 24584014 24584029 24586006 24586013 24586027 24607004 24608002 24610029 24638026 24640007 24641007 24641012 24705010 24708019 24720006 24785016 24792020 24792027 24822019 24825021 24825028 24827028 24907025 24908002 24913025 24914011 24914016 24914021 24922010 24922019 24924012 24925002 24925012 24929012 24929021 24936005 24939003 24939010 24970002 24970011 25118029 25122023 25122044 25177006 25189032 25210021 25236014 25240015 25240025 25241002 25242002 25246011 25246016 25285013 25294009 25294015 25362014 25371013 25391022 25392011 25405006 25413035 25414012 25414025 25414029 25441008 25442018 25479008 25480015 25531010 25554018 25554025 25562022 25563011 25563029 25564020 25566010 25566039 25566046 25567004 25568002 25620006 25620019 25623013 25623024 25628011 25646011 25646030 25647005 25656006 25658023 25660026 25671015 25671021 25708004 25709002 25711023 25730007 25731011 25731017 25741009 25741022 25749005 25749014 25749022 25751008 25754007 25754017 25754019 25755005 25774009 25774019 25775002 25775016 25775022 25775026 25776006 25776025 25776033 25897007 25897017 25897023 25899015 25913012 25923012 25926025 25976012 25976019 25979010 26064023 26066004 26066020 26067010 26070004 26070019 26078025 26087019 26087027 26093023 26093030 26095005 26095016 26096009 26106025 26129012 26131005 26131012 26167006 26167016 26167022 26167036 26174011 26175003 26217024 26221023 26223008 26225019 26381003 26381017 26392019 26393016 26451006 26458018 26465017 26467010 26467019 26469012 26475006 26476026 26478002 26550016 26552025 26564012 26564015 26564018 26638006 26638019 26639024 26639028 26667020 26667027 26669007 26669019 26678014 26678039 26679003 26679026 26797016 26803014 26809024 26811017 26812020 26823017 26837013 26837018 26837035 26881011 26883011 26897008 26914017 26915014 26916013 26917007 26917011 26917028 26917033 26917041 26917045 26921023 27003021 27063012 27063019 27064005 27064020 27069033 27120019 27144020 27145003 27145012 27151034 27152023 27197008 27198002 27200007 27221016 27223015 27234030 27234042 27251011 27264038 27279029 27311007 27322006 27322012 27353002 27373009 27373019 27374011 27374014 27502036 27515011 27515015 27544004 27556029 27568006 27568013 27685021 27686010 27686030 27687019 27689003 27689036 27689042 27702022 27703004 27712021 27715024 27715033 27719019 27719022 27720002 27721016 27726016 27732017 27738016 27738023 27738035 27739011 27740029 27746020 27746029 27754023 27757010 27770020 27795027 27795038 27806018 27809010 27809019 27825008 27838025 27838032 27838039 27840010 27840014 27840020 27840038 27841006 27841023 27848014 27848027 27880012 27880039 27921038 27964011 27964015 27964020 27964030 27964037 27964046 27981002 27981011 27981020 27982002 27982007 27983002 27983012 27983021 27984002 27984009 27984016 27984025 27985002 27985009 27985013 27985022 27986002 27986006 27986013 27988003 27988017 27990010 27990016 27990023 27990028 27996023 27996034 28040013 28091019 28173018 28173028 28175003 28176003 28176005 28176011 28176028 28195023 28197012 28198004 28198014 28198031 28227038 28227043 28229003 28230016 28230021 28230031 28231027 28232033 28232036 28232045 28267011 28276033 28285006 28285009 28291019 28296020 28296035 28301006 28301030 28365010 28365020 28441032 28504004 28504016 28504021 28504029 28504037 28504042 28509005 28509017 28515003 28515017 28516004 28565027 28599005 28600006 28656015 28656026 28695003 28755006 28901018 28901027 29032010 29032017 29032025 29111039 29177013 29177019 29319017 29319031 29341004 29471022 29471038 29700007 29700019 29700039 29715008 29747008 29754003 29754015 29754027 29760007 29760011 29760030 29761008 29762003 29762014 29764012 29764022 29764034 29765007 29785018 29787019 29791048 29800003 29800011 29801013 29801027 29801031 29801039 29802032 29811013 29811033 29813031 29814015 29815024 29816007 29816017 29818023 29823011 29823014 29824025 29825002 29828003 29831002 29835012 29842003 29843003 29843016 29851011 29864003 29864014 29864033 29865002 29865013 29865029 29868005 29868010 29868019 29868025 29869002 29869011 29872030 29873003 29873011 29873020 29876004 29884003 29886002 29892019 29893006 29897003 29897010 29898004 29898010 29898020 29906011 29910003 29910006 29916003 29916016 29917013 29924020 29932011 29935002 29939011 29940036 29942020 29944007 29946030 29947016 29948006 29949008 29950007 29950020 29951012 29952014 29953010 29953020 29953033 29954007 29954012 29955033 29956004 29956021 29957010 29958021 29960012 29960025 29962018 30059011 30191015 30247030 30607027 30660014 30661004 30662025 30662035 30664005 30671021 30673033 30682048 30770043 30977023 30983011 30983016 31004031 31008028 31017037 31028032 31063035 31090024
kaual᷊i|1|30237023
kaual᷊une|1|30987015
kaudupe|1|29534028
kaul᷊e|1|23431025
kaumal᷊enge|1|27337025
kawaehang|1|27197020
kawahani|1|26808016
kawahanine|4|27409004 27602012 28209006 30511015
kawahaning|1|27244040
kawal᷊ikangu|1|24004006
kawal᷊isangu|1|25566047
kawal᷊o|22|27758025 27767007 27768005 30323008 30323024 30796009 30798003 30799022 30802009 30848006 30850018 30857008 30858010 30859019 30860003 30860028 31007020 31029010 31032011 31036018 31037024 31039012
kawal᷊one|2|27759003 31036022
kawal᷊ọ|1|30858034
kawantelangu|1|23174024
kawantug'i|1|29922018
kawantugange|2|25643011 26366009
kawantuge|10|25345012 28850015 28851013 28852012 28853012 28853021 28867006 30099012 30117036 30496010
kawantugu|4|28849011 29670026 30440021 31065004
kawantugě|6|27820009 28243004 30399015 30470016 30810026 30972016
kawantugẹ̌-Ku|1|26765008
kawanua|42|24060014 24631018 24975010 25471014 25799033 25850030 25938018 25949010 25953015 26203026 26574010 26574018 26961008 27031013 27073017 27110020 27187011 27232028 27288026 27359023 27448017 27455040 27460013 27466021 27504011 27506017 27520017 27521049 27522020 27596026 27603006 27624035 27841013 28208035 28268012 29228012 29739008 29925016 30413012 30704006 30925013 30991017
kawanua'm|2|24603034 24604016
kawanua-Ku|3|27151011 28182011 30103047
kawanuaku|3|23176031 27787017 27828025
kawanuam|1|28186007
kawanuan|68|23238016 23245013 23254025 23254046 23255008 23338011 23358009 23471018 23472010 23578016 23592014 23729020 23731022 23732018 23777028 23786018 23858040 23870009 23982026 24612017 24613020 24708023 25224023 26124009 26177012 27020013 27153008 27155007 27232043 27519007 27522011 27730025 27731025 27732014 27732025 27733008 27842042 28314008 28802011 29249020 29270006 29285006 29356036 29442006 29464006 29465002 29944017 29946010 29946023 30024003 30070021 30198007 30266013 30299025 30410018 30788043 30815026 30831025 30832005 30916006 30919022 30939005 31014008 31018015 31026019 31048013 31066026 31102009
kawanuan'E|7|23989013 24738016 25212032 28211007 28212007 30164033 31057033
kawanuan'U|4|25006018 26821018 27230024 30891037
kawanuane|6|23818026 24631026 25890012 27140017 27142005 30410008
kawanuang|16|23658009 25713019 26226010 26572028 27134013 27136006 27521014 27762039 27772041 27831011 27841008 28849024 30074017 30076015 30103014 30727043
kawanuanu|1|27019017
kawanuaěng|1|27382003
kawaradosaěnge|1|29713021
kawarạdosane|1|25521022
kawasa|129|23296020 23386015 23388016 23414014 23419015 23446010 23472018 23498006 23514027 23594046 23850047 23921009 23988032 24214010 24243022 24271018 24289006 24304006 24311023 24415016 24540022 25070002 25096014 25132019 25152008 25166013 25303011 25383007 25465022 25782024 25894006 25894016 25895024 26041026 26156010 26233008 26238007 26357041 26500016 26500019 26762005 26836015 26836019 26837010 26932006 26983010 27009039 27033033 27051025 27053017 27056002 27091011 27196006 27219004 27298022 27303022 27418035 27659032 27834014 27836010 27935016 28138009 28233023 28285038 28362006 28390027 28399026 28492004 28492010 28492022 28492028 28553006 28553032 28644028 28645005 28743018 28867027 28965005 28980012 28980022 29054036 29111010 29140013 29226020 29262014 29279021 29401013 29401019 29443028 29456002 29566017 29673008 29719010 29805035 29966034 29982019 29983006 29987012 30038023 30050024 30081020 30192007 30350017 30447012 30477006 30512008 30521030 30608022 30697003 30697013 30704021 30744018 30744031 30780017 30792021 30793046 30798015 30802032 30813034 30823024 30844018 30879006 30879029 30879043 30921010 30964014 31019030 31024035 31043014
kawasa'm|1|24698018
kawasa-Ku|2|28173031 29032019
kawasaku|1|23355022
kawasam|4|23517010 28381025 29232017 29432014
kawasan|62|23517017 23518009 23723023 23851026 23852007 23852035 23853007 23854031 23902018 24570014 24670022 24672028 24673008 24674025 24929014 25328031 25345007 25346015 25424028 25785014 26444024 26619017 27030026 27380028 27947012 28076011 28082011 28084018 28084026 28093016 28120023 28130017 28132037 28317030 28400021 28458059 28906009 29048022 29048051 29125013 29136020 29137011 29153010 29259019 29272002 29348013 29474011 29503040 29507028 29605034 29606017 29649002 29691003 29820023 30380019 30387043 30424022 30511011 30521015 30594040 30644020 30989020
kawasan'E|19|24744015 25100016 25328024 25854014 26230015 26634012 27013029 27552020 27951020 28160019 28178014 28382036 28388027 28482019 29047036 29495031 29659020 29661042 30902028
kawasan'U|1|30890024
kawasane|26|24422038 24911012 26254019 26699021 27530030 27606008 28078023 28177008 28268017 28268026 28271030 28401033 28743027 29226008 29525019 30350006 30371028 30458042 30483006 30902045 30909036 30911033 30913013 30945009 30995014 31025011
kawasang|53|23163040 23165044 23700013 23850035 24100029 24539031 24909027 24965011 25125036 25328027 25385020 25421012 25425005 25426008 25784006 25786008 25788018 25800038 25918026 25943010 26180010 26181009 26254005 26564022 26771025 26772016 26926018 26974029 27003024 27035025 27162028 27349030 27842017 28073022 28075020 28323012 28479037 28562049 28611025 29229008 29477003 29479007 29506027 29514012 29685007 29986026 30049033 30620024 30679009 30681016 30692014 30703020 30955009
kawasanu|1|28357015
kawawahani|2|27052013 29573036
kawawal᷊ětohě|1|23677005
kawawal᷊ịen|1|25286002
kawawal᷊ịku|1|24036015
kawawantel'u|1|23157009
kawawantele|2|24909022 30896033
kawawantug'E|6|24040019 25854016 26018012 26059015 29219015 29221034
kawawantug'e|1|27359010
kawawantug'i|3|30460015 30467038 30889013
kawawantug'u|5|26432005 27172016 28311024 29676032 29967006
kawawantuge|6|27613029 29493009 29583053 30386042 30476045 30911031
kawawantugi|1|26784029
kawawantugu|10|26782008 28608014 28608022 28852015 28866032 29493030 30826009 31077011 31082023 31084016
kawawantugě|32|23296022 23791019 23791032 23988034 24626028 24744018 25947016 26436007 26436012 27970017 27973011 28135016 28616017 29838030 30773005 30793044 30820057 30822009 30822025 30828009 30831037 30897038 30930004 30955007 31022015 31022026 31023008 31043006 31050005 31051014 31057007 31059009
kawawantugẹ̌-Ku|1|26784024
kawawekesu|1|25082031
kawawera|1|23512010
kawawinasa|12|28382005 28840020 28863017 29441006 29625019 29659008 29798027 30502059 30520015 30984031 30987032 31042012
kawawinasan|1|30504035
kawawodoki|1|27554002
kawawodoku|1|28389002
kawawodon|1|29863008
kawawuang|2|30732056 30738032
kawawunakeng|3|25314034 25398037 27915030
kawawunakenge|1|24981028
kawawunsal᷊eng|1|28219018
kawawurěsi|1|28813041
kawawurẹ̌si|1|24996010
kawawurẹ̌sin|1|28862051
kawawusang|1|30360008
kawawẹ̌seng|1|27897021
kawe|654|23207022 23321018 23327002 23338014 23342020 23350023 23368005 23373018 23391019 23393026 23394030 23417013 23436014 23437005 23438011 23440010 23443023 23451004 23452005 23460019 23483023 23494003 23494027 23502004 23518004 23522005 23522019 23524014 23525021 23532037 23534024 23567027 23569007 23569012 23596003 23626009 23628007 23636004 23636016 23637009 23640020 23646020 23646026 23648016 23651010 23675017 23676015 23676033 23678017 23685021 23693018 23736005 23737004 23740013 23768012 23769009 23776023 23785015 23805015 23805026 23808017 23821013 23840029 23879004 23885010 23885018 23887014 23916006 23936007 23943004 23943017 23947019 23952007 23956006 23956039 23990009 24006005 24010009 24027008 24030014 24035012 24094034 24095017 24097014 24098011 24109003 24110029 24154015 24277037 24278019 24278036 24279036 24279042 24283027 24285016 24285024 24313004 24314011 24336008 24337018 24343002 24361017 24362023 24365022 24391015 24411004 24414005 24443018 24462012 24469020 24475004 24479016 24483010 24488031 24504018 24517023 24519005 24519012 24537017 24578005 24580010 24589006 24644008 24658036 24666010 24667004 24678013 24679011 24688019 24711019 24729047 24731011 24753025 24791026 24823004 24839013 24861018 24901009 24930028 24984009 25022014 25023019 25023024 25027036 25105035 25139012 25170023 25182007 25183010 25189024 25235037 25245020 25345010 25355017 25356020 25425022 25445025 25464013 25511018 25533035 25563008 25615012 25669007 25669012 25753014 25785024 25808005 25808021 25824015 25839036 25844011 25892002 25892013 25948010 26021005 26023007 26023014 26070016 26075012 26106027 26137027 26138012 26140017 26142004 26179015 26189005 26196019 26199021 26237004 26245014 26255008 26278005 26290013 26296014 26297023 26300009 26319019 26328005 26348002 26351018 26352004 26364023 26370019 26405018 26406030 26417013 26419009 26419015 26420015 26422011 26424011 26424036 26427004 26429016 26429025 26431018 26434036 26443012 26443025 26444020 26459010 26472014 26483020 26496008 26515020 26518009 26518020 26533002 26536011 26564007 26574016 26575013 26585012 26585015 26587009 26587014 26625019 26628006 26628024 26637011 26640014 26645009 26659011 26666016 26668002 26689014 26689025 26693019 26719004 26740033 26752022 26759031 26768036 26771019 26773004 26775016 26783020 26807002 26809019 26809021 26821005 26868002 26868007 26881007 26882010 26883007 26903018 26916025 26959004 26973021 27009043 27011011 27036016 27048031 27055020 27064034 27089016 27098029 27156017 27195005 27238030 27275022 27289025 27298047 27311015 27325039 27347022 27367002 27391019 27409029 27423023 27430002 27453002 27454006 27508002 27521022 27522028 27529005 27530005 27553006 27553020 27565028 27573004 27605007 27612052 27613009 27618008 27618032 27725019 27727017 27729025 27729030 27734022 27734030 27735010 27738033 27740015 27757011 27784011 27784027 27808028 27818004 27860012 27863028 27866036 27897003 27897016 27927045 27952012 27953015 27954008 27956015 27956026 27957029 27958018 27964031 27968005 27971013 27976019 27985020 27986011 27990024 27990029 27995009 28014031 28027015 28035028 28036031 28042030 28076004 28081013 28084023 28085039 28102014 28108004 28109010 28110027 28111012 28112016 28120010 28132027 28134006 28137013 28151022 28228033 28234021 28236002 28262007 28270019 28273006 28280016 28295022 28295031 28301002 28301007 28305022 28381010 28382029 28400018 28407012 28408028 28426006 28427010 28427018 28448014 28449041 28457014 28462049 28465031 28466021 28492014 28492032 28494011 28495014 28498022 28499004 28502006 28502062 28503040 28509007 28515009 28516005 28538013 28539021 28541007 28543006 28549013 28566030 28566038 28566046 28568042 28585002 28588015 28591037 28597007 28597020 28598026 28609009 28616016 28618018 28623016 28633005 28635015 28644021 28647012 28649012 28657009 28658012 28658023 28668029 28669020 28686029 28710003 28722034 28728016 28729046 28731005 28750025 28751005 28751060 28810024 28813053 28814039 28820026 28827006 28828022 28828026 28829028 28829034 28830015 28842009 28845027 28854005 28855008 28865022 28866004 28871017 28891005 28893019 28902010 28905016 28908008 28909018 28909032 28924013 28926013 28926020 28946014 28961038 28962038 28974007 28981006 28981010 28987027 28993006 29006016 29006019 29029019 29037030 29037044 29039017 29064020 29066023 29066028 29081022 29086035 29088026 29106018 29133046 29139009 29139015 29149014 29150014 29164023 29170011 29176011 29178005 29192006 29203021 29298021 29350010 29382012 29435012 29437019 29506018 29515018 29536012 29540017 29540030 29579016 29584038 29611017 29612011 29618009 29628023 29654004 29688022 29711004 29713002 29727007 29731006 29751015 29756013 29760012 29791016 29817019 29818021 29819028 29843024 29859005 29874019 29879040 29909015 29919002 29929015 29954004 29955012 29956008 29967018 29987011 29994009 30002006 30015017 30016031 30030035 30034007 30034025 30038033 30039012 30042020 30043013 30046020 30051006 30051009 30053005 30057008 30057015 30058022 30061007 30071028 30081015 30081019 30089012 30118033 30120020 30121046 30122017 30128019 30130005 30134028 30137008 30146004 30159020 30162025 30163033 30173014 30178010 30180033 30180041 30184014 30188012 30202021 30205012 30207014 30215041 30221020 30222004 30223021 30223031 30226013 30239028 30244025 30251031 30253010 30272008 30292028 30297004 30297033 30300011 30303005 30305021 30325012 30334005 30342023 30355013 30381021 30387020 30394002 30397004 30398023 30407033 30412024 30428005 30432018 30432029 30443043 30446031 30460008 30463009 30463026 30468041 30501025 30504025 30505014 30510017 30516012 30522021 30527012 30547013 30547022 30548013 30553024 30555010 30567028 30572016 30583023 30587022 30614014 30669042 30678026 30683030 30692020 30715009 30720041 30731050 30748041 30756018 30764021 30796007 30799021 30820008 30900004 30908004 31090004
kawene|2|24352011 25254015
kawera|3|30074003 30075010 30192017
kawih'u|2|23428004 24416024
kawihe|1|25901011
kawihu|1|25368003
kawihě|9|24283008 24283017 24283031 25145010 25145020 25145029 25146008 25493014 25900019
kawing|13|23157029 23813003 23877040 23882014 24280008 25684006 27068025 27670029 28492015 28515012 29327005 29330007 30432012
kawing'i|2|23771009 30426009
kawing'u|1|31063039
kawinge|75|23266009 23267011 23267023 23753017 23766022 23768022 23770019 23772007 23881012 24149009 24591024 24593007 24596015 24600009 24600019 24601006 24693029 24918007 25010026 25142015 25580016 25639004 25718011 27061011 27067006 27070044 27560023 27794009 28042029 28094006 28094012 28094015 28094021 28094035 28095010 28095020 28490015 28490022 28491011 28491021 28493005 28498033 28499010 28499013 28499021 28500022 28500031 28500037 28501016 28501029 28503009 28503012 28520015 28521005 28521019 28522010 28522058 28527008 28527010 28527013 28604027 28606030 28611026 29159029 29159038 29329019 29333009 29333019 29336022 29338019 29338037 29744007 29899009 29913011 29914012
kawingi|7|25249004 26851015 27070004 28714014 29536009 29537006 30430022
kawingken|3|23901011 24697009 25813008
kawingku|2|24912019 26174004
kawingu|10|23601027 24425022 24426022 26173003 26175017 27069023 28504024 28504045 28546009 29734008
kawinsanaěngu|1|28490005
kawirane|2|24542014 30712008
kawontogang|1|27373007
kawuakengu|4|26041025 29665032 30484042 30595020
kawuhuang|4|23832029 24998016 26595005 26596014
kawul᷊enang|1|28674063
kawul᷊eěngu|1|25466014
kawuạ|1|30675010
kawuạko|1|25770006
kawěgang|1|26189015
kawěhạ|4|26865034 28877005 30163004 30742030
kawěhạe|4|23933043 25827027 27471018 27968016
kawěliangu|1|23447004
kawěnahe|1|29270020
kaěbakeng|5|29485011 30091021 30336014 30489006 31084009
kaěllikang'e|1|30686039
kaěllị|1|23938003
kaěng|77|23326010 23613028 23660008 23667010 23682026 23683016 24003029 24072026 24286033 24416022 24444013 24445010 24445029 24451004 24483026 24491017 24505014 24509025 24520014 24521023 25278010 25305019 25314032 25315034 25502019 25605024 25642008 25659026 25660029 26033023 26164011 26189009 26190012 26263030 26270013 26271012 26285005 26285013 26313005 27128025 27270015 27358052 27463020 27472006 27518013 27690031 28228029 28228036 28266009 28284014 28287025 28287033 28304015 28481014 28529004 28532005 28535030 28535047 28536023 28536041 28538043 28571006 28586008 28587009 28596021 28629011 28635008 28967009 29751010 29751013 29753009 29787013 29797004 30043036 30229028 30732044 30738035
kaěnge|17|23197015 23376011 23618013 23671015 24222017 24376009 24408018 24491012 25037020 25301026 25606017 28284004 28284022 28301014 28481006 28622012 28626004
kaěngke|1|25372016
kaěngko|1|30871030
kaěngku|1|25660011
kaěngkěhang|5|23481006 25377006 25653018 25887011 28557022
kaěngu|13|24074016 24767030 24769023 24771026 25605010 25872013 25873010 25876017 25880014 28413006 28413010 28535039 29687006
kaěnnaěng|2|28814015 30539018
kaěnnaěngu|1|28698017
kaěnnung|1|24920004
kaěnnunge|5|30806009 30854004 30855007 30967004 31074006
kaěnnungu|1|24930014
kaěnsakeng|1|30367040
kaěnsakengu|2|23871013 25798013
kaěnsilangu|1|23744026
kaěpạ|7|30776017 30801008 30801015 30802034 30840003 30963004 31073029
kaẹ̌bakeng|5|27219019 29043013 29308016 29708003 31006027
kaẹ̌bakengbe|2|28372020 29485016
kaẹ̌bakengu|1|28581038
kempal᷊ě|5|23664008 23665014 26214014 27184016 30226008
kempang|1|28226002
kere|648|23146029 23175013 23185011 23185016 23187003 23193012 23195016 23196012 23208014 23209025 23216023 23227022 23256013 23262007 23266004 23268013 23273007 23278007 23285016 23288006 23290007 23291002 23292003 23299010 23312015 23346008 23356042 23409015 23413020 23425010 23434006 23434016 23434023 23443007 23443012 23463006 23476012 23503022 23507009 23513015 23554005 23571016 23573015 23583010 23584007 23585007 23602008 23636022 23642002 23701014 23703012 23721020 23722004 23731014 23732007 23733008 23751008 23763007 23775044 23777023 23831007 23859015 23871018 23887007 23897010 23903021 23942035 23946015 23966006 23973008 24022007 24023011 24040006 24041020 24047009 24079008 24109021 24139004 24139025 24190027 24199004 24200014 24218009 24226020 24238019 24260033 24273031 24286020 24326016 24350017 24355009 24380024 24416005 24419031 24426015 24442021 24468029 24470018 24477022 24512026 24525021 24560013 24576007 24589017 24603028 24604010 24658019 24699019 24761007 24764022 24853011 24855016 24869027 24926018 24927006 24932017 24997008 24998008 25009020 25048009 25085008 25122034 25151030 25182004 25186008 25205033 25215017 25250021 25382012 25400021 25408013 25413008 25422022 25448015 25487028 25506021 25569025 25608010 25637027 25658008 25700018 25705027 25706008 25743031 25778009 25789009 25816005 25817025 25849016 25856006 25858022 25862006 25878011 25891016 25891023 25892030 25902008 25902014 25909014 25939019 25950039 25967010 25976023 25978015 25986029 26020013 26031022 26060004 26077012 26114032 26123030 26267019 26289013 26303008 26316010 26375012 26387014 26399007 26566014 26572007 26575014 26588006 26627008 26631015 26646004 26687007 26696015 26706009 26709017 26719015 26779005 26783031 26818006 26927042 26928015 26944011 26944014 26944028 26952007 26965007 26970008 27022032 27068017 27091013 27098017 27117019 27123014 27138021 27159020 27165020 27189016 27209016 27235007 27255038 27282040 27290009 27313019 27414017 27430007 27458004 27458015 27466012 27486014 27558014 27564020 27573033 27594033 27618016 27624017 27652020 27662016 27676039 27678012 27699008 27733023 27760008 27772012 27825024 27853030 27881026 27923038 27925021 27948036 27964040 27987007 27989020 27999030 28018024 28020004 28027010 28029020 28029038 28032037 28034009 28034018 28034066 28036044 28039026 28040006 28046003 28053002 28062019 28082028 28088026 28088049 28098030 28108008 28116003 28139012 28153007 28153027 28156026 28165006 28169010 28176031 28183014 28185005 28185026 28189012 28195019 28197003 28204017 28207023 28218008 28223016 28225028 28228011 28234011 28236018 28244007 28251035 28254035 28276031 28280008 28307018 28313020 28314004 28320021 28362029 28365081 28382030 28387028 28388021 28404007 28409038 28412021 28412030 28414035 28420016 28420024 28431004 28435004 28447032 28448018 28449013 28449027 28472005 28494004 28494008 28495009 28495030 28496015 28496022 28498010 28502064 28508006 28513022 28514014 28517004 28517023 28519030 28529014 28538003 28544011 28546015 28546026 28559035 28560015 28560021 28561008 28562009 28563010 28574020 28575010 28576007 28578007 28583006 28601002 28611019 28623002 28667027 28686008 28690019 28699007 28699023 28699039 28700007 28727011 28729009 28743028 28746007 28746020 28764006 28773029 28778015 28787024 28812033 28823023 28839034 28842005 28842015 28855005 28864031 28873008 28883021 28906027 28908005 28912004 28941007 28966007 28992015 29003017 29007025 29011028 29016041 29034006 29043018 29066013 29071010 29086047 29086049 29089022 29091033 29095011 29096031 29096043 29099029 29109003 29109011 29127007 29140016 29144013 29144020 29146028 29148008 29151014 29156029 29162011 29179003 29179006 29274021 29287008 29288027 29290018 29307020 29320010 29320016 29342006 29343026 29344020 29345005 29352019 29353013 29354012 29355005 29355013 29390017 29397006 29399016 29407047 29421007 29421017 29427009 29430047 29445018 29461041 29500010 29515023 29523011 29529002 29549015 29577019 29582011 29584034 29584039 29601029 29609009 29617027 29624015 29626020 29628009 29640020 29690004 29694006 29694013 29738018 29747018 29765015 29765023 29766017 29774003 29774011 29781007 29801007 29813010 29831008 29837012 29845006 29847014 29872022 29876020 29911023 29912014 29947003 29952011 29955043 29958034 29959015 29969007 29969033 29970016 29971009 29975007 29976007 29984012 29989036 30002008 30004008 30014006 30018017 30018025 30019013 30020007 30022030 30032017 30054034 30057021 30064005 30080015 30092004 30098044 30098055 30102002 30117007 30120034 30134010 30159013 30177022 30182006 30185007 30185025 30190011 30218013 30219017 30220009 30221006 30228019 30229016 30231011 30253005 30257019 30277022 30306005 30326013 30352020 30358022 30386014 30393026 30394012 30399006 30402005 30403006 30404026 30406007 30406021 30407023 30416004 30416018 30425005 30430003 30435006 30446006 30446033 30451016 30457015 30465007 30467023 30469003 30471034 30475028 30481009 30497025 30499030 30513061 30514002 30518011 30527031 30533007 30581013 30582040 30592006 30596002 30606002 30606026 30627002 30684035 30685035 30685047 30708017 30711011 30712003 30712009 30712013 30713003 30713007 30714019 30715013 30719006 30722014 30726007 30730008 30736008 30736020 30736025 30744046 30748007 30754007 30759008 30761007 30770028 30772004 30775015 30776004 30776007 30776020 30786028 30805035 30806015 30806021 30808004 30836014 30838012 30843016 30844020 30848018 30851008 30858030 30862010 30863025 30863029 30865007 30871049 30872021 30893021 30902029 30911012 30911017 30912008 30929007 30929014 30929022 30931037 30947019 30950018 30958016 30968007 30970006 30988021 31012025 31013010 31014024 31015012 31019007 31024017 31043073 31047032 31051046 31056023 31065010 31065014 31065018 31072016 31075025 31082017 31086030 31090022 31090026 31100018
kerea|13|23248014 23726017 23855002 24121004 24312017 25414002 26460011 27032026 28390007 28512005 29455021 29909035 30291016
kereapa|157|23373011 23437019 23501024 23524010 23551015 23559012 23567024 23683002 23684003 23843037 23847015 23859013 23885012 23888010 23918012 23972005 24113031 24335016 24337020 24339014 24351020 24384025 24410042 24410046 24551018 24568011 24592008 24709009 24711015 24819015 24866010 24928012 25107007 25256015 25274023 25282015 25304014 25313023 25471022 25471032 25523002 25537010 25637023 25780006 25824011 25832006 25869019 25967013 25991022 26027017 26125002 26133013 26258015 26320003 26361006 26378014 26387027 26451002 26456008 26462002 26467015 26615019 26674019 26678036 26918008 26920012 26927037 27030012 27052005 27151007 27189011 27208005 27244029 27321009 27331009 27442027 27479041 27501031 27594028 27645021 27652015 27922009 27931011 27948011 27995002 27998011 28013008 28143023 28160041 28203002 28203034 28232008 28385003 28421037 28504013 28504034 28563037 28652009 28652020 28673018 28686022 28890033 28932015 28932025 28934015 28999047 29040002 29071018 29071025 29225032 29226002 29237015 29261012 29380006 29415007 29493006 29496010 29563044 29563065 29566036 29569024 29570005 29570023 29571006 29580006 29596016 29605015 29608009 29613010 29665003 29737010 29747013 29864020 29876012 30051011 30166002 30216004 30238059 30249017 30249023 30312025 30325020 30362014 30366013 30366022 30386006 30403013 30464030 30465017 30496009 30510006 30510027 30534009 30581003 30597022 30678016 30977024
kereapang|1|30483032
kereapạ|2|27687025 28754006
kereapạe|3|27980005 28203013 28217003
kereapạewen|4|28066002 28067002 28073015 29404009
kerei|9|23543010 23564021 24167011 24474007 24812010 26230007 26845012 30353006 31015023
keren|1|27745005
kerene|516|23167004 23177003 23216013 23224005 23247011 23254019 23254041 23270001 23281027 23282027 23283014 23284021 23285025 23312012 23319008 23388017 23447009 23461008 23468016 23471012 23479027 23502012 23517013 23522032 23535038 23543019 23580009 23594037 23601021 23646027 23677035 23680017 23713028 23727007 23770008 23771023 23773012 23775011 23788016 23800014 23809007 23819007 23852042 23854020 23857013 23863017 23894012 23899009 23902016 23916002 23951002 24003006 24036002 24090026 24109004 24111005 24148004 24152002 24174010 24213014 24220004 24220039 24261037 24268006 24269019 24319004 24369022 24373004 24425018 24445034 24467003 24513024 24517017 24542013 24568006 24570016 24605004 24611005 24615018 24616012 24632005 24674016 24679016 24691003 24695014 24698016 24718018 24750002 24786030 24804023 24839011 24911041 24915002 24955011 24973001 25009004 25022019 25090003 25113026 25114005 25117012 25128006 25130016 25170007 25173014 25180025 25182030 25221013 25231002 25275004 25313007 25335045 25384003 25392008 25401019 25425002 25433005 25436011 25456005 25466010 25515019 25521012 25524021 25552002 25564029 25566043 25596002 25648002 25676012 25679010 25682002 25683021 25715008 25715011 25731006 25755002 25785023 25788008 25796030 25797010 25805002 25849012 25888018 25891005 25894010 25935006 25982016 26016019 26032004 26043004 26066002 26067002 26093008 26135015 26150027 26169020 26229019 26232013 26250012 26264012 26288002 26308003 26388004 26391008 26401018 26422021 26426050 26434029 26447003 26457040 26463008 26481011 26496016 26501005 26503014 26520036 26546002 26552005 26553002 26567003 26587004 26588014 26614004 26617026 26622004 26623002 26640007 26644012 26648017 26652005 26659016 26664027 26665018 26671019 26671024 26680021 26706017 26709007 26725005 26730004 26761004 26778010 26781017 26786018 26787006 26795003 26808005 26808020 26823008 26834008 26850055 26882003 26888003 26889016 26910033 26912022 26933005 26935040 27062021 27064027 27075006 27125003 27156003 27209026 27299021 27323007 27326024 27390047 27437041 27454017 27472047 27502013 27528010 27542050 27579002 27579030 27589002 27600018 27618021 27620002 27631011 27640029 27657018 27689025 27694004 27699015 27699017 27703002 27725017 27727026 27729032 27737005 27742005 27813013 27896020 27900018 27903019 27917052 27919023 27929005 27957004 27958005 27963018 27963034 27965014 27972013 27973023 27992032 27993002 28000031 28000035 28001024 28017026 28018013 28019012 28024002 28036021 28062002 28062024 28066012 28067014 28070002 28073026 28099002 28137018 28137020 28174014 28174029 28175009 28225017 28232015 28234027 28235050 28236003 28247043 28266026 28269023 28287012 28295021 28299006 28322004 28339010 28354034 28355005 28358009 28400003 28401002 28436005 28456032 28457002 28462029 28478017 28479008 28482011 28493017 28493041 28495035 28502044 28505030 28512019 28535002 28539026 28559002 28561046 28562020 28568017 28573002 28576027 28600021 28612002 28690025 28698032 28700039 28710005 28740012 28741010 28748024 28759020 28793015 28795017 28814040 28821033 28828042 28831003 28846005 28853011 28854008 28854015 28871018 28873025 28875021 28917016 28920004 28927004 28946058 28962039 28968002 28983004 28985005 28988002 28997031 28999059 29001004 29003002 29004007 29006020 29011013 29012027 29034017 29068036 29088002 29106005 29117004 29122002 29127002 29150011 29170006 29173002 29174025 29184030 29186015 29205009 29212025 29215004 29237004 29263005 29270012 29291031 29293011 29302023 29312007 29329007 29331004 29332003 29344004 29347014 29369017 29372002 29378005 29380034 29389017 29403014 29407004 29407059 29409027 29437014 29441003 29486030 29488018 29513018 29515039 29524003 29525012 29536013 29538007 29574011 29581025 29583025 29594002 29605029 29610034 29616005 29653025 29657010 29664039 29693017 29732002 29739012 29746015 29789014 29791046 29815028 29819018 29850027 29854002 29859014 29862012 29866002 29876002 29904022 29914014 29935007 29976023 29978002 29986029 29992031 30016007 30018043 30021021 30039009 30054009 30085015 30094015 30112002 30113021 30114003 30129003 30142031 30167021 30180042 30187004 30188013 30227025 30244014 30245029 30274002 30280006 30285017 30298003 30308023 30320012 30330013 30334018 30334021 30335002 30344002 30354015 30367026 30367034 30402017 30405021 30431005 30432002 30443027 30448017 30453025 30466011 30479018 30481026 30484003 30489009 30490029 30491002 30503002 30509005 30522004 30532014 30534007 30538026 30559002 30581018 30599002 30653028 30657006 30667015 30682009 30686009 30732004 30788007 30835026 30837009 30840041 30878028 30961028 30964023 30973019
kerenẹeng|1|26137004
kereng|21|23312005 24915017 24952013 25345011 25488018 25594010 25850003 26344014 27088011 28063046 28659026 28849057 28867005 29038025 30008016 30214010 30216014 30324009 30499018 30508024 30662022
kereu|414|23178018 23219015 23246004 23253022 23255010 23258003 23267022 23274021 23275002 23281003 23285002 23289002 23298002 23300002 23306002 23306011 23326007 23327005 23348019 23355047 23367007 23395015 23431017 23443003 23474002 23516007 23519012 23521005 23522002 23524011 23550015 23553006 23568020 23575013 23583023 23648015 23699006 23731008 23737002 23744002 23745018 23749011 23763021 23814028 23848005 23851012 23853002 23867005 23918002 23924018 23935024 23937018 23939004 23940002 23941002 23981005 23984020 23990006 23991003 23997018 24006002 24070013 24087002 24094018 24097011 24109008 24210002 24313002 24314002 24316012 24347003 24353002 24358007 24419002 24467023 24480002 24537007 24561019 24584002 24589005 24626022 24644002 24666002 24739004 24762009 24908011 24971011 25000017 25071007 25120038 25147009 25169004 25177012 25180002 25181002 25204034 25204045 25370002 25399030 25413002 25417014 25418004 25424007 25428002 25440017 25442016 25470015 25498007 25503004 25505002 25509008 25522006 25583002 25587018 25588005 25594002 25597002 25599007 25625003 25630018 25633002 25651013 25654002 25655014 25694016 25762011 25774005 25836004 25858003 25897015 25907003 25967002 25971027 25978010 26123034 26124011 26133005 26133017 26148008 26150020 26254014 26302007 26323021 26333010 26356002 26410009 26418005 26421013 26494019 26517015 26564013 26602009 26613004 26648013 26675022 26704017 26704028 26705026 26714006 26734013 26734017 26740002 26794014 26809016 27075029 27098021 27099002 27104024 27208008 27219016 27378029 27526012 27747017 27749030 27756034 27789025 27792023 27802017 27808023 27813018 27829009 27838037 27856014 27866013 27895037 27896030 27935002 27940009 27963029 27965004 27968021 27977009 27988015 27995004 27996032 27997002 27997032 27998004 27999002 28007005 28014011 28017016 28037002 28063015 28085006 28095019 28095031 28099030 28100018 28108002 28127002 28134002 28134042 28141008 28142002 28143012 28150011 28174009 28174024 28198002 28203006 28203020 28226024 28231002 28233007 28234018 28239002 28266002 28266014 28274015 28274025 28289013 28295026 28298002 28301021 28328002 28336003 28339026 28403015 28408004 28426002 28442028 28446024 28447001 28453002 28469026 28470013 28472002 28495004 28497002 28500016 28501003 28502042 28506002 28516002 28516012 28524012 28524040 28525002 28528004 28536035 28540002 28557002 28557025 28593013 28596002 28606002 28617002 28630002 28632002 28633002 28634008 28638031 28651002 28652014 28661015 28667014 28684004 28684018 28685026 28686014 28693002 28702004 28709002 28714021 28717002 28733002 28734039 28753009 28755019 28782008 28789047 28827017 28835027 28849047 28856031 28857004 28858002 28877029 28879006 28891016 28892015 28937010 28946039 28961015 28961021 28962027 28973025 28982013 28983008 29005005 29006013 29010005 29020002 29024004 29032023 29032040 29033014 29036008 29048037 29049035 29053003 29054023 29088023 29111019 29121002 29124017 29147036 29151025 29165003 29169002 29174013 29178002 29181002 29185003 29190005 29197020 29217031 29223017 29256002 29282002 29289023 29384002 29386008 29388003 29420022 29426011 29437016 29531012 29553029 29590013 29625002 29705011 29715009 29742010 29768002 29772002 29780002 29795009 29797002 29833008 29953008 29953018 30002024 30053002 30123019 30128022 30162014 30165004 30189025 30227020 30276008 30277009 30281005 30296002 30302006 30303002 30308014 30310019 30311005 30349037 30367023 30367030 30420019 30438008 30441019 30442005 30461004 30464019 30466003 30467037 30510014 30521021 30548002 30550002 30593009 30600005 30601007 30616011 30622033 30639025 30640011 30656003 30754026 30754034 30814014 30841024 30869002 30918003 30926009 30984055 31003019 31099020 31100002
kerẹ'ewe|1|27957024
kerẹen|1|25605015
kerẹeng|7|25487023 25774003 26678006 29234009 29453017 30366037 30615011
kerẹewe|125|23293008 23295005 23319002 23329005 23761011 23833009 23912011 23979009 24074006 24140012 24202010 24212010 24218004 24260030 24588005 24590032 24647006 24705008 24707026 24771017 24776008 24794006 24835018 24881030 25030002 25178005 25407026 25409005 25764012 25887006 25904011 25905015 25960009 26181019 26234011 26294002 26595012 26664017 26710016 26712009 26771044 26774022 26781011 26782019 26935041 27018014 27019020 27092009 27145009 27154029 27323020 27386014 27397041 27634012 27815021 27944035 28256011 28311015 28395003 28505007 28577009 28677010 28677018 28677026 28678039 28713019 28722019 28768023 28795009 28807033 28814053 28843027 28862033 28920012 28938028 28944020 28979039 28987032 28992006 28993016 29056010 29177017 29184019 29233040 29256013 29305018 29307007 29327008 29328010 29334014 29338020 29356016 29358023 29392033 29472018 29482025 29547010 29585030 29597053 29615014 29680019 29700013 29719021 29727014 29863016 29902009 30011028 30016014 30025019 30026029 30141016 30302023 30320002 30390009 30433013 30468024 30548009 30583019 30587019 30603023 30650017 30661014 30768013 30869017 31000006
kerẹewelai|1|29815008
kerẹu|3|25173004 28203037 28204006
kerẹwe|2|29330011 29333010
ketewe|2|30053021 30917013
kewe|6|23877015 27699012 27858022 28440036 28793017 29304023
kewelai|1|25752002
kiamatě|3|23972023 30569004 30569038
kiamatẹ̌e|1|30691011
kibasine|1|27745011
kibasị|2|25562015 27898018
kibasị'u|1|23666041
kibasịu|1|24753024
kiking|2|28577022 30846023
kilewerě|1|27896027
kilo|5|23276016 26005022 26277007 26542009 30947027
kilone|2|30976011 31070029
kilạ|5|23985010 24199005 25382013 25676003 30973004
kimahiorọe|1|23351019
kimaiang|4|23541018 25084018 25211005 25920012
kimaiangke|3|24198017 25403011 27257038
kimakurung|1|26390005
kimakělla|2|23884006 24661014
kimal᷊insau|1|24788019
kimanoạ|2|28018006 29123022
kimaěng|18|23212015 23479008 23494011 24007014 24286042 25066019 25443020 25545010 25555008 25569005 26307005 26316018 26316029 27311017 27638014 28304013 28585013 28586007
kimaěng-sěngkakaěng|1|29094005
kimaěnge|1|27236003
kimendẹen|1|27149020
kimire|6|23795004 24378004 25278034 25871004 27471006 29039006
kimiọe|1|27054010
kimolong|1|25195031
kimui|23|23419003 23760004 23825007 23881005 24023024 24236004 24302009 24415003 24478004 24502021 24621033 25303003 25531006 25558014 25595008 25598010 25611004 25747016 26459025 27370023 28505019 29225024 29436023
kimukụ|5|24129019 24785011 24827007 25925022 26813014
kimukụe|1|24823033
kimuị|7|24312004 24631004 24636016 24717004 25160008 25615003 25626004
kimuịe|6|23177006 23644004 23666004 23730003 23818007 25214015
kiměndag'i|8|23761015 26665016 28154017 29001011 29307011 29393018 30623010 30703027
kiměndag'u|1|30722012
kiměndagi|3|29530009 29929020 30614018
kiměndagu|4|29102028 29713008 29881011 30614009
kiměndagě|2|28296024 30623003
kiměndung|2|24611008 26652008
kiměndị|1|30829017
kiměndụ|1|27540014
kimẹ̌kaěng|1|27274011
kimẹ̌kire|1|29953013
kimẹ̌kukụ|6|24089015 24130017 24827024 25899010 25926021 26669016
kinaakal᷊eng|2|25740028 29731009
kinahian|2|29473006 29701034
kinahiang|2|27380027 30462016
kinahinoěngu|1|30407018
kinahombange|2|28024017 30921013
kinahombangeng|9|27416006 28079002 28135003 28806011 28809016 28877008 29600016 29863019 30749022
kinahombangenge|1|26163002
kinahombangengi|1|29585006
kinahombangengku|1|29865034
kinahombangengu|5|23561016 24341017 27877043 29585010 29625018
kinahuntikilang|1|25269008
kinahuntikilangke|1|27636023
kinahěnganeng|3|25450015 25506010 28863010
kinaianeng|1|29115005
kinaianengu|1|29747040
kinailangengu|2|31011010 31013048
kinakawusang|1|30597012
kinakawusange|2|28948020 29454009
kinakiral᷊a|2|24128025 29701033
kinakiral᷊anue|1|30664024
kinakoạ|1|25748016
kinakuiange|1|23887011
kinakuiangu|2|28506032 29997009
kinal᷊emboěnge|1|28948013
kinal᷊irungu|1|23485023
kinal᷊unusang|2|23491025 23493019
kinal᷊ěnabengke|1|27636028
kinamaraěng|1|30518009
kinanawoěnge|1|27636035
kinanawoěngu|1|28443028
kinaologang|1|30738013
kinaonggọ|1|29606010
kinapal᷊idangu|1|30033022
kinapate|1|27097026
kinapateěng|1|29235008
kinapateěngu|1|26543016
kinapile|3|23887016 26926032 27673038
kinapilen|2|25008017 28146004
kinapulung|1|28780014
kinapěndangeng|4|28903023 30050005 30478015 30676019
kinapěndangenge|1|28524033
kinapěpele|1|30840008
kinarapateng|1|28734009
kinaratingang|8|23360016 23453020 24246004 24247010 25513029 25513042 26799013 30384008
kinareakeng|1|27884031
kinarekenang|1|30185024
kinareạ|5|25595025 25598024 25613015 25616023 25621027
kinariadiange|1|23604007
kinaringh'i|1|25264007
kinaringih'E|2|26153009 26740037
kinaringih'i|11|23557028 25087023 25388024 26693013 27689033 29392034 29979015 30387026 30546005 30558040 30652012
kinaringih'u|2|24422008 29830005
kinaringihe|7|23706018 24546013 25048016 26956002 29029044 30888009 30972011
kinaringihen|1|23611020
kinaringihi|2|30542020 30544007
kinaringihu|2|27720014 28404020
kinaringihě|15|23188003 23464010 24015004 24227003 24994018 25218013 25311028 25337005 26408029 26611008 26952004 27330008 28771021 30870007 31023005
kinaringihẹ̌ko|1|30770018
kinasakeěnge|1|24361014
kinasakeěngu|1|27184006
kinasal᷊ukateng|1|29996023
kinasame|1|31038004
kinasariaěnge|1|25080010
kinasilo|9|23177025 23186055 23413024 24047028 24547016 26935029 28404016 30836013 30911004
kinasilo-Ku|1|26420003
kinasiloku|1|30867003
kinasilom|1|30542024
kinasilon|10|23179013 23492002 24994020 25134022 25338027 25769037 27790011 29748028 30234003 30496029
kinasilon'E|1|26153007
kinasilone|5|25397013 26004017 29029039 29513029 30700007
kinasilong|15|23464012 23710021 24548022 25188021 25189029 25218015 25388011 25833007 26031023 26132017 26935043 28141016 28678002 30544004 30951035
kinasilonu|8|27720012 27840027 30717006 30718008 30988004 30991007 30992003 30994003
kinasilọ|1|30893002
kinasilọe|1|23566013
kinasingkateng|6|23678011 25293008 26179021 27259004 27950002 29293006
kinasingkatenge|1|27241005
kinasueng'u|1|29013013
kinasueěngu|1|28868022
kinasuěkangu|2|25229019 27602003
kinasuẹ̌kangu|1|24239006
kinatanggaěng|1|30408005
kinatarimạ|9|23288028 23299034 26768016 27843015 28994042 29067024 29461023 29811055 30492026
kinataweng|1|29510034
kinatiněnnan|1|28404026
kinatol᷊eěng|1|29438016
kinatěntiroěngu|1|28615009
kinatẹ̌bọ|1|24903012
kinaual᷊i|1|30409018
kinauntungange|1|30067009
kinawantelangu|1|24978015
kinawantelě|2|23171003 29427008
kinawatạ|2|28773038 30900005
kinawing|1|25045016
kinawontogang|1|30515044
kinawuakeng|1|30071030
kinawuakengu|4|25171016 28411024 28668004 30099008
kinaěbakeng|2|23186046 30162022
kinaěbakenge|1|30069029
kinaěngu|1|27656024
kinaěnnaěng|1|29256016
kinaẹ̌bakeng|5|23883016 24235024 25764008 27083015 30720053
kindore|3|27040019 27751009 29304006
kinoaěng|9|23572030 23987028 25360011 25484034 27272015 27314023 28688037 30972009 31035023
kinoaěnge|1|24743011
kinoạ|56|23493010 24049026 25045030 25285007 25285025 25312013 26202033 26333008 26421032 26423005 26570015 26597025 26618006 26680028 26898008 26924006 26925013 26993004 27158029 27160025 27183017 27338004 27684014 27951028 28062020 28063020 28120016 28304024 28395020 28443009 28453026 28486011 28525022 28777031 28813033 28879030 28969004 29029041 29242030 29346024 29497004 29506014 29535004 29635010 29661052 29819023 30095026 30102032 30130011 30274016 30370016 30387011 30514005 30749025 31000022 31014029
kinoạ'E|1|29285003
kinoạe|1|28025005
kinoạu|8|24384020 24813013 26107006 26211007 28178004 28301011 30592030 30680018
kinuiang|1|28145019
kinuiang'E|1|28147015
kinẹ̌don|2|29221013 29811050
kinạ|43|23327008 23530012 23587017 23588005 23588018 23588026 23615009 23617019 23668012 23728016 24446029 24449010 24449043 24508006 24508018 24508027 25112028 25114010 25115030 25117011 25315024 25318008 25318030 25417018 26034006 26035004 26267010 26269027 26904010 26905018 26905031 26907013 26908015 26909011 26910019 26910031 26912024 27235010 27273014 27315014 28302003 30327012 30357011
kinạdiring|1|30407027
kinạe|3|23670008 23670020 24222014
kipungu|1|29885003
kiral᷊ingkai|1|28385040
kire|3|23268017 25003010 29776009
kite|1238|23168029 23208017 23256009 23268009 23314011 23314017 23314023 23363021 23363026 23371012 23492018 23494022 23636011 23657028 23667014 23680022 23705013 23728004 23766016 23811003 23852032 23853004 23853011 23865020 23865025 23890014 24018013 24101004 24173017 24179007 24254008 24254012 24273029 24285020 24286060 24293010 24293017 24354010 24354023 24359014 24362030 24439028 24439034 24469037 24517021 24577032 24579007 24579014 24591019 24622004 24651009 24672022 24681015 24681021 24688055 24688066 24693017 24703014 24757005 24770025 24797004 24863035 24877014 24895017 24896008 24948013 24962002 24963007 24965003 24965008 24965016 24966010 24967007 24967014 24967019 24967022 24969011 24972002 24972010 24973021 24989022 24989034 25134023 25149015 25151034 25156012 25194006 25201007 25212023 25268013 25270019 25335023 25351028 25557018 25557022 25595018 25598030 25601017 25612012 25621003 25720013 25785009 25786004 25786016 25794027 25794033 25802013 25808011 25873013 25936010 26012009 26059009 26059012 26059028 26059034 26061012 26062007 26063024 26129006 26182030 26263028 26310017 26355019 26356018 26364021 26365009 26365019 26377008 26445006 26472002 26517002 26531013 26535014 26539021 26540017 26540023 26571021 26572003 26572029 26600011 26700030 26744021 26745010 26782021 26850011 26850017 26911009 26923019 26941008 26941019 26945008 26945028 26945033 26945056 26958012 26959002 26960016 26961023 26961032 26979018 26979034 26989027 27010009 27035028 27039008 27039032 27040015 27090018 27116028 27119020 27126005 27128021 27129022 27132018 27134014 27136007 27136017 27155028 27155045 27156007 27161015 27162012 27162024 27307015 27323024 27325022 27325026 27380010 27389026 27395021 27396007 27437024 27437034 27451039 27452005 27453026 27453029 27454004 27454010 27462007 27463003 27468030 27469014 27479013 27479031 27479038 27504031 27505013 27505017 27530050 27551032 27552007 27552032 27553004 27553014 27554003 27611030 27613006 27623029 27626015 27626017 27626024 27662020 27708046 27719014 27866015 27866020 27866031 27866034 27866039 27877040 27878028 27882003 27917036 27917048 27934007 27938019 27943006 27943016 27965002 27997013 27997020 27997037 28000004 28000010 28001006 28011004 28019008 28019017 28019029 28023007 28023012 28023024 28023027 28024005 28024012 28039063 28047004 28047006 28047020 28047029 28048011 28048021 28049003 28049010 28049017 28049026 28050003 28050012 28050025 28050032 28050036 28050041 28051006 28051016 28053007 28053011 28053030 28054004 28054013 28054023 28056007 28056014 28056018 28057004 28057016 28058005 28058011 28058024 28058033 28059007 28059015 28059028 28059031 28069003 28069009 28069017 28069023 28069031 28069049 28069056 28070005 28070009 28070018 28071010 28071015 28072009 28072013 28072023 28073005 28073029 28074003 28074011 28074017 28074026 28075002 28075007 28075023 28075033 28077003 28077010 28077014 28078003 28084008 28084013 28092016 28096046 28096056 28097004 28097026 28097032 28098005 28098013 28098024 28098026 28098041 28098055 28099006 28106002 28119007 28120009 28121021 28129008 28129014 28129024 28132043 28133008 28133013 28134004 28134013 28134029 28134044 28134050 28135005 28135021 28139002 28140016 28140018 28140030 28140038 28140042 28141005 28141013 28141017 28142004 28142012 28142015 28143010 28143014 28143018 28143026 28143040 28145002 28148003 28148014 28148021 28149010 28149021 28150006 28150016 28151006 28151014 28152008 28154009 28154018 28156025 28156036 28161008 28166021 28170003 28179012 28179016 28180002 28185016 28185021 28232005 28247011 28250003 28251004 28251007 28251013 28251020 28251028 28252002 28252019 28252025 28278022 28278033 28279013 28279020 28279026 28280002 28288006 28288017 28289003 28289007 28289015 28289019 28289029 28291024 28293003 28293012 28294005 28300004 28305002 28305010 28305027 28306004 28306012 28308013 28308018 28308027 28308030 28310011 28312027 28334003 28338007 28346007 28346013 28355011 28357029 28360037 28361003 28365037 28365047 28365057 28365066 28371016 28373023 28374008 28382021 28387003 28394019 28394031 28394035 28394041 28394049 28402020 28405007 28407003 28407020 28407030 28408006 28411022 28458061 28462034 28462046 28463004 28463008 28463027 28471008 28479041 28482017 28517011 28529019 28532020 28534004 28534021 28534045 28536012 28536020 28536027 28536037 28536045 28542025 28551007 28551014 28566036 28566044 28569018 28574009 28574013 28575005 28576002 28577002 28578002 28579022 28579026 28584003 28584018 28584031 28584042 28585009 28585020 28590012 28591005 28591013 28591021 28591026 28591034 28591041 28591045 28612007 28617013 28624024 28632004 28632009 28632012 28633004 28633013 28633016 28648004 28648020 28648030 28648038 28653002 28657013 28658006 28658027 28659015 28659024 28675004 28675007 28678003 28678016 28678021 28679013 28722039 28738003 28738010 28738027 28743037 28750032 28751041 28751048 28751059 28768004 28768018 28770009 28770014 28771036 28772003 28772010 28772015 28776017 28789006 28802033 28803008 28803012 28804009 28821020 28822005 28822018 28823009 28823021 28823036 28836013 28836016 28838014 28860005 28860012 28860024 28860036 28866023 28866027 28874024 28879013 28879026 28880008 28880014 28880022 28881007 28882003 28882015 28882021 28882028 28882035 28882044 28882050 28882057 28883003 28883017 28888004 28888014 28896015 28896021 28899014 28899017 28915011 28918012 28918015 28918021 28918030 28918034 28918042 28920027 28942007 28942015 28967011 28972003 28982018 29059027 29059063 29062007 29062018 29062021 29086016 29086031 29086034 29086045 29116006 29116020 29117021 29126009 29126014 29127010 29127017 29127023 29128012 29135004 29135008 29135013 29137015 29158016 29163007 29163018 29164002 29164013 29169004 29169035 29173017 29188007 29188018 29189002 29198005 29198014 29198024 29199006 29199010 29199024 29203010 29207003 29209019 29209022 29209031 29210008 29210022 29211011 29211018 29212018 29213015 29214006 29214018 29214022 29215011 29215017 29216012 29218020 29218027 29219003 29221008 29221023 29224006 29226012 29233003 29233011 29233016 29233026 29233031 29234012 29235005 29235014 29235020 29236003 29236013 29236019 29237027 29240002 29240018 29240021 29240027 29244008 29248006 29263015 29264010 29272010 29272022 29280002 29286005 29286020 29287003 29288004 29288023 29288033 29298019 29307012 29307018 29325023 29335002 29335007 29350003 29350023 29359007 29362010 29364007 29417007 29425003 29425015 29425029 29425033 29425040 29436025 29437002 29438007 29438018 29442003 29442016 29443003 29463006 29467035 29467043 29467050 29469042 29473025 29479005 29479013 29480006 29480012 29508033 29509004 29509008 29509026 29550005 29557005 29563024 29563071 29571029 29573032 29590020 29593009 29594017 29594034 29595021 29602006 29602010 29604022 29604026 29611007 29611011 29611020 29618002 29618016 29619023 29621028 29627014 29628005 29628014 29628021 29630003 29630016 29630021 29630040 29630048 29631006 29631013 29631018 29632005 29632015 29632024 29645008 29645044 29650003 29651016 29658023 29662004 29662022 29662025 29663006 29663015 29676034 29678003 29678013 29678033 29678043 29695006 29697003 29698027 29698036 29698051 29705002 29709008 29711009 29711028 29719014 29720012 29747015 29748010 29754039 29758004 29758011 29778026 29790023 29792017 29792025 29796005 29796016 29803013 29806033 29806038 29811023 29811057 29811061 29817010 29817017 29818008 29819005 29819009 29819025 29820011 29820015 29823025 29824012 29829008 29829013 29839007 29839014 29840003 29840007 29840015 29840024 29841003 29886020 29894043 29895009 29896028 29897029 29917028 29919017 29921006 29921010 29921026 29922005 29922010 29922027 29923007 29923011 29923017 29927005 29927013 29927025 29928007 29928015 29929005 29929009 29929021 29929025 29929032 29929041 29930008 29930014 29931007 29931013 29931021 29938002 29939020 29940028 29941012 29941018 29942009 29945008 29945023 29965016 29966010 29979004 29979016 29979020 29979024 29980013 29981013 29981040 29983021 29986032 29987003 29987036 29997037 30002019 30002026 30002039 30009028 30010002 30010016 30010025 30015007 30016010 30016019 30017007 30018003 30026004 30026024 30028021 30028026 30029004 30029013 30029017 30030003 30030015 30030029 30031005 30031022 30031026 30031029 30046005 30046026 30046030 30048005 30048010 30063023 30063044 30064002 30064019 30065011 30065019 30069003 30069023 30078007 30079007 30084016 30084031 30091011 30094007 30094012 30096018 30118044 30120044 30120053 30130040 30144027 30149014 30153012 30154010 30155003 30156005 30156010 30157002 30157009 30158003 30158009 30158016 30159002 30159019 30159027 30160012 30160015 30160029 30161008 30164002 30173002 30173012 30176005 30213011 30213018 30214004 30214016 30214023 30214032 30214036 30214044 30215003 30215017 30222002 30222009 30222016 30222019 30222030 30222038 30222047 30223004 30223010 30223029 30223034 30223038 30224006 30224016 30224025 30224036 30224046 30238041 30238052 30238061 30241005 30241014 30241025 30242003 30248004 30251017 30252002 30252008 30255006 30256013 30256016 30257008 30257023 30257029 30262007 30262025 30262040 30263037 30265010 30285008 30285020 30315007 30321017 30322002 30323003 30323014 30323018 30325004 30325008 30326008 30326022 30326033 30329006 30329014 30343016 30344010 30344018 30372007 30378003 30378009 30378017 30378024 30378040 30379002 30382025 30424008 30424018 30464027 30481021 30481029 30482025 30483021 30483028 30484012 30488035 30491018 30494015 30496013 30521007 30527020 30536003 30538005 30538020 30541014 30545010 30547003 30547006 30547012 30547020 30548004 30548019 30548034 30549003 30549006 30549009 30549013 30549018 30549027 30550004 30550007 30550029 30550033 30550038 30551003 30551006 30551011 30551021 30551033 30552024 30552043 30553009 30553015 30553021 30554003 30554014 30556021 30570013 30570024 30570031 30570039 30570047 30570060 30576009 30579015 30581007 30581010 30581020 30581035 30582010 30582019 30582026 30582036 30582045 30591013 30592004 30594002 30594006 30594019 30594025 30594030 30596006 30596019 30596023 30596028 30596036 30598005 30598016 30598025 30599006 30599019 30600002 30600007 30600013 30600026 30601009 30601013 30601017 30602005 30602012 30603003 30603008 30603019 30603029 30604021 30604030 30604039 30610003 30610021 30610032 30611007 30613008 30613019 30614007 30614019 30614027 30614032 30615014 30615018 30616013 30616022 30616031 30617011 30617014 30617018 30617032 30620002 30620013 30621007 30621010 30621019 30621028 30623002 30623011 30625003 30627006 30627010 30627017 30628015 30629012 30629020 30634002 30636011 30639003 30639013 30639023 30639029 30640003 30640010 30640013 30640020 30640029 30640034 30641003 30641009 30643002 30644002 30644007 30645002 30645016 30645019 30645024 30648009 30648014 30649003 30649026 30650023 30651011 30651029 30651034 30658025 30667004 30667018 30673040 30676021 30677005 30677015 30677026 30677044 30690017 30694018 30698007 30698012 30703028 30703035 30703039 30704004 30707026 30790017 30814028 30821010 30821017 30823009 30888027 30902054 30903006 31019019 31024033 31025003 31025009
kitẹe|1|30673012
kitẹewe|2|28140009 29621004
kiwal᷊one|1|24077014
kiwal᷊oěng|1|28595026
kiwul᷊ei|4|25346005 29561011 30218003 30249002
kiwul᷊eng|1|30258002
kiwuạ|2|27626010 29143003
kiwuạu|3|25518029 26623026 28105002
kiwụau|1|29068002
ko|4|25164023 27097007 29083015 30502010
koaneng|25|23274027 23814025 24042011 24043010 24159027 24168015 24397008 24547008 24626013 24629009 24879013 25915016 25969021 26654008 26796016 26844022 26905010 27004008 27173016 30714002 30715021 30718011 30864009 30867014 30925024
koaneng'E|2|24854014 30719018
koaneng-Ku|6|23816022 23917008 24710019 25822018 26985003 29977015
koanenge|2|23264003 23265003
koanengu|10|24119023 24817022 24905017 25934012 27172027 30094019 30146027 30215062 30447015 30787016
koateng|51|23740017 23779020 23934039 23942048 24060008 24293015 24568010 24624027 24625006 24640005 24683008 25001027 25013010 25036007 25040013 25149020 25478026 25506020 25662029 25730005 25961025 26286010 26288024 26682013 26683014 26721004 27095023 27166014 27514017 27555020 27613025 27731018 27959028 28107009 28107013 28111010 28281008 28537026 28556027 29002008 29176023 29339019 29435024 29694005 29710039 30076031 30103012 30740029 30756022 30759007 30879056
koateng'E|1|26264007
koateng'U|1|25274022
koateng-Ku|1|26350007
koatenge|3|25593015 25597015 30355011
koatengku|1|28381018
koatengu|8|25711010 26658025 27223018 27429009 28599002 29947020 30248019 30390008
koka|1|28567013
kokị|3|26101009 26103006 26105023
kol᷊ai|1|28589012
komol᷊ang|10|27529018 27557005 27742016 28619008 28707016 28709013 29426008 29426023 30236004 30296015
komol᷊ang'i|1|29990026
komol᷊angu|13|24692018 24702014 24855019 25364020 27077010 27448005 27647026 28635020 28698005 28702007 28713007 28714028 29427034
komol᷊e|1|27251014
kompelě|2|30835010 30892035
koměndang|15|27696016 27697002 27697031 27698018 27702012 27702028 27732002 27734015 27745008 27752018 27753009 27758003 27760002 27777002 27792024
koměndangu|2|27731009 27750018
koměndaěng|1|27699022
koměndaěngu|1|27729002
kong|1|30436015
konsang|1|29625011
konsange|5|26355007 26976015 28493023 30064015 30540036
konti|19|23653016 23781020 23947022 24114011 24115014 24608018 24740004 24740008 24811005 24812009 25709017 27956010 28734012 29707016 30435032 30572028 30578041 30605042 30669015
kontiang|6|24193011 26437028 27738018 30555019 30608015 30624022
kontiange|1|30609003
kontine|1|29671020
korma|1|26594008
kotorě|7|24466013 27274017 29044043 29309009 29526030 29908014 31081016
kotọu|1|24178020
kowe|1|29298015
koạ|27|24813028 25335020 25608008 26101011 26112023 26658022 26854009 27548026 28303005 28475022 28526006 28599010 28705047 28719005 29023016 29041039 29297009 29355004 29355012 29500008 29535012 30098051 30245018 30347009 30441003 30861012 31060008
koạbe|1|28791006
koạe|3|23745027 25195036 29560006
koạko|8|23743016 24215013 25087030 28488014 28626030 28778013 29541007 29766016
koạkong|1|29345009
kristus|1|23982006
ku|10|23183032 23439032 23877028 24433026 24652007 26787022 26802014 27920023 29431028 29444007
kual᷊une|1|31074015
kuat'i|1|28581032
kuat'u|3|25391012 28257009 29818025
kuate|5|23238006 28249035 29226004 30292007 30911027
kuati|1|28675006
kuatu|7|28804028 28810020 29106026 29350013 29350028 29671007 30447028
kuatě|7|24395010 25292013 28743021 29495016 29709011 29888011 30458020
kuatẹ̌ku|1|29382035
kubulě|3|26873007 26874013 26876008
kubul᷊ě|34|23375008 23946018 23948018 24367017 24873029 24873047 24876016 24877019 24879007 24882007 25989023 25989030 25991016 25991029 25993010 25994005 25995007 26001004 26004008 26014019 26016008 26240004 26541018 26563024 26867015 26868004 26869014 26869027 26870025 26871012 26872021 26879008 26879022 27397024
kue|1|30763019
kuhạ|1|30232026
kuhạe|4|23317004 26225024 26393018 28294003
kuhạko|1|28753002
kuiang|4|23926010 23927006 23929006 26715006
kum|1|24406012
kumaiang|6|23816017 24629027 25449009 25585026 25826023 25895017
kumakaiange|1|31043011
kumakawusě|1|30429021
kumakaěng|4|27226016 27877010 29017010 29687005
kumakoho|1|30222042
kumakurung|1|24223020
kumakělla|6|23557011 24179009 24863037 25256033 28029029 29768024
kumakěllako|1|24989026
kumakěndagu|3|26253011 30590022 30624027
kumakěndagě|2|28799004 30594033
kumalang|1|27898022
kumanoạ|2|25918023 27897014
kumaěng|44|23654009 24286066 25151039 25232011 25443012 25482021 25489009 25505026 25876016 25880013 25881008 26308012 26309014 27270009 27463019 27472005 27634010 27690030 27747013 27749025 27756030 27889033 28283008 28304008 28466039 28532004 28535046 28536022 28536040 28538042 28589024 28589031 28595009 28596020 28599006 28628005 28630005 28634012 29094037 29751009 30358019 30523015 30767027 30767033
kumaěnge|1|24439010
kumaěngke|1|28751050
kumbahang|107|23268015 23274009 23284002 23285011 23410013 23555023 23555027 23555032 23555035 23693011 23781014 23781016 23781018 23846036 23928002 23978003 23984015 24060005 24136022 24301008 24336020 24336027 24608012 24608014 24608016 24608019 24757002 25034017 25040025 25302017 25323009 25675015 25709011 25709013 25709015 25861003 26561025 26616023 26621023 26639010 26826007 26944018 27040024 27088014 27100012 27280008 27317018 27371026 27403008 27472015 27617021 27622013 27677024 27927026 27927031 27927035 27984020 27985005 28235009 28276008 28276010 28276012 28281012 28296033 28297003 28429002 28466008 28483031 28501027 28503017 28506036 28574011 28596019 28974006 29190037 29198003 29206002 29290014 29302006 29312002 29382010 29419025 29511002 29526013 29701005 29751005 29751008 29918015 29979018 30004002 30011020 30016024 30169003 30228003 30229004 30289008 30349005 30367039 30389006 30401010 30401020 30411025 30587003 30656016 30670006 30697008 30866025
kumbahang-bahang|2|24564034 28916018
kumbahang-kumbahang|3|23269008 27041011 31081019
kumbahangbe|68|23290005 23299006 23308004 23728002 23922016 23962006 24531010 24723006 24754007 25277012 25475017 25835006 25835026 26270015 26352009 26519012 27040006 27177010 27471014 27643011 27669036 27756002 27774003 27793021 27927038 28228003 28230024 28374021 28432003 28439007 28498031 28511018 28550019 28575003 28717008 28718013 28810015 28836007 28953007 29179015 29265008 29299008 29499008 29503005 29610004 29617022 29665004 29692004 29694002 29782018 29786019 29926005 29934016 30008007 30022045 30159009 30228015 30238007 30251030 30294027 30295014 30416009 30531010 30540020 30552014 30672014 30800043 30812023
kumbahangbue|2|28506014 30463014
kuminạ|10|26311012 26312003 26315018 27463030 27463036 27472016 27690042 27690047 28541018 30252027
kumondọ|1|29539012
kumui|3|23393022 23928005 24278028
kuměllohě|1|28200011
kuměndag'i|4|23242010 28070017 28156024 30031021
kuměndag'u|5|23761008 23782013 24705011 25182009 28277003
kuměndagewen|1|25634012
kuměndagi|5|26690020 26690028 26709010 28152007 30566022
kuměndagu|31|23912014 24707005 24707024 24707027 25391023 26693004 28275017 28276034 28277016 28667018 28680004 29177020 29333008 29333012 29338024 29371011 29469016 29603012 29630027 29711021 29760031 29864029 29913010 30158013 30302025 30397020 30435011 30624012 30624036 30625019 30628002
kuměndagě|2|30611023 30612004
kuměndagẹ̌ben|1|30598018
kurai|6|23940014 23940019 29455032 29764025 29764027 30655021
kuraiewe|1|30655025
kurang|1|29304003
kurange|4|27759019 27890029 28675019 28788022
kurangu|2|23233034 23415040
kuring|2|30110027 30744047
kuruis'i|2|24162019 29174031
kuruis'u|4|24848009 25974004 26845003 26851002
kuruisang|1|23953027
kuruise|2|23697022 25325023
kuruiseng|1|26832032
kuruisi|1|29201034
kuruisě|28|23456007 24057021 24170028 24172027 24535033 24847023 24853003 24857004 24859013 24863047 24866007 25581005 25962039 25989011 26843006 26857066 27392021 28075018 28387015 28397032 29104021 29400016 29440030 29486036 29510003 30215031 30215039 30424015
kusta|2|24758016 25091013
kutẹu|84|23163023 23361006 23505018 23534021 23566010 23613014 23666024 23740011 23846014 23956035 24095013 24149008 24443014 24496008 24537014 25327010 25443006 25487007 25525030 25526021 25543018 25553039 25580007 25584012 25597011 25613007 25613014 25621016 25621024 25780001 25791010 25809012 25810006 26021001 26521009 26768014 26882009 26948025 27036015 27088037 27134012 27136009 27176008 27257031 27277020 27313008 27357009 27521019 27583001 27636048 27738032 27801011 27953012 27958017 27964035 27990026 27990037 28042025 28102013 28110025 28538012 28669019 28702018 29099020 29149010 29618008 30043010 30160013 30184011 30205009 30207013 30230014 30244024 30355012 30522019 30547010 30555008 30560009 30678024 30715007 30720043 30727035 30796005 31028010
kuịe|1|26173002
kěbị|650|23169008 23174005 23176014 23205006 23208019 23218018 23261018 23264023 23265023 23283006 23299021 23316014 23338002 23362032 23363004 23397040 23404007 23404021 23426022 23440006 23448008 23485020 23488006 23565007 23572007 23586019 23591005 23596015 23634015 23671005 23712014 23756027 23762018 23774006 23789020 23818010 23847021 23854035 23859043 23883013 23939020 23964016 23989015 23992015 23997006 24018014 24056004 24063015 24082021 24090019 24107014 24111020 24120022 24125008 24152026 24216005 24273013 24283023 24297024 24358026 24380029 24385021 24405013 24410037 24429018 24441021 24447007 24449050 24458011 24483025 24500007 24501002 24526024 24551015 24575014 24621019 24631008 24633014 24650011 24656022 24659028 24673020 24674030 24697025 24717027 24718004 24748009 24748019 24770022 24771016 24778024 24782009 24784008 24815009 24817012 24819021 24896009 24897006 24900014 24901014 24957015 24975009 24992002 24994016 25009007 25012020 25021002 25042010 25043008 25043020 25045024 25047004 25079009 25104007 25117004 25119014 25133009 25134004 25136008 25138023 25157004 25166021 25212003 25238003 25269026 25289020 25291010 25298002 25315038 25319005 25325007 25338017 25345022 25354025 25385030 25447022 25457027 25467007 25475003 25480024 25501011 25522018 25524018 25534012 25540021 25561019 25571022 25572004 25583014 25603006 25635004 25679026 25681023 25701016 25711012 25720019 25732031 25759023 25760006 25764009 25769014 25775028 25780011 25782017 25788022 25801017 25813023 25818018 25831004 25831026 25833005 25844006 25855002 25865003 25877016 25878009 25935003 25985002 25985021 26001008 26002005 26004031 26006006 26011037 26017015 26036023 26040006 26048008 26052008 26054004 26103012 26120015 26136002 26147035 26152009 26152037 26156009 26186006 26196021 26198011 26202031 26214020 26231009 26263034 26297011 26298009 26303018 26333023 26382003 26392014 26412006 26498029 26514024 26523019 26572010 26572027 26574017 26597011 26613013 26641006 26641028 26642024 26643026 26648007 26649010 26664033 26695029 26698011 26700002 26715024 26716030 26722009 26731034 26741008 26762020 26781008 26792015 26886025 26910021 26916043 26923006 26923020 26924011 26925011 26928029 26938001 26948014 26954003 26956011 26957012 26961024 26962006 26982013 27008020 27021023 27022040 27029017 27033010 27044025 27046019 27047035 27054012 27065016 27071002 27072025 27077006 27094019 27116022 27118007 27131026 27178020 27187002 27231015 27238019 27252015 27257007 27262008 27293028 27301003 27305013 27318012 27320032 27322014 27337002 27349034 27379023 27383028 27389008 27392007 27399028 27407007 27430054 27447030 27453036 27455003 27460012 27468009 27473017 27474002 27487026 27512012 27515017 27518019 27531012 27552033 27560037 27573023 27576018 27596014 27627004 27655012 27663014 27664004 27670023 27670046 27677007 27685008 27685037 27689029 27695009 27709013 27735051 27743036 27756025 27785013 27821010 27826020 27838003 27850040 27854010 27877044 27880025 27881022 27887028 27889010 27890023 27891019 27892004 27894002 27898009 27900023 27902011 27909006 27922016 27930020 27939016 27947015 27960005 27973002 27974006 27979031 28001029 28004008 28011007 28014023 28034052 28039064 28060021 28066009 28066024 28093007 28100010 28140039 28148007 28149011 28156018 28161024 28162013 28163002 28164022 28185022 28201031 28205003 28226014 28236005 28242017 28249016 28251008 28263017 28264010 28278002 28286021 28291025 28310005 28323009 28323023 28337012 28341018 28351010 28361010 28363025 28374019 28407022 28439029 28461018 28480017 28481016 28535005 28560017 28563029 28563032 28565011 28566010 28569029 28570008 28571003 28572010 28579014 28585010 28591019 28591039 28601029 28613019 28617020 28639007 28648005 28648021 28648039 28654002 28661008 28661021 28662003 28664005 28664014 28665015 28674052 28674056 28678031 28678038 28684007 28697020 28702043 28703005 28703026 28705011 28705053 28710013 28710023 28719002 28726012 28747038 28756023 28758005 28770006 28770015 28771037 28779009 28801006 28805030 28823032 28828048 28830022 28844022 28860006 28862041 28888005 28892020 28892026 28893006 28895022 28908011 28930027 28932018 28951018 29013025 29018003 29042027 29042037 29047006 29059013 29094049 29107005 29113008 29130003 29131026 29195011 29199014 29209032 29229004 29230016 29233004 29248007 29249017 29261008 29262011 29270005 29279019 29286006 29316013 29317002 29319002 29347011 29360015 29362007 29366009 29369023 29375002 29387017 29399007 29402006 29403003 29406002 29418010 29429006 29430043 29437003 29439005 29448002 29461005 29462017 29464004 29466008 29467051 29494009 29494021 29512013 29518024 29529048 29532005 29562037 29563013 29568009 29614010 29627003 29636028 29637025 29648002 29660013 29661050 29666020 29667007 29668011 29674003 29681017 29695027 29696020 29697010 29706042 29711029 29719005 29721006 29723032 29754005 29756017 29759002 29763003 29764014 29785020 29791050 29800015 29803003 29822006 29835014 29838008 29851013 29852015 29865015 29865032 29866003 29871013 29887016 29888017 29888023 29892022 29926027 29939029 29957018 30010003 30012018 30104022 30111036 30112004 30125006 30125043 30144028 30161020 30168012 30212007 30221007 30227004 30274014 30304013 30322003 30399014 30440031 30471015 30527026 30532035 30534002 30571022 30577005 30578031 30578035 30578045 30649021 30651012 30661009 30669022 30673041 30702006 30702037 30737005 30741009 30786020 30789031 30789034 30808008 30809019 30879031 30883028 30884028 30891036 30904007 30922012 30923002 30923022 30924015 30935020 30937023 30938032 30939010 30951036 30957019 30959017 30974009 30976017 30981019 30989006 30989014 30990033 30990038 30992020 31000020 31011021 31013032 31018020 31023021 31028035 31035016 31036025 31052027 31059015 31061009 31062017 31083034 31089029 31090034 31096026 31101005 31102008
kěbị-kěbị|14|23735013 24398023 24670028 26994004 27545005 27596029 28235013 28409022 28519016 28556024 28669025 28747003 29311011 29430039
kěbịe|12|23234038 23253023 23364015 23582003 23618003 23757011 23764006 23853022 23927018 24086015 25859013 30445036
kěbịewe|12|23946031 25830015 26989022 27097028 27312008 27683013 27710006 27910019 28970052 29046012 29879041 30387024
kěcapi|5|28686012 30788029 30929024 30949045 31016005
kědang|1|28853006
kědo|6|26980027 28039021 28040024 29111034 30099036 30182033
kědoku|1|28818007
kědom|1|23463008
kědon|5|28039002 28162007 28165002 30016002 30023013
kědon'E|10|24948007 24949005 24964011 27134009 28160053 28581022 30016016 30062011 30157020 30170017
kědone|1|27576046
kědong|1|30024008
kěhage|1|28928036
kěhase|20|24471002 25602034 27952026 28037023 28381035 28382018 28385042 28786007 29107004 29290026 29316005 29382014 29407086 29596038 29703015 29755006 29809014 30046051 30120050 30293021
kěhu|8|24649018 27147017 27155010 27159056 27381009 30211014 30325022 30979017
kěhịu|1|29428016
kěkoạ|1|29133037
kěllaěng|5|23703002 28843004 29051038 29399019 30776019
kělle|1|30809029
kěllạe|1|25886002
kěmbuahě|2|23671019 24509028
kěnang|5|23890004 25407021 25802003 29153012 29195007
kěnangko|27|23259002 24662019 24688046 25971021 28582012 28666004 28779006 28918017 28940034 28989014 29110002 29190011 29199008 29338034 29394002 29622004 29868008 29959007 30369015 30429005 30440008 30454011 30457025 30466013 30486016 30541002 30541017
kěndag'i|2|25179009 30647035
kěndag'u|1|23782008
kěndageng|1|28169016
kěndagengu|1|30702018
kěndagu|4|23278009 25179006 28531007 30566002
kěndagẹ̌ben|1|30417005
kěndagẹ̌kong|3|23279008 25391018 29177015
kěndịe|3|23657006 24118006 25558010
kěngkaherang|2|30459020 30593008
kěngkahimang|1|26520008
kěngkakoạ|2|30402004 30469002
kěngkakoạ'e|1|28699022
kěngkakoạko|4|28699038 29344019 29347013 30289003
kěngkanawo|1|30218025
kěngkapenẹkon|1|29323013
kěngkapuluko|1|30405012
kěngkapěndụ|1|30216027
kěngkasingkạko|5|23521004 25375018 25883002 26753013 29608007
kěngkatakụ|17|23444002 23446002 23449005 23708012 23964014 24201009 24206002 24458035 24725012 24880005 24984006 25836003 26278010 26696026 29390009 30439017 30728002
kěngkatakụben|1|23446015
kěngkatanạ|1|25371002
kěngkatanạko|1|30579004
kěngkatilangko|1|30441012
kěngkau|1|28678009
kěngkaune|1|30135007
kěngkaung|3|27075024 29512006 30098014
kěnnangko|1|25473012
kětaben|1|26095007
kětakenge|2|28985016 30223015
kětakengu|1|28985022
kětạ|1|29419017
kětạben|7|26150013 26159009 26423029 29769014 29770005 29773025 30846010
kětạbeng|12|26053010 26132013 26641020 27301006 27542025 27764020 27791004 27816003 28911012 30132024 30313007 31030023
kětạem|1|25151035
kětạembeng|1|28890017
kětạen|2|24916016 25670002
kětạeng|123|23214012 23281006 23282005 23310011 23331013 23338015 23400027 23404017 23514012 23634012 23657024 23722007 23731007 23774013 23803020 23805009 24261026 24404021 24470027 24806004 25298022 25366013 25485012 25526032 26003011 26004018 26016020 26177017 26230019 26241010 26246012 26265022 26280014 26410047 26466015 26492003 26640010 26777004 26823031 27075023 27106007 27347033 27612047 27866027 27948024 27971004 27991007 27992026 28012023 28014010 28034008 28035021 28037003 28039033 28040048 28046011 28090022 28093021 28094013 28140003 28164013 28176007 28180007 28228021 28235052 28272011 28283025 28287031 28305023 28322005 28341015 28387006 28397021 28617009 28681035 28814010 28853008 28890041 28950006 29025034 29026023 29026026 29029015 29036015 29068016 29081003 29122022 29149018 29373009 29383006 29391010 29396006 29413005 29430046 29503019 29540018 29540031 29694009 29701032 29722007 29744005 29856004 29955007 30034019 30046021 30098010 30118010 30123018 30134006 30135005 30146005 30213015 30289009 30292023 30318018 30428006 30443006 30513025 30539050 30598006 30598011 31002006 31013041
kětạengbeng|9|27650003 27878030 28736012 28751004 28877011 28878018 29984028 30092034 30116006
kětạewen|18|23238008 23362019 23615004 24286062 24402016 24515014 24654031 24750024 25090018 25386015 25435041 28409036 28601025 28725023 29077008 29169025 29430013 30423024
kětạeweng|14|23924006 24593008 25662025 28217016 29512005 29517012 29701021 30030032 30186018 30186033 30215047 30350003 30845015 31081025
kětạu|25|23271018 25806014 26229021 26450016 26576003 26907023 27613015 27678025 28453033 28549008 28706009 28715014 28954008 29076016 29150015 29344012 29430002 29460005 29569017 30239024 30418014 30513015 30553019 30631021 30647023
kětạung|1|29787002
kětị|1|27168003
kẹ̌bị|4|25099024 28495005 28529020 30647027
kẹ̌do|4|23513018 29118019 29121015 29156013
kẹ̌don|7|28043010 28164018 29119002 29120031 29122033 29124011 29160015
kẹ̌don'E|6|23240012 28312021 29896008 30184034 30466035 30550018
kẹ̌kaakal᷊eng|1|29867024
kẹ̌kahinoěngu|1|29318003
kẹ̌kahombangeng|3|28581003 29654037 30270018
kẹ̌kahombangengken|1|29799027
kẹ̌kahombangengku|1|27646023
kẹ̌kaianengu|2|30985022 30991010
kẹ̌kakěllaěng|2|23557013 25636034
kẹ̌kal᷊emboěngu|1|25606016
kẹ̌kal᷊oarane|7|24753022 25411017 25498021 27509003 27517005 27634034 27883017
kẹ̌kal᷊oaranete|1|24015002
kẹ̌kanengang|1|25148027
kẹ̌kanengangu|1|28296042
kẹ̌kanoakengben|1|27105016
kẹ̌kaonggotangu|1|28645049
kẹ̌kapangimangeng|2|25631003 25631009
kẹ̌kapiangu|1|26870011
kẹ̌kapiaěng|1|27859010
kẹ̌kapiaěnge|1|26852010
kẹ̌kapiaěngu|1|26527011
kẹ̌kapuluku|1|23497008
kẹ̌kapulune|2|28527022 29640017
kẹ̌kapulung|1|28455007
kẹ̌kapul᷊e|1|26374010
kẹ̌karakiang|1|30183007
kẹ̌karingihẹ̌-Ku|1|26715026
kẹ̌kasahigang'u|1|27958019
kẹ̌kasal᷊ukateng|3|29798008 29996016 30281004
kẹ̌kasal᷊ukatengu|1|30280004
kẹ̌kasilo|2|28659007 30711009
kẹ̌kasingkateng|3|28844019 28908009 29788018
kẹ̌kasuẹ̌kangu|1|25165020
kẹ̌katahidaěng|1|25461011
kẹ̌kawahageaneng|1|28645013
kẹ̌kawaleleng|1|30324020
kẹ̌kawinsanaěngu|1|29095018
kẹ̌kawusange|2|29301022 29455033
kẹ̌kawěgaěng|1|28908006
kẹ̌kawọdaitangu|1|28637015
kẹ̌kaěbakeng|10|23334004 23334011 23944031 25497006 27161011 28012016 28873006 29848006 30488014 30775002
kẹ̌kaěbakengu|1|28922023
kẹ̌kaěpisang|1|24343025
kẹ̌kaẹ̌bakeng|3|23256011 25503008 30302013
kẹ̌kinạ|1|28593004
kẹ̌koateng|46|23285017 23333008 23842013 23924003 24477025 25170006 25536021 25970016 26123031 26230023 26230028 26230034 26507019 26681015 26715014 26961039 26972044 26981007 27014035 27299011 27772038 27964041 28280009 28392011 28476027 28575011 28576008 28621009 28791002 28836002 29002003 29263009 29317004 29345002 29457012 30055013 30098002 30167007 30167020 30229018 30245028 30292041 30539041 30720006 30723019 30755006
kẹ̌koateng'E|5|25345023 26119020 26231011 26260021 29212027
kẹ̌koateng-Ku|2|26247011 26410040
kẹ̌koatenge|4|26520012 27526011 28564005 30923014
kẹ̌koatengkue|1|28107020
kẹ̌koatengu|8|28577011 28578008 29193027 29316006 29609010 30450011 30664011 31026018
kẹ̌kobikangu|1|30929025
kẹ̌kontiangu|1|27064031
kẹ̌koạ|1|23268028
kẹ̌koạkong|1|30432039
kẹ̌kuiang|2|26715021 29277011
kẹ̌kuiangu|1|24638028
kẹ̌kědal᷊eng|1|29669012
kẹ̌kěndagě|1|30660006
kẹ̌kěndagẹ̌-Ku|1|30766003
kẹ̌kěndagẹ̌beng|1|29330006
kẹ̌kěndagẹ̌ku|4|28342015 28345006 28346021 28349015
kẹ̌tabeng|4|28406030 28738006 29235027 29554020
kẹ̌taeng|4|28413003 29098012 29201025 29344002
kẹ̌takenge|1|28987015
kẹ̌takengu|1|30027020
kẹ̌tạben|1|28416035
kẹ̌tạbeng|1|29258023
kẹ̌tạbenlai|1|28534027
kẹ̌tạeng|2|28032005 29345022
kẹ̌tạewem|1|28416020
kẹ̌tạeweng|2|28565016 28654004
kẹ̌tạu|3|25297015 29904026 30553013
kạadil'E|1|28018011
kạadil'u|1|27997003
kạadile|2|27555016 29655009
kạadilě|5|23510019 29544018 29656005 29973007 30960015
kạbansage|1|24242017
kạbasane|1|27204059
kạbawawa|1|30113027
kạbawera|1|24595012
kạbawohe|57|23217010 23840013 24700030 24804027 25068009 26303007 26371006 26597032 26649022 26848013 26854014 26863007 27165019 27392009 27396023 27458014 27470032 27547030 27740026 27992027 28019020 28153006 28169005 28395004 28411005 28431003 28467041 28484027 28550007 28700006 28723012 28746006 28764005 28844012 28948006 28989006 29045016 29281006 29336006 29782007 29847013 29870003 29984011 30011005 30019008 30171007 30344030 30391005 30465006 30471033 30701018 30735040 30981005 31030021 31034007 31066019 31081029
kạbawualagě|1|30028016
kạbawuka|1|27624027
kạbawuni|4|23444013 28704003 28911009 29789019
kạbawunie|1|23289026
kạberane|1|29302008
kạdaděmahě|1|30499040
kạdal᷊aụ|1|25963008
kạdal᷊enge|16|23627011 23836003 24232004 24235004 25355018 26277016 26442004 26593017 27005028 27006007 27204014 27220002 27711004 27837005 28155022 30121060
kạdal᷊ingarane|1|26934005
kạdal᷊ingene|1|26004013
kạdal᷊uhe|1|27150008
kạdal᷊ěngkang|1|24362010
kạdamahine|1|27234031
kạdangenge|1|23430004
kạdarekeng|1|25467006
kạdaresọ|2|25025018 26587028
kạdariahi|3|25035004 29879005 30504033
kạdarikọ|1|30774026
kạdaringang|1|28512020
kạdarol᷊ě|1|30917018
kạdarul᷊ung|1|26875013
kạdaune|1|26162013
kạderang|1|31050004
kạdidị-didị|1|30546024
kạdingạ|3|26215006 27978028 27978031
kạdingạbe|1|28493043
kạdingọe|1|28958015
kạdionge|1|25195030
kạdiongeng|8|24299013 24776029 25099033 25435039 26862018 27083045 27921014 28295013
kạdodọ|12|25349013 26688002 28328019 28461015 28783007 29006030 29172002 30381011 30729026 30805014 30871020 30932009
kạdodọ-dodọ|1|25452030
kạdokạ|1|30513037
kạdoronge|1|27523021
kạduruhakane|1|23529004
kạděllịe|2|25921012 27147032
kạděngụ|2|28453011 30804012
kạděngụe|5|23718018 24558022 24560010 25343019 28519021
kạděntane|12|23832006 23988027 25033036 25770010 26092006 27840042 28433014 28514006 29228041 29237010 30050027 30103019
kạděsunge|1|26208005
kạgaghantong|1|26857013
kạgesere|1|27729021
kạguwakenge|4|23454006 23911006 25348014 25350050
kạguwạ|2|27297009 27331033
kạguwạu|68|23233006 23234008 23306006 23411011 23699007 23721021 23910008 23910014 24157016 24255009 24385009 24463007 24537008 24557018 24704006 24704009 24704013 24843014 24860010 24889009 24900021 25089023 25285020 25327007 25383019 25391008 25391011 25440011 25442002 25980011 27128008 27178031 27343016 27412011 27529026 27550015 27554018 27629004 27844053 28082038 28086020 28088022 28088045 28143036 28190015 28397006 28652003 28652015 28777021 28839040 28978009 29059008 29276003 29343022 29344031 29495015 29514015 29757010 29758015 29774037 29801003 30326019 30436016 30537018 30644014 30786052 30969021 31048007
kạhalě|1|26228012
kạhaunge|1|25288021
kạkabawěllone|1|23362002
kạkaiange|3|24124004 24635030 25281027
kạkakaịu|1|23935038
kạkal᷊iune|1|28279004
kạkapul᷊e|1|27204049
kạkapurạ|1|28855021
kạkasawuhe|1|27109007
kạkasukụe|1|29286025
kạkasěllahe|1|26151005
kạkaěnge|3|23390005 25660020 25885004
kạkendene|2|25293013 27513014
kạkendenẹeng|1|24398011
kạkoạ|1|30126002
kạkoạe|1|30445027
kạkạdodọ|1|26151011
kạl᷊aaresě|1|29948023
kạl᷊ahapusě|1|30679038
kạl᷊ahěgo|1|31040012
kạl᷊ahěkụ|1|27664008
kạl᷊ahěmbung|1|23444007
kạl᷊aikị|2|28115030 30855012
kạl᷊aunidě|2|27686018 29756021
kạl᷊ausihě|1|28519005
kạl᷊insọ|1|27005030
kạl᷊uhune|1|27587011
kạl᷊ěhabe|1|23360017
kạl᷊ěngange|1|25412004
kạnge|2|23177022 26283020
kạngere|16|24424020 24964002 26147027 26466021 29081010 29081019 29084041 29231002 29257002 29487002 29927002 30723022 30750010 30984003 30984063 30987003
kạpahul᷊intụe|1|23412004
kạpahul᷊uase|1|27101008
kạpahumbisarane|2|26007002 26028004
kạpahundal᷊enge|10|23400002 23845003 24207006 24573006 24621006 25359007 26005011 26006003 27269005 27500006
kạpahunděllị|1|29658003
kạpahunděsunge|1|25339009
kạpahundẹ̌sunge|1|23710005
kạpahungkaiange|1|24267008
kạpahungkaěnge|6|24076004 24773005 24777002 24888016 26022004 28622004
kạpahungkiạ|1|27256027
kạpahunsikine|1|27184012
kạpahunsuě|2|25875007 27000010
kạpahuntikị|1|25910018
kạpahuntikịe|6|23565006 24095018 24098013 24209023 24754014 24792011
kạpahuntinamban|2|28068011 28068020
kạpahuntinambane|5|27103008 27109016 28068030 29476033 29653030
kạpahuntinambang|3|28932007 29867011 30490023
kạpahuntol᷊ene|2|26083010 30912022
kạpamunarane|1|23998009
kạpanawuhete|1|25251007
kạpandane|1|27002005
kạpanengkele|1|27354005
kạpangampal᷊e|1|25986023
kạpangumbele|1|30949043
kạpangěnnane|1|27277012
kạpanondane|1|27848005
kạpanusune|1|23977013
kạpanutunge|1|24904002
kạpaněntirone|9|23850018 24414016 24570005 25125008 25781007 26357006 27102018 27334023 27693014
kạpanịdane|1|24956002
kạpapal᷊e|1|26887020
kạpapikungu|1|26568012
kạpapěgong|1|27344015
kạpapěllọ|4|26873014 30108017 30110029 30252029
kạpapěnisě|1|24346009
kạpia|38|23429023 23534009 23796008 23867011 24036020 24386004 24422031 24478009 24553010 24613014 24623026 24831005 24856022 24911035 26080005 26115014 26116020 26125009 26458009 26749016 26793002 26813006 26819004 26824015 26835006 26894009 26900007 27400008 27579024 27715004 27801021 28372015 28874012 28896016 30374027 30895003 30984015 31091005
kạpěberane|4|23349009 24154034 24820017 24863032
kạpěbẹ̌bansage|1|23836011
kạpěbẹ̌berane|1|27664013
kạpědẹ̌deạ|1|30187012
kạpěhengetange|2|23398005 23536005
kạpěhědange|1|23370022
kạpělehengetange|1|26808004
kạpělẹ̌hengetange|1|24102005
kạpělẹ̌lukade|1|27344034
kạpěmansage|2|23375009 24370012
kạpěmol᷊enge|1|26907009
kạpěmpẹ̌gione|1|26594014
kạpěmunarane|1|30278035
kạpěmẹ̌mansage|1|27501012
kạpěngampal᷊e|1|24915006
kạpěnggilinge|1|23999006
kạpěnginung|1|28584004
kạpěnginunge|1|25660022
kạpěngěngantibe|1|27002008
kạpěngěntude|1|23258010
kạpěngěntungeng|1|27176004
kạpěněntirone|1|25541017
kạpěnětạe|1|25426017
kạpěnẹ̌naminge|1|24235028
kạpěnẹ̌nomane|1|23228029
kạpẹ̌berane|5|23659009 25336004 25544021 25925019 30935007
kạpẹ̌bẹ̌bawane|1|24979009
kạpẹ̌bẹ̌bisarane|1|28709018
kạpẹ̌dalone|2|24994009 25133015
kạpẹ̌deạ|2|25019015 25430015
kạpẹ̌dẹ̌daringihe|1|25743006
kạpẹ̌dẹ̌deạe|1|23376010
kạpẹ̌gẹ̌galumbange|1|25270029
kạpẹ̌kakěllane|1|27314004
kạpẹ̌kal᷊iomanenge|1|24904008
kạpẹ̌koạe|1|25503011
kạpẹ̌kẹ̌kantarịeng|1|27509010
kạpẹ̌lẹ̌hengetange|1|25912005
kạpẹ̌mandane|1|24294005
kạpẹ̌mansage|1|25105012
kạpẹ̌masaěnge|1|26843004
kạpẹ̌munarane|1|29584045
kạpẹ̌munggal᷊ọe|1|30474016
kạpẹ̌ngampal᷊e|1|25498015
kạpẹ̌ngapune|1|25702015
kạpẹ̌ngẹ̌ngal᷊ạ|1|29068024
kạpẹ̌ngẹ̌ngampal᷊e|3|27540004 29922006 30183005
kạpẹ̌puasane|1|24279013
kạpẹ̌pudine|1|24994011
kạpẹ̌sakaenge|1|25269005
kạsakene|1|25768006
kạsalune|1|23605008
kạsamede|1|27739013
kạsangị|3|26879010 27658014 30038018
kạsangịe|1|25234011
kạsariane|1|28929046
kạsasadia|1|25170026
kạsasange|1|24181002
kạsasěmbaụ|2|26063014 26704003
kạsuě|2|24848021 25962024
kạsěbange|2|24753031 26903005
kạsědạe|1|23675007
kạsěllahu|1|29916021
kạtal᷊ange|1|27429022
kạtamaine|1|26218021
kạtambane|1|27027019
kạtatahang|1|27343005
kạtatahungkụ|1|30245009
kạtatahungkụe|1|23462005
kạtatamang|2|30530013 30530024
kạtatampung|2|26939008 27287018
kạtatanabe|1|30270009
kạtatanạ|12|26605020 26705015 26707004 26921011 26922035 26944016 26981035 27904046 28496020 28508004 28514013 30016006
kạtatanạbe|2|28499008 29087020
kạtatimbuhung|1|28856015
kạtuwone|1|24351015
kạtěllạ|1|30776023
kạěnggahe|1|30841016
kạěngkěhang|6|23735002 23735019 24079015 25171002 28738030 30904013
kụ|3377|23157040 23165022 23165037 23172013 23172032 23176028 23178009 23178012 23181008 23181024 23184004 23186045 23190021 23194013 23199007 23200042 23203020 23206021 23209016 23209028 23214021 23215010 23218010 23221005 23226002 23228018 23229009 23231011 23232001 23249007 23259024 23264011 23265013 23268021 23275010 23276012 23278012 23287020 23289027 23299032 23308010 23308017 23315006 23316007 23317016 23317022 23322015 23328028 23330015 23341008 23343008 23344006 23348016 23350016 23351018 23352014 23355018 23355046 23357012 23358004 23361012 23363006 23365009 23368010 23369007 23371005 23372023 23378013 23379007 23381007 23381010 23382022 23384007 23385011 23386029 23388008 23389025 23389035 23390025 23394014 23399009 23400007 23402008 23402012 23413007 23419012 23426026 23435009 23444008 23444014 23446018 23454002 23464005 23466002 23474014 23478012 23485029 23489020 23491019 23495023 23499006 23500017 23501013 23501023 23501031 23503018 23505023 23513005 23515008 23515044 23516018 23519009 23526012 23527008 23531013 23532019 23534012 23535005 23535012 23535025 23541017 23542016 23544015 23545007 23555039 23560002 23560009 23562002 23563003 23570020 23570025 23571024 23573022 23575005 23576016 23577006 23578026 23579002 23582012 23584013 23584018 23584038 23586008 23587013 23592011 23592022 23606022 23609012 23610012 23611012 23611029 23612007 23613007 23617039 23620009 23627016 23629008 23630009 23631009 23638012 23644007 23646006 23647006 23648014 23651014 23652011 23656025 23657013 23659005 23660011 23663007 23663021 23664023 23670009 23673015 23691013 23691024 23694018 23697020 23697023 23706013 23708005 23712009 23715018 23719018 23720010 23728027 23728036 23729010 23730007 23731012 23732005 23733004 23734010 23736012 23737010 23737018 23740035 23741024 23743012 23743019 23747009 23747013 23749008 23752012 23753001 23754008 23756012 23759013 23760008 23765006 23768019 23768023 23769016 23770020 23778012 23784023 23791035 23796009 23798019 23799010 23799034 23801013 23805005 23815020 23818011 23818020 23819012 23824010 23825006 23827007 23829024 23832014 23832020 23832026 23833007 23835021 23836021 23839010 23841016 23844008 23844015 23848009 23848039 23850012 23855028 23856013 23857010 23859007 23869034 23870016 23871003 23871010 23882007 23883011 23885017 23886012 23888007 23891008 23897017 23898007 23898013 23907017 23908012 23913003 23916017 23927015 23928020 23929015 23933024 23938012 23941021 23951012 23953014 23954010 23954022 23954032 23958023 23959015 23961025 23963009 23967007 23969006 23973006 23985014 23989005 24001014 24004008 24007005 24009007 24014007 24014013 24016005 24019020 24025003 24026004 24027003 24027010 24027015 24028010 24029002 24029010 24030026 24031003 24031011 24032026 24033004 24033010 24034004 24038004 24038011 24038018 24038022 24039003 24043023 24046014 24046021 24047012 24047019 24050024 24053030 24057011 24063008 24064007 24065006 24069010 24070030 24073011 24073022 24081022 24086035 24093021 24094007 24094013 24097018 24098007 24099007 24100012 24102023 24104013 24105016 24106012 24108013 24109010 24111009 24113021 24116015 24117006 24119027 24120008 24121016 24122007 24124015 24126016 24129006 24130031 24136007 24137013 24150019 24154023 24156008 24157015 24158007 24159011 24159028 24159032 24160006 24165008 24165011 24170010 24170030 24173007 24176016 24177007 24178010 24178023 24181018 24182004 24183013 24187009 24188007 24189006 24193001 24194019 24198012 24198016 24200012 24203018 24205008 24206022 24207016 24209001 24209015 24211008 24215006 24221020 24224012 24225013 24226014 24226023 24229021 24230011 24231016 24232016 24237021 24238002 24239009 24239015 24243029 24245010 24247011 24247022 24248003 24250012 24251007 24251020 24254017 24256015 24257017 24258007 24260012 24265014 24270014 24272006 24273004 24273018 24275038 24276023 24278008 24278030 24279023 24280009 24282021 24285021 24286012 24286031 24294032 24297037 24299006 24302008 24303024 24308004 24311021 24313010 24316009 24320016 24325021 24325030 24328015 24329007 24330009 24331015 24332012 24336033 24339027 24339030 24340002 24340007 24340013 24344003 24344011 24344018 24345012 24346003 24346011 24348013 24349014 24349022 24355017 24356025 24360011 24360020 24361013 24362008 24363004 24363007 24363018 24365005 24368007 24370013 24371011 24378015 24378024 24378029 24379006 24380006 24380013 24384010 24385005 24385013 24388001 24388016 24388019 24390009 24394008 24395022 24396013 24398004 24398010 24398021 24406007 24407006 24411011 24415014 24419009 24424019 24425013 24426001 24427011 24428033 24430011 24432006 24433010 24433018 24436010 24438003 24438010 24441012 24449017 24449031 24456029 24458016 24459010 24463010 24468024 24475012 24477005 24477024 24478010 24479004 24479011 24481009 24483013 24485011 24487008 24488009 24488024 24489003 24489007 24489023 24491022 24492015 24494015 24495008 24498009 24499010 24502024 24503017 24505006 24507018 24509006 24509026 24511001 24511010 24512012 24514007 24514011 24523018 24524009 24524030 24525007 24526019 24527009 24534006 24535034 24536012 24542011 24546008 24552011 24559026 24564033 24566007 24567014 24569009 24570020 24574004 24574020 24574029 24575009 24575020 24576033 24578021 24581012 24581021 24581026 24582022 24584027 24586025 24590009 24596012 24601004 24603007 24605021 24606023 24610017 24610027 24616006 24618007 24621037 24624013 24627023 24627033 24628021 24628030 24629002 24631019 24637006 24639010 24643027 24643035 24645007 24650020 24656008 24657009 24662022 24664010 24670012 24670024 24673004 24677014 24680015 24683018 24683024 24684015 24685006 24688008 24693022 24695006 24696001 24700004 24706027 24716016 24718025 24721009 24721030 24724007 24726029 24729037 24731015 24732006 24732025 24733014 24734007 24735016 24737009 24746013 24747012 24758011 24758018 24758053 24759008 24760014 24766009 24768013 24769004 24773013 24774010 24777029 24778016 24779015 24782031 24787006 24789019 24790010 24791009 24792006 24792025 24795011 24797008 24799011 24799027 24800011 24801012 24803020 24806003 24807007 24812007 24813015 24813019 24813026 24817009 24817027 24819027 24820013 24824009 24828032 24834006 24835005 24844019 24851006 24856020 24857006 24859019 24862006 24863026 24864009 24868027 24869016 24869035 24869049 24871018 24873009 24873034 24879022 24881003 24884015 24887005 24888041 24889012 24890011 24891025 24894005 24895013 24896013 24896022 24898010 24903018 24911008 24911030 24911047 24914026 24916021 24918011 24922006 24922011 24925010 24929026 24930012 24930021 24934008 24936001 24936016 24944009 24957007 24958008 24959006 24972007 24973010 24979008 24982014 24983009 24983018 24985011 24989007 24989025 25002010 25006012 25008035 25009001 25011004 25017016 25019007 25025011 25027016 25029015 25029032 25035023 25039006 25045028 25046008 25048001 25066022 25069009 25072014 25073007 25073018 25077018 25078009 25081001 25084009 25088009 25099031 25100004 25100024 25102021 25103010 25104029 25105026 25106026 25110021 25111028 25112019 25120015 25121013 25122018 25122025 25123011 25130007 25132034 25133013 25134007 25135006 25136006 25151008 25155030 25157019 25158012 25159008 25159011 25161003 25163009 25164015 25165026 25166017 25179005 25179008 25185018 25189027 25196007 25196028 25198016 25199029 25201009 25205009 25210012 25212007 25215009 25216010 25216026 25218010 25229013 25232019 25234010 25234012 25240023 25252007 25253016 25258013 25258025 25259033 25263004 25263011 25270007 25270035 25271040 25274014 25275033 25279010 25280014 25281016 25287020 25288008 25290008 25296015 25300009 25301011 25308009 25312007 25314014 25318017 25320010 25321029 25325026 25328025 25330019 25336008 25338025 25339013 25344024 25346003 25349014 25350034 25351016 25356007 25356033 25362017 25363012 25366002 25367004 25368013 25371009 25372008 25373008 25374009 25374017 25377014 25377040 25380022 25383022 25391013 25391017 25392009 25395022 25398014 25398033 25399009 25399021 25401008 25401016 25402010 25404015 25406013 25411012 25411018 25412009 25413020 25414041 25415013 25415019 25417007 25422006 25422011 25423017 25423023 25423037 25426010 25429009 25432005 25432012 25432028 25433018 25434010 25437015 25438013 25442006 25443019 25450010 25454026 25457010 25462004 25462011 25463012 25471009 25476015 25478008 25479027 25488008 25491012 25493006 25496004 25496014 25497005 25497017 25497023 25498011 25503007 25505005 25505025 25507002 25513021 25513035 25518039 25518046 25525013 25530005 25530023 25532009 25532018 25533025 25535011 25538019 25544007 25544017 25545016 25548013 25548018 25556010 25558017 25563001 25564017 25566041 25570016 25571017 25572020 25573012 25574009 25575005 25575016 25577015 25579011 25581006 25583013 25589011 25593031 25595014 25596022 25597021 25604011 25606006 25606018 25607004 25611013 25612009 25614011 25617006 25623006 25627018 25629006 25637002 25639020 25640009 25643006 25643024 25645015 25651019 25656010 25656017 25658024 25659015 25665001 25668008 25671010 25676006 25677009 25679009 25679020 25679023 25681018 25688008 25691010 25692009 25694024 25695007 25696012 25698007 25699008 25699017 25700007 25700021 25703013 25703025 25703034 25711015 25711021 25721010 25735011 25736017 25744007 25748009 25752005 25754028 25756016 25756020 25767024 25769010 25769035 25770009 25773006 25776011 25777007 25782001 25789031 25790025 25792016 25796007 25796012 25807015 25808018 25815009 25817018 25824010 25826014 25831029 25833011 25839021 25848022 25861010 25863013 25864018 25868008 25869006 25870005 25871005 25878007 25882006 25882020 25883001 25884020 25887013 25901023 25904006 25904013 25907008 25908006 25911013 25916013 25919006 25920008 25923009 25926004 25927007 25930006 25940025 25941021 25943019 25944020 25946011 25950012 25951026 25954003 25958022 25961005 25961011 25962014 25962018 25962022 25968010 25969005 25971033 25984003 25984006 25985010 25985019 25986006 25986018 25986021 25988007 25989024 25991003 25991014 25993014 25997005 25998013 26002003 26002028 26004016 26004026 26005015 26006008 26007012 26010018 26015018 26016009 26021022 26027005 26036025 26046017 26057005 26058001 26059006 26060006 26061005 26063009 26063013 26064015 26067018 26077018 26078032 26079009 26083006 26084012 26085004 26085009 26086029 26088015 26090006 26092007 26095024 26097014 26104012 26105006 26111007 26115007 26122009 26125006 26129030 26134011 26134016 26137020 26139002 26139010 26141008 26143020 26147007 26147023 26147034 26150017 26152003 26152013 26152029 26153005 26156006 26157003 26157017 26160018 26163010 26167028 26170003 26171004 26171029 26179019 26180005 26180008 26180020 26182012 26183012 26185014 26186004 26187009 26191012 26191018 26192024 26195018 26202027 26203028 26204014 26204022 26204032 26204037 26207020 26208011 26213010 26216008 26220014 26232022 26234019 26240006 26240013 26240017 26241030 26243007 26244009 26246008 26248004 26249017 26255013 26258009 26259012 26266008 26268013 26269029 26271016 26275006 26279013 26280004 26281011 26281015 26282024 26285006 26287016 26288022 26291003 26291012 26291017 26293027 26297013 26298014 26298023 26308006 26309009 26309022 26314012 26315003 26321016 26321029 26322006 26322026 26324012 26326008 26332017 26333004 26338012 26343010 26344005 26347017 26347024 26350011 26354014 26357040 26358014 26362027 26364045 26365026 26367021 26368010 26369009 26371019 26377013 26381024 26384009 26389009 26390007 26391030 26392005 26393017 26398018 26400014 26403013 26406039 26408013 26408026 26410027 26410041 26410051 26414008 26420002 26423028 26426008 26426028 26427007 26430019 26432010 26432016 26434028 26435014 26435029 26436022 26438017 26439018 26441008 26445019 26447010 26449006 26450005 26457015 26457034 26459015 26460001 26462033 26464017 26465010 26476021 26478014 26483012 26483015 26486012 26492017 26494003 26494014 26498021 26498034 26503007 26510008 26515028 26518023 26519006 26542006 26544013 26549018 26551014 26552013 26553009 26555016 26556011 26557022 26561006 26562006 26563025 26565014 26570011 26576019 26580006 26583007 26585010 26586017 26590012 26590037 26592011 26593004 26595007 26598003 26602006 26603009 26605014 26610003 26617032 26621027 26625022 26627013 26628005 26629015 26630011 26630021 26632018 26634029 26635009 26636010 26636017 26637007 26638012 26643014 26643028 26645008 26649020 26649031 26650030 26651008 26651033 26656008 26662016 26672012 26674016 26678012 26678023 26679022 26679036 26680025 26681022 26685007 26685015 26686008 26691020 26693011 26693023 26695013 26701011 26704006 26705007 26705019 26706011 26713011 26716017 26716020 26719027 26724011 26724032 26726006 26726018 26732010 26732013 26737006 26737015 26740010 26749019 26749024 26751014 26752015 26755007 26756017 26759019 26761010 26763016 26763025 26764012 26766012 26768010 26769016 26772021 26772034 26772041 26782010 26784008 26784026 26785003 26789009 26790017 26792018 26795007 26796008 26797027 26804005 26804018 26804025 26809009 26813008 26815010 26817009 26819007 26819011 26820016 26821010 26823041 26824018 26827007 26829007 26830008 26831005 26832031 26835010 26837030 26838031 26842018 26849020 26855018 26856010 26856019 26858006 26860015 26861002 26863015 26864038 26865003 26865015 26866011 26869004 26870014 26870026 26876004 26883027 26884014 26885029 26887006 26887017 26887034 26894028 26895011 26895019 26897020 26899019 26905013 26908013 26910009 26912007 26917016 26917036 26919024 26924030 26928011 26933014 26935021 26935028 26937013 26940006 26941009 26942016 26942021 26945013 26954009 26961010 26963005 26971006 26975012 26979024 26979027 26981018 26983016 26983034 26989017 26989021 26990032 26991008 26994007 27001009 27005007 27015021 27016012 27017007 27020016 27021019 27022004 27022017 27026008 27031003 27034014 27038014 27042010 27045005 27046017 27050036 27054019 27055026 27058001 27059015 27059027 27063025 27066005 27066012 27070040 27076022 27078005 27079012 27081019 27081034 27090003 27092019 27093012 27094026 27096039 27102033 27105011 27105024 27108013 27109023 27111008 27114027 27120014 27121008 27124007 27124014 27124022 27127001 27128012 27131025 27133010 27135008 27135013 27136037 27137010 27138001 27141021 27143011 27146008 27146018 27149023 27152049 27152055 27154007 27154022 27155017 27155036 27157030 27157035 27160015 27160019 27162020 27162031 27163008 27163020 27172008 27177006 27181004 27182008 27182018 27186011 27187028 27189034 27190019 27194013 27199008 27204045 27208021 27209020 27213007 27215006 27215020 27219001 27220005 27225005 27225020 27229001 27229019 27230019 27232030 27233010 27234010 27234022 27234027 27234032 27235015 27235024 27237011 27242011 27243006 27244008 27245009 27250012 27251013 27252010 27254008 27255042 27256006 27257008 27257022 27258007 27258027 27258031 27264013 27266014 27268007 27269006 27270006 27274014 27275009 27278015 27281006 27282048 27283015 27285014 27286009 27295003 27301009 27304011 27315013 27316014 27317009 27318009 27319012 27320029 27322008 27326042 27328018 27328027 27334013 27337017 27338005 27345008 27346031 27347007 27348025 27349013 27354014 27355051 27357034 27359003 27359017 27360003 27363015 27363020 27364027 27365030 27371023 27372013 27379005 27379026 27380012 27389013 27390032 27391011 27394030 27395013 27396029 27397038 27399005 27400004 27401032 27401041 27401049 27404025 27406021 27409059 27410027 27413029 27416019 27417018 27420014 27421008 27424016 27425001 27425019 27426009 27430040 27430045 27432011 27436010 27441029 27444009 27446028 27448008 27448012 27448019 27450012 27451005 27451025 27453012 27455028 27455034 27457030 27459016 27459025 27460018 27461001 27462018 27463022 27465037 27466010 27466023 27466042 27467010 27467016 27468008 27468018 27470019 27470030 27472007 27472019 27472049 27473022 27482019 27484009 27485024 27486005 27488003 27488016 27489008 27495008 27498022 27500029 27502023 27505008 27511006 27511023 27513006 27513012 27514008 27517014 27518011 27523010 27524008 27527015 27527041 27528016 27529016 27531001 27531030 27535025 27537024 27547027 27547033 27559008 27561006 27561017 27565007 27566033 27567017 27569015 27571016 27575010 27577017 27585060 27586006 27587015 27590037 27590043 27592017 27595015 27595046 27598005 27598011 27602008 27605015 27606009 27608009 27610014 27611017 27612013 27612025 27613038 27614013 27621038 27622016 27625009 27626004 27628015 27628028 27629007 27630035 27632006 27633011 27637008 27637015 27640008 27640018 27641011 27642009 27642014 27642024 27648022 27653016 27655016 27657022 27657030 27659044 27663016 27666026 27668001 27670016 27670048 27671016 27672022 27673008 27673024 27676006 27676047 27680016 27681033 27682017 27683012 27686016 27688011 27689014 27690010 27690032 27690050 27691012 27693010 27693050 27694022 27695008 27697014 27698007 27699010 27701008 27703012 27705015 27708025 27711005 27715017 27718008 27719032 27721007 27722006 27723004 27730017 27730028 27731011 27736010 27736016 27737012 27738019 27738040 27744015 27744041 27746012 27750023 27751019 27752008 27753010 27753020 27754009 27754014 27756048 27758039 27759007 27759017 27762009 27762025 27763011 27764008 27766015 27767013 27768018 27770012 27781020 27784023 27791008 27792004 27793006 27795022 27802012 27803026 27804010 27804019 27807014 27808011 27809017 27814022 27817014 27817026 27822011 27822030 27825021 27826014 27829029 27836015 27839021 27840002 27841015 27841028 27842007 27842019 27843012 27844017 27847001 27847005 27850033 27850048 27851011 27853021 27855018 27857027 27858006 27858016 27859025 27860023 27861014 27863014 27863063 27864013 27868032 27868045 27869030 27870014 27871001 27873022 27873033 27877019 27877032 27878023 27879014 27879020 27880027 27884006 27885012 27888012 27891009 27891029 27897011 27898025 27899025 27900001 27900008 27901006 27903030 27905009 27905014 27906015 27906035 27908027 27909018 27912008 27913022 27915008 27915051 27916019 27917041 27917059 27918023 27921033 27928015 27930012 27930022 27940030 27946017 27948043 27951012 27954014 27975006 27976003 27976023 27979006 27984006 27984022 27989006 27989013 27991014 27991020 27997018 27999005 27999010 27999024 28000021 28000034 28012015 28013012 28015010 28016008 28018017 28018026 28025014 28027006 28028014 28029014 28032009 28032020 28034005 28040038 28040047 28045010 28047012 28047024 28050018 28050046 28053026 28054014 28060008 28061025 28062016 28062035 28063019 28063042 28064031 28065040 28066017 28071011 28073024 28075028 28082018 28082030 28085022 28085032 28085045 28086025 28087007 28090013 28091010 28091024 28092020 28094004 28094030 28096028 28096033 28098019 28098036 28100013 28104007 28104019 28110007 28111006 28111017 28115014 28116042 28118009 28119020 28120002 28120032 28121022 28121028 28122003 28122019 28122028 28124003 28124022 28125002 28126023 28128005 28128021 28128031 28128040 28130031 28131002 28132003 28134016 28134022 28134035 28135017 28138010 28141010 28141031 28142009 28144023 28147012 28151018 28151030 28154016 28156027 28157022 28160029 28164006 28164020 28165016 28166015 28181020 28182023 28186010 28189022 28189026 28189033 28197022 28197027 28198012 28198029 28208033 28208044 28210023 28212008 28216008 28217010 28218018 28222006 28223011 28227009 28227028 28228027 28231024 28234003 28234038 28235018 28235021 28238017 28239016 28246014 28247030 28248025 28251023 28252010 28252033 28253003 28253017 28254003 28254039 28254049 28255013 28259017 28261006 28263013 28268014 28269005 28269014 28270004 28270015 28270038 28271008 28271039 28273019 28277021 28279005 28282002 28284003 28284012 28287003 28288007 28288018 28291012 28292016 28294016 28294025 28295015 28296006 28303022 28304004 28304030 28305018 28307023 28309004 28314010 28315009 28316012 28316017 28320023 28320031 28320039 28328009 28328016 28331032 28332007 28332011 28340009 28341013 28345004 28346009 28349007 28350007 28350021 28352016 28355003 28355032 28357003 28358018 28362017 28362038 28369009 28373010 28381015 28385029 28385039 28387010 28395012 28396017 28396035 28401005 28401032 28409002 28412024 28422016 28428022 28435016 28437007 28440038 28441028 28444012 28449029 28451039 28451047 28458037 28462021 28463041 28465014 28466014 28469011 28472018 28477007 28477033 28485003 28488007 28489013 28498026 28500025 28500030 28501010 28501015 28502016 28502036 28504007 28510004 28510016 28511014 28513024 28513030 28520013 28522001 28522039 28524034 28525011 28525021 28527003 28529005 28530002 28531004 28531006 28532006 28534029 28535031 28539015 28540024 28548021 28548029 28559024 28562014 28566003 28566007 28569034 28573011 28577018 28579008 28581052 28584007 28585007 28588026 28595010 28595016 28604012 28605017 28606019 28614022 28622019 28625020 28626010 28628015 28628026 28630010 28634007 28650016 28657006 28659005 28674019 28681002 28682005 28685007 28695017 28695022 28695049 28698016 28704013 28736015 28736026 28739017 28746033 28747015 28747024 28753016 28756025 28761017 28763035 28767023 28768026 28769010 28769025 28771034 28772022 28773011 28773019 28777007 28780012 28781012 28804026 28805010 28805017 28806003 28810028 28812040 28817014 28818009 28818032 28819005 28820008 28822011 28826015 28827022 28828019 28832021 28839037 28840010 28840018 28840028 28840046 28844011 28844018 28845015 28845032 28848014 28848023 28849050 28850005 28851003 28851015 28852005 28853005 28859003 28860033 28862010 28862017 28863003 28865002 28865024 28866034 28867017 28873013 28874007 28874021 28879010 28879035 28881008 28882009 28882058 28884034 28886001 28888012 28889025 28890040 28890046 28901019 28901034 28915016 28915043 28916010 28923013 28924047 28927010 28927023 28928013 28929015 28929022 28939010 28946013 28946043 28946048 28951014 28956010 28958013 28961011 28964021 28965019 28968028 28970004 28970031 28975017 28980013 28984020 28984035 28987013 28988015 28988022 28989009 28990007 28990012 28992019 28992034 28993009 28997021 29000019 29002022 29003012 29008004 29009010 29011016 29016038 29022024 29025007 29026036 29028018 29029018 29030018 29044029 29046056 29048032 29059064 29064024 29066002 29067007 29067022 29070016 29078002 29081008 29081018 29086017 29089004 29092013 29094046 29097009 29100007 29108033 29113003 29114031 29117026 29117030 29118018 29119025 29119039 29120016 29122029 29125018 29125020 29129014 29130010 29132020 29133031 29136016 29138023 29140014 29150012 29158009 29159013 29162035 29164021 29169029 29171008 29180035 29190035 29201003 29205008 29220038 29227001 29230010 29232020 29247020 29250014 29251008 29252020 29256001 29258019 29259008 29264005 29271001 29279001 29282010 29310004 29313017 29328018 29328027 29333017 29336019 29336023 29347037 29350016 29358009 29363012 29369031 29373008 29374009 29377008 29380017 29380025 29384011 29390007 29390025 29399018 29400006 29403012 29404007 29404040 29407015 29407018 29409005 29417010 29419015 29420027 29423024 29424009 29425046 29426024 29430010 29432022 29434020 29434032 29435021 29436018 29437004 29438014 29439021 29440023 29442021 29443018 29444009 29450005 29451011 29453004 29456003 29457010 29459005 29460018 29461016 29461046 29461050 29462003 29464008 29464022 29467010 29471013 29471034 29472034 29478001 29479009 29481011 29484006 29485010 29489024 29490021 29495017 29501005 29506022 29507013 29509005 29521006 29522010 29528018 29531025 29554005 29554025 29555017 29563060 29570030 29571015 29581013 29584026 29588024 29589010 29594010 29595032 29604009 29605013 29606008 29611008 29612002 29612015 29617017 29620031 29625020 29630045 29646004 29655021 29657004 29659021 29661027 29666037 29671005 29672010 29672033 29687008 29694008 29700037 29701031 29702022 29710032 29713032 29714017 29716002 29719008 29722015 29723005 29732024 29737008 29741015 29742009 29747026 29748035 29752009 29752014 29754022 29762010 29766019 29769003 29769013 29770004 29775022 29780008 29780039 29781004 29790004 29791003 29792008 29792021 29794011 29798003 29799024 29800009 29802008 29802018 29806027 29808024 29810018 29817014 29823006 29823020 29824007 29824021 29834002 29836019 29838013 29841014 29849002 29854012 29860012 29860020 29868015 29873008 29875012 29876024 29878008 29882011 29896017 29914019 29917004 29922021 29923015 29940004 29941004 29945020 29946004 29958029 29960017 29962003 29973014 29973029 29974009 29976009 29978017 29979013 29980003 29980019 29981004 29982010 29983016 29989009 29991025 29992010 29992021 29993009 29994006 29997007 29997034 29998006 29999015 30002036 30006007 30007014 30008014 30008025 30008030 30009012 30010022 30012011 30016037 30018008 30018032 30021028 30022009 30022016 30022029 30025003 30025006 30026011 30026026 30028005 30029024 30029031 30030008 30031011 30031033 30032009 30033009 30035005 30040016 30045014 30046018 30046036 30046052 30049004 30049023 30050015 30052003 30052013 30053015 30053019 30054030 30055021 30061013 30062008 30063039 30066021 30067018 30072006 30072015 30073003 30073011 30073021 30074010 30074019 30076042 30076047 30078014 30084010 30084025 30086023 30087012 30088005 30089010 30091017 30091038 30092010 30093037 30093041 30094016 30094024 30095013 30095019 30097020 30099031 30102004 30102035 30103009 30106019 30107014 30108004 30110035 30111009 30111014 30117016 30117022 30118037 30120037 30120057 30121025 30121040 30121044 30122013 30125047 30125058 30126017 30129007 30129023 30130014 30130027 30133011 30136004 30136024 30139010 30143028 30144019 30146030 30150012 30152012 30154011 30154023 30155013 30156028 30161010 30161018 30162002 30162021 30163011 30163026 30163032 30164012 30168036 30168039 30171016 30172007 30173016 30176015 30179035 30180015 30180030 30181008 30181021 30181032 30182029 30183013 30187002 30187015 30188003 30188022 30189012 30192014 30194021 30199008 30200029 30202009 30208011 30208032 30213020 30215050 30215066 30216013 30218008 30219007 30219015 30220019 30224026 30224041 30228024 30231024 30231030 30233019 30234002 30235017 30236014 30236043 30237017 30238019 30238043 30241021 30244018 30244021 30249008 30251011 30252018 30253003 30256020 30257027 30258014 30259063 30270021 30272019 30278015 30279025 30282012 30287009 30291010 30292021 30292025 30295019 30296012 30302012 30303013 30306007 30306014 30310004 30314017 30315017 30317014 30318007 30318016 30319019 30320004 30322014 30322025 30324011 30327014 30337006 30339018 30344007 30345012 30346005 30351019 30351029 30352002 30353015 30355009 30358008 30359024 30364020 30365008 30366026 30374011 30376009 30379008 30382016 30382032 30384009 30386019 30386036 30386043 30389005 30394006 30396012 30398006 30398017 30400012 30404015 30405016 30406024 30407026 30408008 30409009 30411030 30412006 30412028 30414006 30423031 30426032 30436011 30445001 30445039 30446010 30452014 30453020 30467026 30468009 30470018 30476037 30478013 30479003 30479008 30482012 30483024 30486001 30488026 30501008 30502048 30502066 30510009 30511003 30512004 30514027 30521017 30529001 30529005 30530031 30534008 30540029 30542009 30543027 30543034 30544002 30546019 30550022 30552035 30555002 30555020 30556003 30558032 30558038 30559004 30561021 30564017 30569019 30570056 30573006 30573014 30579010 30584002 30586003 30592013 30595002 30597003 30597007 30597013 30597021 30603017 30606018 30607004 30607035 30610013 30610023 30616024 30622024 30624025 30630009 30634019 30641016 30647018 30647034 30653033 30659006 30662015 30669036 30671019 30673010 30674005 30676017 30676043 30679005 30680012 30683021 30685056 30694001 30694020 30696033 30700009 30700019 30701003 30701017 30702027 30702029 30702040 30703029 30704001 30706012 30706016 30707010 30707018 30709008 30711008 30711018 30714013 30715025 30716006 30717005 30717007 30719019 30720047 30723031 30724021 30725023 30726015 30726021 30728005 30729007 30730015 30730019 30731009 30731039 30732009 30732022 30732039 30733008 30734020 30735023 30735043 30736017 30738018 30742028 30743013 30744011 30744019 30748016 30749005 30749009 30749033 30750005 30750014 30750040 30751010 30753007 30754014 30754023 30755034 30756011 30758008 30759016 30759034 30760007 30761016 30765031 30765045 30767007 30767014 30767030 30768019 30770045 30771019 30774027 30775026 30777033 30778015 30778020 30778024 30779021 30781010 30783019 30786040 30786048 30787008 30788037 30792011 30793029 30796016 30797009 30800007 30804014 30804023 30808007 30810022 30811012 30813018 30813031 30820013 30820017 30820049 30826027 30828005 30830014 30831004 30831011 30832016 30833008 30836012 30837001 30838017 30842007 30843010 30844009 30848007 30850019 30852004 30852008 30852030 30859014 30861037 30868008 30870004 30870026 30871011 30871029 30872012 30880011 30886006 30886014 30886032 30888031 30889009 30889021 30890008 30892010 30893017 30894005 30895013 30896011 30896023 30897009 30897027 30898013 30901021 30902038 30904026 30905022 30906032 30908009 30908013 30909021 30911002 30913029 30916008 30916023 30917033 30919002 30919010 30921028 30923013 30923030 30927008 30928005 30928022 30930041 30931006 30934026 30936012 30937010 30938003 30938026 30938034 30939007 30940018 30942027 30945007 30946010 30946028 30947008 30947018 30948021 30949005 30954028 30955029 30957005 30957022 30958020 30960009 30960019 30961013 30964013 30969009 30971011 30972021 30973014 30973031 30974034 30974038 30976004 30976031 30977036 30978006 30979010 30979033 30981008 30983024 30984027 30984037 30985018 30986001 30987027 30988003 30988010 30990017 30993036 30994002 30994009 30995016 30996009 30997024 30999009 31000027 31000034 31001007 31001013 31001035 31002028 31003027 31004019 31006025 31009011 31011023 31012012 31014028 31015028 31018022 31019013 31020016 31021013 31022018 31022022 31023025 31024009 31025017 31026004 31026017 31028008 31028040 31029031 31030022 31032009 31032016 31033007 31033016 31035020 31035026 31035030 31037022 31038010 31038039 31038058 31039021 31039027 31041007 31041011 31041019 31042017 31043071 31045004 31045044 31047001 31047009 31047015 31047027 31048025 31049004 31050008 31051027 31052022 31057028 31057041 31059004 31060026 31061003 31063006 31063011 31063019 31064009 31066011 31067004 31069002 31070006 31071020 31073019 31081003 31081006 31081010 31081015 31081027 31082008 31083017 31087018 31087034 31089025 31090037 31091011 31093013 31093022 31096004 31097034 31098014 31098025 31098031 31098040 31098044 31099004 31099041 31101003
kụdirine|1|27289015
kụkai|1|30536011
kụkaiang|15|24149004 24275019 24323009 24773004 24817019 25135014 25892022 25921008 26449021 26919018 27007013 27738024 30779013 30943004 31050011
kụkaiangke|1|24758044
kụkakindoạ|1|30038013
kụkakoho|1|29515035
kụkakurung|1|26388023
kụkakělla|2|24652018 24874013
kụkanoạ|1|27552011
kụkaěng|17|23391020 23661011 24277038 24492012 24775015 25230007 25233018 25245005 25569016 25591024 25892009 26996012 27301019 28284013 28287032 28538031 28627005
kụkaěngu|1|24469021
kụkende|1|30225012
kụkendeng|1|30313020
kụkerong|7|23703016 24542003 25331012 27291006 28849022 31065009 31075027
kụkinạ|1|26314003
kụkire|1|27471010
kụkuhenabě|3|25996017 28851008 30712012
kụkuhěnabě|2|30714018 31082016
kụkui|5|24862012 29850031 30181012 30885011 31035015
kụkurubụ|1|30689007
kụkěndag'i|24|23281009 23455003 25179022 26754006 26754010 26783029 28145016 28829035 28833016 28957018 29001021 29057010 29213014 29215010 29238004 29565011 29678032 29684013 30299033 30344044 30383004 30581006 30613007 30756037
kụkěndag'u|10|23281007 23283005 24944007 25201005 26632025 26690013 26690022 26916049 27498019 29732021
kụkěndagi|11|26529004 26632034 26700013 26712011 28069016 29032009 29552023 29948005 30378016 30647020 30660013
kụkěndagu|40|23242004 23455019 25179019 26231004 26499003 26684004 26692006 26697023 26709004 26754015 26783034 26784038 27971005 28670003 28672003 28964019 29222017 29330015 29333018 29333023 29362008 29378009 29800031 29850018 29944015 30279036 30336008 30471043 30556012 30561003 30566015 30594027 30597029 30624005 30625013 30626023 30626029 30627011 30627018 30737016
kụkěndagě|3|28404037 29471007 30598007
kụkěndagẹ̌ben|6|26424019 26914018 26914036 26915015 26915028 26916014
kụkěngkunawadě|2|28678010 30135008
kụkạkindoạ|1|29811015
laadat'u|1|29963003
laadateng|1|26201010
laadatě|2|29781014 29999021
laaduhang|1|27808025
laahusě|1|24417007
laahạ|3|29425021 29567004 29567008
laahạu|1|29356017
laane|1|29113012
laanen|1|28159016
laaneng|1|31084013
laansang|1|29583010
laansange|1|29518011
laantiwang|1|25500016
laarẹ̌gaěnge|1|28659035
laed'E|3|25234009 26859026 30421034
laed'i|9|24419028 25234017 25281029 25307019 25375007 26643005 26645018 26858008 27414009
laed'u|4|24584003 24584010 24584021 24584025
laede|13|23886009 24205019 25461012 25556011 26568010 26641021 27272007 27314011 27423009 27423022 27676017 27954023 30911011
laedu|6|23432025 26636014 26645011 26857053 30226007 30911013
laedě|4|27004018 27122027 28650002 28650020
laedẹ̌-Ku|6|25240030 25240038 25241016 25242019 26031005 27166010
laedẹ̌ku|3|26637016 26639014 26640011
laelehu|1|30947020
laes'u|1|23264018
laese|13|28250006 28250008 28649009 28653011 28654005 28655004 28658003 28660008 28661003 28661009 28661017 28661022 29514021
laesu|19|28082006 28483011 28483021 28483026 28650023 28651014 28651024 28657004 28658017 28659003 28659030 28662015 29258035 29289006 29289025 29298023 29310036 29335010 29533023
laesuikị|1|27870013
laẹd'i|1|25234022
lagu|1|28686030
lagun|1|25228018
lahaes'i|1|24516008
lahaes'u|1|24516004
lahaesě|1|23573017
lahapusě|1|27853036
lahaweng|1|27256034
lahaweng'E|1|26635011
lahawengu|1|25176022
lahẹko|1|26948029
lahiborě|2|28309009 28682020
lahinakang|6|23521012 25930005 27101021 28005017 28607028 30688031
lahodatě|1|30727023
lahose|1|27896016
lahunggeětang|1|29745009
lahurị|3|24903002 25970026 26850019
lahurịe|1|26950009
lahuwụ|2|28329011 28778004
lahěping|2|24190028 24196008
lahěpinge|2|24198015 26562020
lahạu|2|28149012 28504002
lahụwụ|1|28330011
lai|881|23188008 23204042 23228019 23242012 23248018 23251002 23270002 23271002 23274030 23275016 23277015 23280026 23281025 23304009 23307031 23309013 23312007 23319009 23323016 23328009 23337002 23339033 23349016 23356027 23359023 23390010 23397002 23397033 23402004 23420010 23423021 23427008 23439016 23451011 23455017 23481007 23483041 23516002 23522033 23523010 23530015 23531042 23535039 23548003 23548021 23564005 23566014 23569013 23571004 23573004 23580010 23589002 23596006 23606021 23609021 23630011 23687018 23691028 23692033 23705036 23713029 23719023 23742002 23761006 23763010 23775018 23775027 23799012 23803004 23809005 23816009 23821002 23824024 23827016 23842020 23848029 23854024 23896004 23899016 23902017 23936008 23937005 23942056 23943007 23947002 23953024 23953031 23957007 23961047 23968011 23982029 23991002 23997015 24022019 24024021 24024032 24025016 24026002 24031032 24050005 24057005 24068016 24084009 24086012 24089011 24095025 24102020 24107020 24120018 24129017 24153014 24154009 24168017 24171002 24197018 24220005 24250014 24254024 24269004 24283002 24283034 24288006 24289008 24291003 24296019 24305015 24332003 24337023 24348005 24348021 24359004 24360025 24394013 24395005 24431023 24433025 24446028 24467004 24484005 24496009 24500020 24501023 24508029 24529012 24544031 24566013 24597005 24601002 24635017 24641019 24679017 24679032 24680003 24688022 24696012 24698017 24704012 24707016 24707022 24716007 24747002 24764020 24785008 24813024 24822020 24827004 24848017 24854008 24858002 24867004 24868021 24882022 24900017 24958004 24998003 25012004 25075002 25075015 25080005 25091002 25107016 25118002 25120011 25121018 25144028 25145002 25147002 25153005 25161005 25170008 25176021 25182060 25184010 25184024 25184037 25185008 25190009 25224005 25245021 25248002 25249016 25275041 25293039 25301014 25305023 25313033 25328013 25332027 25365006 25380023 25385004 25396002 25401020 25410008 25414010 25419016 25422002 25423040 25424002 25436012 25448021 25448050 25452007 25465023 25475028 25480013 25484013 25487018 25498017 25507012 25522021 25532013 25545021 25550004 25559036 25580024 25587006 25589004 25596003 25599002 25600004 25634027 25647002 25649016 25662002 25676013 25699021 25732004 25741023 25758026 25788012 25791005 25791008 25799027 25801028 25809015 25810009 25811002 25811012 25812007 25820007 25830016 25836002 25847019 25851006 25858002 25868010 25883015 25885002 25886008 25894011 25904017 25925014 25926002 25941005 25948004 25951002 25951009 25968002 25991011 25991021 26001020 26005004 26011034 26021026 26025003 26039002 26057003 26070014 26090027 26098007 26129027 26135016 26169021 26178021 26199015 26214016 26220005 26229033 26230033 26231018 26232014 26234012 26237011 26259014 26279017 26315015 26324015 26341018 26401019 26407017 26434030 26475014 26496017 26498002 26498017 26500020 26503003 26520037 26521004 26535010 26539004 26609017 26623006 26664028 26665019 26670018 26681017 26689026 26690026 26704023 26709008 26719032 26720024 26722028 26724039 26727004 26737019 26739002 26744029 26744045 26746029 26749002 26750008 26774023 26776002 26776010 26778011 26781018 26801006 26803015 26834013 26844019 26849029 26857022 26889017 26924003 26947012 26960014 26979031 26980032 26990002 26991021 27015007 27033009 27036017 27047034 27059002 27059038 27070003 27074014 27088041 27105022 27109020 27111031 27115005 27145010 27149027 27154004 27156002 27160010 27178011 27189042 27196005 27213023 27234044 27235004 27246006 27251019 27311016 27319006 27326009 27328012 27328033 27330009 27336034 27339004 27341026 27345038 27361004 27374028 27397018 27398002 27445023 27445038 27447021 27454018 27466008 27478018 27502045 27509018 27517004 27528011 27528022 27531027 27536011 27536022 27541024 27542010 27550020 27552022 27560018 27562017 27573011 27596027 27612059 27617022 27631012 27631025 27646006 27648006 27691035 27695032 27699013 27707013 27709019 27710054 27718024 27721003 27725002 27734004 27741018 27743022 27746035 27766021 27785026 27793013 27831003 27831024 27836004 27847039 27857017 27864003 27866037 27924009 27936003 27937011 27944036 27946022 27947025 27963023 27967014 27972014 27973024 27988019 28001025 28003005 28021014 28022023 28029002 28032016 28035029 28041010 28055016 28057020 28058020 28058036 28059009 28063033 28065017 28066013 28067015 28071007 28073027 28074023 28077015 28078016 28080004 28081002 28082002 28088038 28096002 28098007 28109003 28115011 28123021 28128029 28134054 28140010 28140032 28143002 28151025 28155032 28156016 28157030 28160050 28166003 28174028 28178002 28215002 28221003 28225018 28226022 28228023 28232014 28232017 28241002 28241028 28251002 28279008 28280029 28283014 28284018 28287028 28289020 28296022 28311016 28314003 28315003 28316003 28318029 28331051 28342002 28343002 28344002 28344016 28347010 28348011 28349019 28358010 28360014 28360016 28360032 28365093 28369028 28376013 28376030 28380015 28394027 28420021 28442007 28482012 28492018 28495034 28500003 28501002 28502022 28503030 28504027 28506023 28516011 28522029 28526015 28532022 28549014 28555002 28556019 28575002 28579017 28587008 28600022 28604009 28610005 28617018 28626002 28635035 28638021 28640018 28648002 28648011 28651018 28661023 28663002 28663053 28664011 28669002 28673017 28688002 28690026 28691002 28705038 28717009 28724004 28727007 28729034 28733021 28737003 28740013 28741011 28759002 28760020 28761002 28763033 28768002 28768020 28793018 28806010 28809041 28814054 28822015 28828043 28832012 28845035 28850013 28851011 28852013 28857003 28866014 28888030 28894021 28906008 28909011 28920035 28924014 28929019 28930017 28931028 28938027 28939025 28950016 28954018 28967014 28970053 29005003 29005021 29006028 29011024 29012026 29033009 29035008 29066020 29075004 29075032 29086002 29094034 29095006 29098002 29102005 29112009 29121012 29128015 29135002 29137016 29139006 29141026 29152024 29161018 29169020 29170017 29184006 29184024 29189012 29196012 29203029 29205010 29217012 29233039 29233041 29248012 29250003 29277008 29292007 29304017 29304024 29305019 29309002 29310023 29328011 29329002 29329008 29330012 29333003 29333011 29338021 29343020 29357002 29363019 29371014 29380014 29382002 29388025 29391016 29392005 29393029 29402014 29404052 29407023 29410002 29413003 29416013 29420006 29420019 29422008 29426031 29437028 29442012 29446008 29448017 29452016 29472019 29483015 29485017 29486006 29486023 29489049 29497030 29525009 29553011 29559016 29569042 29574012 29577014 29579017 29581026 29584004 29586013 29597054 29605051 29610014 29613003 29614036 29629012 29645033 29657011 29660018 29664030 29665002 29671011 29680020 29681002 29716008 29722009 29740007 29746007 29754042 29764007 29764028 29777003 29782022 29786002 29789002 29789017 29791029 29796013 29818012 29840021 29848018 29848030 29862002 29862013 29863017 29886006 29895028 29898017 29912002 29915002 29940009 29950025 29960020 29963002 29969028 29969040 29977009 29997012 30020006 30022008 30025020 30026021 30036002 30051032 30068024 30071022 30076050 30080008 30087003 30096015 30106025 30107005 30107011 30113015 30122008 30127012 30131026 30134002 30152015 30164025 30182024 30190003 30204002 30205005 30205018 30208016 30210009 30233035 30239029 30277008 30278025 30284027 30302024 30305009 30311002 30319002 30320013 30324003 30325002 30341003 30373016 30374015 30374021 30390010 30396035 30399025 30418024 30426002 30432003 30450033 30453009 30453026 30468033 30471002 30479019 30486009 30487007 30499008 30500003 30502016 30506002 30507002 30511034 30527029 30529004 30530012 30538024 30539040 30547027 30574012 30625018 30634013 30661015 30661019 30664018 30665004 30673003 30679002 30680002 30681002 30686010 30697024 30705015 30731024 30733002 30741005 30759049 30762017 30783006 30814011 30820006 30835027 30837010 30840034 30840042 30861010 30886025 30903033 30904039 30915013 30980012 31058013 31058023 31096022 31098019
laiakang|1|30201026
laidop'i|1|23294007
laidope|1|23428024
laidopu|1|29484015
laidopě|7|25483005 28536004 28541005 28595019 28595031 28598005 30309014
laikị|1|27888009
laimbu|1|25241007
lain|7|26730015 26811005 27618019 27786020 28692018 29325005 30217012
laing|5|27409003 28209005 28234047 28949009 29546002
lainumang|2|26855005 30980023
lainumange|2|30937015 31000026
lainumangu|3|26797024 28589008 28589016
lainung|1|28545010
lakụ|27|23275012 23396007 23396017 23924024 24394004 24712017 24844005 24847008 25144013 25144017 25144024 25144036 25176016 25611011 25826012 26828024 27175018 29975008 29976008 30752008 30805006 30824013 30825034 30850007 30858018 30980005 31095005
lakụ'E|1|31034002
lakụ-Ku|1|24395028
lakụe|3|23634010 24393008 25901022
lama|2|24176014 24861013
lampaěng|1|28061027
lampunge|1|26449002
lampungu|1|25566030
lamuhụ|4|24485015 27955024 28295018 29044042
lamạ|3|23944017 24775017 25445019
lana|12|24013008 24019009 24062017 24062029 24758032 24759016 25233032 25398016 26584038 26586003 30369026 31007013
lanane|1|24018015
lanang|3|24017010 24421012 25627007
langị|30|23269019 23617024 24226012 24449016 24498008 24745022 25047019 25638004 26761009 26934006 27047027 27430048 27548012 28759005 28759009 29262017 29966020 30239030 30373008 30528015 30530002 30530020 30533013 30535013 30536012 30868013 30879009 30922020 30934028 31055004
langịe|1|23209013
lansị|1|30354014
lantang|1|25688005
lanteh'u|1|23179036
lantehu|1|24167002
lantoěngu|1|30324012
laoghọ|1|27151019
laonggọ|36|25185016 26988030 28063009 28063040 28064028 28092019 28495018 28636003 28639003 28639010 28645034 28666012 28680012 28691014 28716010 28935022 28945013 28953015 28962044 28968021 29121003 29121013 29125017 29281024 29284006 29369027 29434019 29460008 29461015 29816011 30049026 30096010 30115012 30139021 30142010 30253006
laonggọu|1|28140025
laoro|1|28513016
laorom|1|29896023
laoron|2|27161023 28716032
laorong|4|27410005 27649005 29191015 30233008
laporang|1|24897017
larange|1|26828011
laud'u|1|30775012
laudě|1|28570017
lauhasě|1|25240029
laul᷊uhu|1|28898031
laumbaseng|2|27066003 27070017
lawọ|122|23339045 23362007 23543006 23557003 23785018 23793002 23822008 23852027 24115011 24157012 24183021 24185006 24208013 24276034 24360014 24395020 24401006 24441003 24442011 24442031 24453025 24468015 24478006 24535008 24564006 24590023 24620003 24620014 24673016 24724017 24759010 24833016 24835002 24839008 25036014 25089028 25123013 25243008 25250014 25276018 25291020 25311026 25405013 25625008 25945007 26119013 26310007 26318009 26355010 26623003 26671005 26924002 26955004 26990010 27027011 27072007 27097017 27184019 27342035 27478022 27521027 27568016 27955025 27957031 27958020 27962009 27994002 28064024 28067016 28146028 28250005 28339039 28420006 28473019 28530006 28533004 28575024 28615003 28647013 28662006 28675020 28786009 28797015 28946062 28948010 29016045 29180025 29245006 29249019 29281020 29347033 29440021 29573025 29597022 29613015 29648004 29791017 29791040 29830010 29897014 29903003 29945009 29956010 29989018 30051038 30070034 30104006 30104010 30188018 30243008 30349023 30350033 30371005 30371010 30375027 30417010 30433014 30480008 30569025 30641010 30667013 30970025
lawọ-lawọ|1|24830009
lawọbe|3|26666004 29298022 30158010
lawọe|1|23451008
laěmpahu|1|30693015
laěmpahě|3|23270010 27166009 29847002
laěmping|2|24981011 24986013
laěnnaku|4|28115023 28116015 28694020 28694033
laěnnanu|1|25391016
laěnsil'i|4|24143014 24830007 24831017 27789031
laěnsili|1|27783009
laěnsilě|10|24117019 24142015 24167008 24815021 24853008 27778027 27804024 29372018 29509024 29783003
laẹ̌kingu|1|30728057
laụ|5|24850007 25985006 26860018 26865025 30835013
lehe|2|24581024 26269034
lekesang|2|25462006 28858012
lelang|8|23835017 28226036 28227004 28227024 28228038 28231012 28234012 28234041
lelange|12|23572033 24356015 25538030 26702002 26702010 26705012 26706010 26706016 28228012 28228022 28228026 28229010
lelangu|1|24159007
lembom|1|30973032
lembone|2|23282016 30420004
lembong|2|28455005 28697016
lembọete|1|30511001
lenehě|1|29850023
leneng|9|24189010 24806007 24873008 30953022 31006013 31010017 31026002 31026011 31032015
lengeh'u|3|24376011 24642014 25278012
lengehu|1|25093016
lenso|2|25752014 27598002
lensorange|3|29289020 30027021 30027029
lese|7|25394032 25398010 26893040 27517017 27602021 30424033 30912010
lesạ|1|30334015
liaghang|2|27661009 28446009
liang|3|26562017 30211024 30809025
liange|2|23366007 25360007
liangu|3|24367016 24658038 25778025
lighạ|25|23625006 23629005 23830019 24203003 24433005 24458024 24644022 24828021 25559028 25627019 25659024 25743029 26086005 26206006 26663025 27293006 27641008 27885024 28789042 29411011 29664005 30758003 31087036 31088011 31101015
lighạbe|1|29680014
lighạko|3|25737014 27280002 27345033
likibu|2|27151008 30168006
likude|11|24161021 24335023 24847020 26171032 26485029 27070039 27180029 29249012 29659013 30428008 30710006
likudu|2|27446007 27695024
likurangku|1|30708022
lila|1|26953007
lilaku|1|25645017
lilan|3|28005011 30328003 30965024
lilane|3|24499007 30293009 30435022
lilang|3|24497025 30325003 30325007
lima|25|23503019 23619008 23799004 23802008 24024017 24025007 24025019 24029006 24029021 24029030 24452012 24466019 24469022 24918019 25275026 25316004 25751012 26213018 26277004 26640015 27004007 27366008 28725010 29091028 29786005
lima-Ku|2|26510023 26895010
limahěkụ|2|24575017 24605007
limahěkụe|1|24205018
limaku|1|27196010
limam|4|25237022 25573010 27383007 30976008
limambaụ|10|23615007 24446025 24449008 24460005 24520002 25315022 25318006 25466002 26267008 26271015
limampa|3|27990030 30304012 30584005
liman|7|24406004 24467026 24524005 26175007 27194007 29014002 29762021
liman'E|3|24524025 26888007 30715020
liman'U|1|24388018
limane|17|23349005 23405018 23503008 23503017 23503023 24294031 24496020 24916020 25153018 25556013 25790031 27225019 27258006 27379010 27619027 27676019 27825020
limang|5|25316023 26511022 27605031 30542037 30832014
limangehě|18|23186019 23762003 23817015 23880010 24294004 24603006 24630018 25533004 25704029 26352018 27025003 27093011 27358004 28178027 30006004 30007003 30013009 30018029
limangkatau|3|24011002 24011009 25512007
limanu|5|23503013 24582008 24582016 24582020 25157013
limanue|1|24582002
limawang|6|23492016 25618021 27808005 28062018 28535054 29731011
limebo|1|25187004
limembo|25|23309031 23455008 23455025 23471007 24332027 25523029 25596014 25629022 26647008 26720011 26914020 28059002 28209004 28441010 28581030 28644010 28680015 29029036 29141012 29401016 29459009 29461009 29605052 30222025 30608021
limemboete|1|26857021
limembom|10|23502005 28389006 29386006 29395027 29684007 29858011 29968005 29968017 30512005 30663007
limembon|8|23307023 26225031 26511010 26681023 26872010 27094016 29765004 30634012
limembong|128|23307014 23308025 23308031 23328026 23396023 23442004 23442011 23443031 23484010 23496009 23535013 23552007 23933042 23934046 23938007 24038009 24153012 24194037 24270002 24344034 24348029 24349010 24619005 24619017 24637012 24705016 24707031 25224013 25224026 25238021 25376008 25428006 25428015 25432013 25432038 25434006 25437040 25438041 25478027 25484028 25508036 25521021 25562021 25580009 25719005 25728017 25827026 25830012 25892005 26060026 26075013 26158011 26231022 26247005 26360024 26435030 26539011 26647015 26697041 26837037 27471017 28001010 28068036 28249020 28278026 28286008 28389017 28590009 28657010 28658024 28674050 28684014 28684033 28729029 28738029 28850014 28938004 28980008 28987056 29010020 29013020 29013030 29013038 29159032 29268006 29272014 29283012 29379028 29385020 29388022 29428006 29476032 29593041 29614034 29772022 29791030 29791036 29945015 29953016 29999008 29999022 30027010 30054028 30058024 30061014 30072010 30087013 30099011 30099040 30117035 30117038 30129024 30159022 30163003 30168037 30177008 30189010 30213008 30261022 30297005 30321024 30412008 30429023 30488037 30737040 30742029 31000030 31024034
limembowe|2|23449008 28473014
limembowen|9|23471021 23482011 25467014 25483003 25483008 28930016 28942009 30492019 30499007
limemboweng|5|28509021 28528002 28658014 28877026 30307016
limembọeng|1|25014004
limembọewe|1|29404023
limembọewen|3|24841016 28955037 29777013
limembọeweng|3|23204034 28526013 29032021
limihi|1|25395018
liminsọ|2|27005005 27602006
limintụ|14|23209024 24198009 24251008 25617017 26291014 26296004 27215014 27281004 27637007 29282013 29283005 30863009 30904022 30995008
limiu|7|23167010 23185014 24495021 24569012 27348005 28897006 29023009
limiun|5|26779021 27015015 27442020 28368017 28821003
limiung|5|28845018 29436026 29966012 30074025 30398002
limohọ|1|30979006
limontọe|1|24499008
limuasu|1|25385007
limuasě|1|30650004
limuhu|4|24414012 25247008 27484004 27669007
limunggi|1|25994007
limungkang|1|30784006
liměbạ|1|28569036
liměbạe|1|23381008
liměnạ|1|28370009
liměto|1|27096007
limětạ|2|23479032 28347008
limẹ̌to|1|25212020
lingkubang|1|25262006
lingkuwangu|1|23250009
lingkạko|1|23183033
linsọ|1|27425017
lintụ|4|23975009 24733007 25683012 27280004
linuhě|4|24198003 25838006 30886021 30973030
litere|3|25540018 26102024 26584015
literě|2|23573030 30800035
liuko|1|26608016
liwarangu|1|25508015
liwuạ|1|26448008
loah'i|1|24727044
loahe|28|24071008 24429005 24439018 24766022 24981025 25576014 25800006 25871009 26979006 27704018 27705007 27795041 27818032 28100006 28103007 28836009 29199004 29264013 29300005 29356013 29453022 29453044 29546010 29548018 30188019 30230035 30251005 30538009
loahi|1|29321007
loe|1|24586007
lohange|3|23501036 24027012 29023010
lohangu|3|23787009 26869026 30211029
lohon|1|24981018
lohone|6|24062016 24947015 27272004 28037031 29903025 30788035
lohong|7|24758031 25233031 26102021 27296008 29888018 30110030 31063014
lohoěngu|1|29307005
lombangeng|1|29150003
lome|31|24096031 24563014 24793035 25488028 27423025 28088005 28106018 28120012 28143015 28283018 28305019 28391024 28398011 28444025 28539014 28540027 28563004 28563012 28631010 28762011 29011010 29032043 29033034 29048011 29048027 29053007 29141035 29443005 30034008 30207012 30432020
longehě|1|28891008
longong|16|24011007 24017004 26017010 27953016 28356034 28755003 28996004 28996013 29006011 29006024 29011030 29034008 29104010 29851007 30272010 30415017
loronge|2|25575026 25577011
loteng|1|25877011
luase|1|29959011
luaěng|1|30763020
luheko|1|25611014
luheěngu|1|30752007
luhu|1|23882002
luhud'u|1|23469015
luhude|4|28994002 29859002 30137002 30911006
luhudu|1|30968008
lukade|1|27086009
lukadě|4|24435016 26375002 27348008 27655049
lukarewe|1|27655011
lukaěng|1|25535026
lulu|2|29487014 30288007
lulun|17|24689005 24833004 28120027 28121031 28122006 28122014 28123005 28124006 28125006 28126007 28129018 28130007 28414008 28414032 30514046 30685007 31003006
lulune|5|26426051 27341006 28479007 28890048 30246007
lulung|1|30589011
lumaate|2|28772012 28773008
lumahunsusa|1|23395014
lumainụ|1|28671015
lumampa|3|23254005 26352010 30304003
lumangehě|1|30218031
lumawang|2|29921015 30009013
lumawesě|1|31095023
lumaědusě|1|29362017
lumaěmbe|1|27209022
lumaěnning|1|27660004
lumaěnsu|1|28876009
lumempangu|1|26483013
lumesạ|10|28025024 28321013 28557010 28980010 29006029 29008015 29024005 29028009 29193017 29203005
lumesạu|3|28988018 29024011 29032037
lumiagě|1|28051009
lumintụ|3|29620023 29657027 29658007
lumiu|6|24456040 26161006 26777008 27439011 28986015 30202029
lumium|1|27935019
lumiun|7|24495011 24964003 26663016 30090017 30263025 30802048 30802051
lumiung|3|30257003 30802043 30802046
lumiwung|1|28839038
lumuas'u|1|26697029
lumuasi|1|29407068
lumuasě|3|23741016 24908004 26747013
lumungkang|2|26747007 30705028
luměngang|1|27640040
luměnạ|1|29534009
luměto|2|23982004 25653016
lumětạ|3|27689027 28424005 28620009
lumẹ̌to|1|28316010
lunu-lunusě|1|25605004
lunusě|6|24046013 24051005 24053017 24504006 24947003 25606023
lurang|2|27866029 27894008
lurange|1|27668034
lurangu|1|27874008
lutu|1|25377043
luwe|4|23682024 23683014 24520011 24521020
luwene|3|23618017 24451015 25319022
luạ|6|24365020 25270028 25270032 25271039 27897022 30686002
lěbing|5|24194006 26598014 26976020 27392027 27398021
lěbingang|1|27066013
lěbinge|2|24183006 24196006
lěgah'u|1|24370006
lěhabe|2|26209024 30963019
lěhabě|3|25103012 25103015 27908014
lěhangu|1|31017007
lělirung|1|29547006
lělirungi|1|29546018
lělẹ̌gahengu|1|23948025
lěmbem|1|25319013
lěmben|1|30861002
lěmbene|1|25264021
lěmbeng|10|23618012 23671014 23682025 23683015 24451003 24509024 24520013 24521022 26270012 26271011
lěnding|1|23460015
lěnggihe|1|24719025
lěngkanengu|1|27471015
lěngkụ|1|30446023
lěnnạu|2|27364013 28542032
lěntera|1|26789036
lěpasewe|1|26748017
lěpasewen|1|23987002
lěsabu|2|27503011 30677029
lěsạ|1|23264009
lěsạbe|1|29778023
lěsạe|1|23737009
lětạ|2|28424030 30488024
lětạe|1|27944034
lẹ̌adateng|18|23597019 24412010 25088010 25408027 25562020 25707013 27073015 27094017 27119011 27528025 27761006 27823034 27826005 27851005 28274045 28299015 28907004 30497010
lẹ̌adatengu|2|25986019 27282022
lẹ̌ahakeng|3|25534022 25912012 28131004
lẹ̌ahakengu|2|28157023 28638007
lẹ̌akal᷊eng|1|27210005
lẹ̌akal᷊enge|1|30738029
lẹ̌akal᷊engu|1|30923010
lẹ̌aloěng|1|28868004
lẹ̌al᷊amateng|1|28357024
lẹ̌al᷊amatengu|1|29472015
lẹ̌ampal᷊eng|2|27284012 27388026
lẹ̌antiwang|6|25041017 27831004 27920024 29442028 29922008 29931019
lẹ̌arěgaěng|1|28659039
lẹ̌arẹ̌gai|1|28795020
lẹ̌ba|2|25195018 25196019
lẹ̌bae|1|23342006
lẹ̌bing|4|24370008 25450007 26979028 28005005
lẹ̌binge|1|24195016
lẹ̌bo|2|26452010 26456020
lẹ̌habareng|1|29046018
lẹ̌hanteěng|1|30209004
lẹ̌hapaěngu|1|27916020
lẹ̌harapeng|12|23409016 26272019 28137026 28141011 28889026 28938007 28957002 29043019 30002037 30056021 30174010 30583005
lẹ̌harapenge|1|29382006
lẹ̌heghesang|3|23246007 27210003 30209002
lẹ̌hikinange|1|26169027
lẹ̌hinakaneng|3|23246010 25169007 28907007
lẹ̌hombangengu|2|29033023 29033029
lẹ̌hěkare|1|29765002
lẹ̌imangeng|2|27835015 28305008
lẹ̌imangengu|1|28303003
lẹ̌lahimpuluang|2|27963028 28928034
lẹ̌lahimpuluangu|2|28114005 28522026
lẹ̌lahunggeětang|1|30382047
lẹ̌lahunsusa|1|30347005
lẹ̌langinang|1|30504013
lẹ̌lesạu|1|28989015
lẹ̌lihiang|1|25448037
lẹ̌likutang|1|30203012
lẹ̌limadeng|1|30209003
lẹ̌limareng|1|28904004
lẹ̌lirung|1|29357024
lẹ̌lirungu|1|29748008
lẹ̌liwungang|1|30786013
lẹ̌lokeěng|1|30515028
lẹ̌lukadeng|1|25275036
lẹ̌l᷊indangu|1|25450011
lẹ̌onggotangu|1|28645004
lẹ̌paseweng|1|29415003
lẹ̌sabe|2|28922017 29596027
lẹ̌uhasengbeng|1|23944020
lẹ̌ul᷊ingang|1|28711008
lẹ̌umbelekang|1|30788030
lẹ̌umpaedang|1|24468025
lẹ̌umpaerangbeng|1|24472013
lẹ̌umpaerangu|1|27922025
lẹ̌ěnang|1|29140015
lẹ̌ěnaěng|1|28249025
lẹ̌ěnaěnge|1|29430012
lẹ̌ěnnang|1|28263014
lẹ̌ěnnaweng|1|30269013
lẹ̌ěnnaěng|14|23729015 24277020 25636029 26907021 26924019 28391008 28391023 28392006 28392022 28437021 28657007 28658004 28997037 29430042
lẹ̌ěnnaěngu|2|23390019 29429011
lẹ̌ěnning|1|28111009
lẹ̌ěnsilang|1|27813015
lẹ̌ěnsilangu|1|28907018
lẹ̌ěnsueěng|1|27441031
lẹ̌ěntungangu|1|30210004
l᷊aahạ|1|29197025
l᷊aakung|2|30029010 30157007
l᷊aambes'E|1|30943010
l᷊aambese|1|30946006
l᷊aambesu|1|30945032
l᷊aambesě|2|30944021 30945026
l᷊aane|2|28006007 30330009
l᷊aantiwange|1|24008011
l᷊aed'E|3|26032010 30713001 30736023
l᷊aed'U|1|25075013
l᷊aed'i|1|27508022
l᷊aed'u|2|23736004 26584022
l᷊aede|7|23270011 24369005 24369018 25275028 25611024 26880031 30863028
l᷊aedu|4|23736024 23736039 26526011 30711003
l᷊aedě|2|28656020 30711021
l᷊aese|4|28251037 28647014 28647016 28649014
l᷊ahaes'u|1|25461027
l᷊ahaesu|2|28462018 28463043
l᷊ahaesě|1|25540004
l᷊ahaghari|1|30210011
l᷊ahanạ|1|27136033
l᷊ahapusě|1|25535028
l᷊ahaweng|1|23428007
l᷊ahiansang|1|31065002
l᷊ahěmbung|1|29017022
l᷊ahěmbungu|1|30416011
l᷊ahěping|2|24877017 25994004
l᷊ahěpinge|1|26869021
l᷊ai|257|23173026 23200002 23231006 23235024 23254018 23254040 23266002 23273005 23278005 23283013 23307041 23319027 23355015 23426028 23428002 23469017 23483034 23487019 23541003 23545002 23547002 23563031 23744007 23747003 23792037 23803022 23860002 23919017 24029028 24099002 24124022 24168006 24185003 24349007 24390006 24423014 24448013 24449047 24468016 24502006 24508005 24619034 24621032 24649011 24673003 24798019 24908007 24912021 25000002 25010003 25037023 25040002 25047011 25087031 25091019 25146010 25164024 25176014 25204014 25225004 25233006 25237021 25249003 25249031 25252002 25253002 25254003 25289005 25310002 25310011 25321013 25324004 25335039 25363002 25386019 25395003 25397005 25419008 25424011 25437039 25477012 25514004 25524005 25525006 25527013 25539002 25546006 25562019 25566040 25620020 25631010 25634038 25643023 25669019 25692005 25829004 25881011 25924006 25930002 25941026 25963007 25969024 25972003 25975024 26014002 26370011 26408002 26444012 26450011 26481024 26610019 26620013 26640018 26720037 26811018 26814037 26844008 26880027 26887004 26898002 26929012 26944026 26947018 26961006 26961016 26963003 26968004 26990011 27071008 27092014 27097008 27114013 27136010 27143005 27260004 27284021 27325009 27327027 27332016 27341018 27350017 27355041 27372005 27463040 27465039 27547021 27555031 27556021 27558030 27566018 27584034 27599019 27617012 27625005 27758041 27759002 27776006 27788028 27805023 27821027 27846022 27858039 27975030 27978032 28011031 28042026 28137024 28365048 28423017 28431002 28453023 28466036 28481003 28553018 28680010 28724021 28726006 28749005 28778014 28786010 28798002 28921008 28934009 28940035 29008014 29016020 29026002 29029007 29038015 29067012 29070015 29083016 29090020 29098026 29117012 29166002 29225028 29261002 29267009 29310027 29380024 29419023 29419031 29447015 29464015 29482022 29554002 29554007 29559011 29677024 29837010 29839017 29884019 29927034 29941009 29969010 30023024 30025014 30067028 30085002 30085006 30088002 30108020 30110016 30167011 30209007 30239017 30240003 30245006 30266016 30280025 30296021 30312012 30363005 30367011 30422010 30467035 30476043 30486020 30696029 30757014 30765022 30765043 30770019 30773008 30774023 30780030 30853008 30861043 30873007 31005020 31006011 31017014 31027024 31051024 31059023 31099032
l᷊ain|3|29141013 29831005 30486030
l᷊aing|1|28863008
l᷊ainumang|5|23944014 23945011 24628018 25445016 25447005
l᷊aka|1|31010022
l᷊akụ|4|24648011 24649005 24734009 25037007
l᷊akụ'E|1|25290011
l᷊akụe|1|23976008
l᷊ampa|1|29100016
l᷊ampung|1|24952002
l᷊ampunge|2|25595013 25598015
l᷊amạ|1|23945014
l᷊ana|11|24012011 24067003 24758055 24763018 25234033 25242005 25242016 25992011 26526008 26584007 26584019
l᷊angị|62|23253004 23269015 23485012 23987024 23988010 23989023 23989027 24119033 24743007 24817033 24988004 25318015 25356032 25382011 25385021 25516017 25676005 25681017 25702013 25838023 25853019 26077017 26096012 26565013 26609008 26935017 26952006 26969009 27159015 27172012 27220015 27271004 27313025 27317007 27432021 27621041 27711019 27837015 28156005 28533011 29283017 29974021 30091044 30185029 30284018 30367009 30533023 30535025 30793007 30807005 30838016 30842015 30867016 30893005 30895007 30896010 30929006 30933010 30948006 30976014 30999008 31048024
l᷊angịe|3|23675016 23676014 23676028
l᷊anteh'u|2|24265018 27861009
l᷊antehu|1|26096022
l᷊aonggọ|1|29982023
l᷊arange|1|26831011
l᷊audu|5|30820010 30949041 31038056 31053013 31054016
l᷊audě|36|23734032 23848042 23934019 24581031 24664013 25654014 27047032 27430052 27874015 27904036 29015018 29015026 29016033 30202023 30793016 30812030 30813042 30814009 30836019 30836022 30837008 30867007 30868016 30870029 30904017 30934030 30949008 30958009 30958028 31011026 31013037 31015019 31049012 31052004 31055017 31062023
l᷊aumbaseng|1|29765022
l᷊awo|3|24915004 25339017 26587027
l᷊awọ|215|23164026 23234012 23235003 23236007 23284012 23347013 23388003 23403021 23467015 23553009 23571009 23604016 23620023 23665002 23666014 23670035 23694021 23715012 23821022 23824002 23838013 23873019 23874008 23906003 23920007 23963022 23969009 24030021 24032021 24083013 24102022 24110007 24150013 24154027 24182005 24250006 24260037 24263002 24276019 24298021 24309010 24312007 24325032 24357007 24379020 24386013 24392013 24449040 24454005 24481007 24497009 24502009 24503006 24505017 24507040 24551036 24553020 24554003 24556005 24634021 24635020 24637005 24672014 24686033 24711023 24755012 24779018 24838008 24842007 24868020 24904006 24908006 25008039 25094008 25095018 25105009 25106019 25111031 25127005 25127039 25164031 25197009 25205013 25207015 25217007 25220015 25249015 25265022 25282013 25288025 25293025 25313004 25314026 25318043 25340006 25433011 25435006 25468009 25473005 25508024 25508027 25508032 25514007 25536014 25570019 25590004 25704032 25725006 25732022 25735015 25736007 25771008 25781016 25789006 25796024 25806006 25867022 25940014 25956016 25960013 25971002 25984002 26224021 26269022 26271019 26280003 26281018 26282004 26339022 26341002 26341025 26349002 26361008 26378003 26394008 26568037 26578011 26593003 26599004 26610002 26615002 26660029 26806012 26830012 26964022 27040011 27072020 27085027 27086031 27086034 27287017 27334025 27344010 27350023 27408008 27426005 27428025 27429011 27429026 27433015 27434021 27434025 27506002 27528021 27529055 27532008 27571011 27586019 27604016 27605021 27612041 27619038 27621009 27625022 27627011 27629012 27647028 27692035 27697028 27699004 27774007 27788022 27792007 27834025 27865018 27958029 28063028 28067004 28306009 28318010 28443033 28475009 28605015 28606018 28614021 28842007 28909021 28968030 28969023 29119028 29394015 29510024 29637020 29801036 29855013 29904012 29988024 30009020 30134014 30228029 30397021 30457034 30471022 30503025 31021004
l᷊awọ-l᷊awọ|3|23505022 25114011 25579003
l᷊awọ-l᷊awọe|1|23536008
l᷊awọe|27|23390021 23405004 23413014 23537005 23542020 23550018 23564009 23574007 23576007 23603016 23603019 23612010 23617007 23617047 23621003 23644006 23669006 23673007 23853016 23873015 23963004 23970007 24105014 24145022 24147005 24155003 25768010
l᷊awọu|1|23573010
l᷊aěnna|1|29869024
l᷊aěnnane|1|24707014
l᷊aěnnanu|2|23910015 24704010
l᷊ehe|2|23734026 25654007
l᷊ese|1|25398021
l᷊iang|1|25273038
l᷊ikud'i|4|23657027 23836008 25234006 28378011
l᷊ikud'u|9|23447018 24251018 24261029 24297015 24682012 25552021 25577013 25795007 27434039
l᷊ikude|38|23358018 23400021 23536021 23886017 23944022 23945016 23946022 23947006 24039013 24124006 24320015 24321027 24392021 24479006 24904010 25266016 25364015 25446012 25544016 25564011 26083005 26839015 26874008 26882008 26919007 27069035 27073003 27079019 27351005 27574009 28702025 28703021 28746032 29369050 30696005 30775031 30802019 30901006
l᷊ikudu|17|25208019 27175006 27178025 27497011 27670036 28304038 29064029 29066006 29067020 29167025 30253027 30254010 30476003 30735049 30875006 30930034 31096033
l᷊ikudě|3|23537022 25290007 25547035
l᷊ikudẹ̌ku|1|29435030
l᷊ima|17|23265016 23654011 23682019 24520006 25237015 25750017 26268024 27027023 27131030 28650008 28656009 29076018 30047011 30787015 30846015 30847003 30851023
l᷊ima-Ku|3|26031002 28210018 30718010
l᷊imaku|2|26893047 29816023
l᷊imam|6|23617016 23682014 24448015 26439014 26910024 30870024
l᷊iman|17|23636019 24466011 24796033 24892016 25148024 25627021 27195008 27345045 27548028 27772019 27875014 27904011 27906006 28335008 30472008 30781008 31043063
l᷊iman'E|21|23629007 23670022 23776010 23778005 24081021 24159026 24449030 24507030 24526005 24605017 25043002 25104026 25318033 25444011 25532005 25884015 26032008 26042018 26893032 30719017 30941029
l᷊iman'U|2|23398041 25982010
l᷊imane|32|23205002 23361005 23500006 23617038 23886011 24154032 24247013 24290012 24292006 24369008 24413017 24566006 24602016 24947013 25027004 25155015 25157018 25157020 26373012 27229021 27234012 27355004 27592007 27705018 27903032 27908031 30820048 30864002 30867013 30872011 30936027 31040011
l᷊imang|17|25075010 25300006 25999008 26990027 27500038 27754005 27777009 28698014 29023022 29514011 30076002 30165007 30346014 30861014 30888025 30925022 30986002
l᷊imangehě|2|25575015 25617005
l᷊imangkatau|1|25649002
l᷊imanu|8|23265002 23265020 23736002 23736021 23736037 24294027 26895018 26917035
l᷊imembom|1|28161021
l᷊imembon|2|24717024 29384012
l᷊imembong|3|23936011 30208033 30490008
l᷊inggi|32|23194010 23196019 23211012 23467024 23469008 23984014 24219007 24220010 24228012 24974017 25028026 25030017 25065027 25220024 25275051 26068017 26135013 26307009 26578028 27147018 27153032 27155011 27159057 27161018 27381010 27703028 28573022 30004027 30013030 30211015 30906019 30979018
l᷊inuhě|1|24184016
l᷊ipang|1|25383016
l᷊iwuạ|1|26213007
l᷊iwuạu|1|26452022
l᷊iwụ|2|25851012 26364040
l᷊oahe|10|24263013 27091022 27326033 27545020 27619030 27793016 27813029 28786002 29853016 30739004
l᷊oang|1|23622010
l᷊ohang|1|24675040
l᷊ohange|1|23860024
l᷊ohon|1|30954021
l᷊ohone|5|23666040 25790033 28384034 29017018 30868018
l᷊ongong|5|23343016 24012003 24019004 27983006 29009011
l᷊ukad'u|2|25869015 25917013
l᷊ukade|2|24435008 27267023
l᷊ukadu|1|27084004
l᷊umaate|4|24583009 24585010 24587010 25816008
l᷊umahe|1|25263014
l᷊umahunsusa|1|25172024
l᷊umesạ|2|28019010 29388028
l᷊uměto|1|28000014
l᷊uweng|1|23588025
l᷊uạ|1|25164048
l᷊ěbing|7|24182002 24190010 24191011 24196019 24197023 24204008 26555031
l᷊ěbinge|2|24190030 24207012
l᷊ěhabe|2|23361007 24247019
l᷊ěmbeng|1|24718008
l᷊ěnnạ'u|1|23337014
l᷊ěnnạu|2|25633008 26465007
l᷊ẹ̌lahimpuluangu|1|25454009
l᷊ụhente|1|30736024
l᷊ụl᷊ahunsusa|1|23234024
lụate|2|28772004 28773003
lụelehě|2|26367017 28005009
lụhaung|5|23656010 25208005 25344004 26142010 26277020
lụhaungkeng|1|25773004
lụhente|1|30713002
lụhomang|1|27272011
lụhombang|5|28805011 28806004 28807035 30420025 30707019
lụhune|1|26024014
lụhědụ|1|25288016
lụlahunsusa|2|23239004 29657009
lụlambagě|1|28115034
lụlampa|3|26229025 27988020 30303021
lụlansịu|1|29513026
lụlawang|5|28108009 28269006 28269012 29231013 29232030
lụlaụ|1|29777024
lụlesạ|1|29020013
lụlesạu|1|29008005
lụliongahě|1|27529012
lụliu|1|30700024
lụlohon|1|30440011
lụluasě|1|28872017
lụluhu|1|27249004
lụlětạ|1|29789009
lụl᷊ahimpuluang|1|27178004
lụl᷊ahimpuluangu|1|23241004
lụl᷊ahunsusa|4|26557029 27179017 30368006 31005010
lụl᷊ampa|6|23495024 23636005 23637014 24285017 27531015 27738037
lụl᷊awang|2|23718013 29917011
lụl᷊aụ|1|29690027
lụl᷊eohě|1|29685028
lụl᷊esạ|4|27986003 28813004 28931005 28959012
lụl᷊iageng|1|25599006
lụl᷊intụ|1|26215007
lụl᷊iongahě|2|23796013 23799015
lụl᷊iu|2|24483011 29047017
lụl᷊iwatang|1|28573019
lụl᷊oho|1|31028055
lụl᷊uas'i|1|28921009
lụl᷊uasu|2|27980028 29033005
lụl᷊uasě|3|24941004 25536016 30368015
lụl᷊uhu|1|27599008
lụl᷊ungkangu|1|23188012
lụl᷊ěhabě|1|25102020
lụol᷊angu|1|29936019
lụontol᷊ě|2|28143008 29774030
lụěnggo|2|30800011 30810010
lụěnning|2|24343007 27946005
lụěnningu|3|24626007 27944006 27944026
maadatě|7|27717030 29736014 29968018 29985019 29987047 30246008 30441010
maadilě|6|27169030 27968030 28002010 29800020 29972018 30962013
maagama|2|27717014 30293005
maagimatě|1|27267025
maal᷊ing|1|23721041
maal᷊usě|1|29735012
maal᷊ạ|2|29569020 30300004
maambang|8|27887031 27890026 27900025 28426018 28460016 30395030 30465015 30538013
maambangu|1|29732005
maamumang|3|28523038 29555021 29921034
maanggang|9|25475018 28099036 28466024 28478003 29310015 29576023 29735018 29740015 29900024
maarěga|2|30362023 30484017
maarẹ̌ga|7|23309032 23449009 25467015 25484029 29430023 30404028 30407005
maarẹ̌gae|1|30406016
maasagě|1|28051023
maatorě|3|25431012 29342025 29734014
madal᷊iuwe|1|28746030
madarul᷊ung|1|30781005
madiri|7|25226020 26836007 27521042 27971008 28324018 29084038 30208022
madirin|1|29778019
madiring|2|25649013 25746022
madiringu|3|25347017 27613004 30998024
madunia|1|29008009
mageng|1|25566042
maghaghaěng|2|27272016 27314024
maghaghiadě|2|28577024 30957017
maghaghighilě|2|29185017 30548023
maghaghising|1|29781022
maghaghurange|1|29912006
maghaghělle|25|23281023 23389013 23390013 23391022 23421013 23479021 23725010 23745031 23858030 23859026 24275011 24276012 24277016 24277041 25135009 25137013 25138028 25225005 25230021 25590005 25699023 25700033 25702002 25703010 25734007
maghagurang|1|29911006
maghanapě|4|25582025 26862006 27691042 29415012
maghea|3|23613018 23667017 24443019
maghighilě|1|30337018
maghising|1|28944025
maghoghahě|1|23515051
magholang|4|23397021 23516021 24314020 25423046
magholọ|5|24283022 25145031 26270018 29407083 30534006
maghurang|16|24901016 24912017 24912023 25010009 26917030 28042017 29856022 29948016 30106014 30106021 30184017 30901013 30942038 30979032 30980010 31041010
maghurange|1|29037045
maghělle|1|25039005
maghěnggang|1|25510013
maghạgol᷊ě|1|30278030
maha'n|1|28529008
mahae|2|28612013 28612022
mahaesě|4|24178014 24863015 25972012 26855009
mahaka|1|25424018
mahal᷊i|19|23331014 23417014 23545009 23887015 24030016 24032016 24329009 24349021 25366014 25492005 25542009 27203026 27536012 28183020 28217019 28390020 28948017 28963008 31006026
mahal᷊in|1|29038035
mahamagě|2|23226010 24040020
mahampingu|1|27864023
mahamụ|10|23675018 23676016 27908017 30125060 30798012 30858021 30895010 30979031 30980009 31006020
mahan|26|27157007 27157014 27610021 27612023 27985029 28465012 28466027 28477030 28532010 28535015 28535035 28535040 28538020 28538047 28575008 28575035 28582016 28587011 28588006 28596016 28637017 28915008 29310028 29523025 29570028 30450035
mahang|41|23332004 23337004 23969002 23982005 23982009 25173022 26516019 26517020 27463027 27472013 27542042 27548024 27623019 27690038 27904039 27985016 28227026 28660010 29003006 29140017 29180027 29183005 29441008 30502013 30502028 30503012 30503020 30504007 30511019 30512011 30518002 30520002 30646005 30732049 30738040 30968023 31038008 31038049 31049022 31062014 31096015
mahasa|3|24033020 28830037 28974024
mahasụ|15|23548014 23563023 23740010 23792030 24332028 24344031 24448010 24619014 25254013 25593009 26102022 26907024 26910023 26939012 28042022
mahatedě|5|25801033 26538007 27265010 27409011 27850019
mahawesě|1|28007004
mahaěng|5|23490013 24270003 25508018 27894019 30628012
mahene|4|26981044 28762009 29443007 30393025
mahengke|3|25353007 25744013 26320011
maheně|1|30382017
mahepọ|3|23330004 23331002 25543007
mahi|4|25528008 26596007 26667025 29749009
mahiborě|3|27639019 28336017 29411020
mahiko|1|31036013
mahimang|1|27756005
mahimangu|1|26017014
mahimumu|3|29734015 29852013 29926017
mahina|1|28392008
mahiạu|1|26265023
mahole|1|30196024
mahondosě|2|30052010 30278018
mahoro|7|25009022 30714011 30730018 30941032 30944022 30945028 31033005
mahoto|1|24786005
mahuala|26|23168002 23604011 23606005 23607025 23609015 23609018 24012002 24013002 24014009 24016002 24017002 24018006 24019003 24019019 24020005 24407002 24430007 24430027 24431007 24432003 24433002 24921007 27674003 28516014 28522013 28992017
mahuaneku|2|26545019 26556034
mahuanen'U|1|25266013
mahuanene|1|25718013
mahuaneng|2|26527009 26543017
mahuhaungken|1|30156007
mahukung|1|30998025
mahul᷊esạ|1|28985010
mahul᷊iagě|3|25612016 25621008 31025006
mahul᷊uasu|1|30883005
mahul᷊uasě|10|24908010 25548014 25595019 25598031 26749023 28059008 28661028 29420020 29423009 31025004
mahul᷊uasẹ̌be|1|26193021
mahul᷊ungkang|2|23590017 23988020
mahul᷊ẹ̌ge|1|25168023
mahumbal᷊ụ|1|30351026
mahumbera|1|28854014
mahumbisara|8|23961019 24721031 24891020 27112019 27582018 27727008 28381022 28643012
mahumbisaran|3|23575014 26006004 29358020
mahumbisarang|5|28401014 28489004 28674032 29745013 30023022
mahumpạ|2|25724005 25769006
mahumpạe|1|24419005
mahumpạu|1|27759012
mahundal᷊eng|1|24797005
mahundal᷊engke|1|24101005
mahundarisị|2|25544013 31009013
mahundingang|9|23836018 23957008 23958020 28337009 28781011 29055035 29452025 29695024 29893004
mahundingangu|1|23700006
mahundugě|2|23534029 24895009
mahunděnta|9|23877036 24336028 24724004 25571020 25835013 26295010 26989030 28235060 30951026
mahunẹu|2|25453013 27238029
mahunggurang|4|24930020 30125061 31006021 31010023
mahungkaěng|7|23494029 23636013 24280024 24467022 25612014 29689024 31095013
mahungkaěnge|1|30685021
mahungkinạ|2|30992029 31036002
mahungkiạ|1|31003013
mahunsangị|6|23477027 24009016 25172026 25547025 27678011 31003015
mahunsohọ|1|29594011
mahunsuě|4|25278026 25439021 25543017 30014012
mahunsěbang|2|27598028 28465042
mahunsěpụ|1|30526012
mahuntal᷊ang|4|24732030 26487010 26494013 27898026
mahuntal᷊ange|1|28565009
mahuntimadě|1|29555041
mahuntinamba|5|24563021 26702016 28967028 29371010 29603021
mahuntinambang|5|28041033 28306016 28659038 29387026 30226015
mahuntol᷊e|2|24467012 30503007
mahuta|1|28769026
mahutung|3|26293021 28635003 30827007
mahuwatu|1|24329006
mahuweka|2|27033025 30661007
mahěbi|2|24443013 24660002
mahědo|1|27721004
mahěgisě|2|25754024 28232022
mahẹ̌gisě|2|25753011 28455017
mahẹ̌gu|1|26706014
mahịe|7|25189013 25711032 26700028 28463002 30048008 30255004 31025007
maiaking|9|27555036 28282004 28305005 28318006 28789036 28979014 29566026 29960009 30515025
maiakingu|1|30499009
maiang|9|23791015 23791029 24040016 24629007 25563033 25582012 25934009 29666032 30768008
maiet'i|2|30195025 30882012
maiet'u|1|24209017
maiete|1|27254013
maieti|2|24437013 27257020
maietě|2|26857062 30882023
maiha-ihạ|1|27728003
maihạ|42|23342012 23344008 24176011 24198004 24372003 24403018 24534012 24861010 25105013 25459017 25667015 25769023 25770004 25924010 25982006 26357014 26567008 26952011 26964026 27425004 30038016 30232009 30278008 30518015 30708016 30782009 30804005 30813023 30821004 30827013 30865006 30885010 30902005 30934006 30936009 30942013 30945019 30956005 30972013 30996003 31035012 31057009
maihạ-ihạ|12|23370005 24180006 24242009 24864006 25097015 27510003 27512007 27620017 27870009 29620007 30806012 30929018
maihạe|1|24361007
maikị|1|29739020
mailang|8|25493028 25638017 25845012 26297021 26772050 27598021 27866041 28688035
maimange|1|26305003
mairị|5|25003014 25808017 28341004 29877009 30195010
maitung|1|27374036
maiwantel'u|4|23166004 23168008 24907020 24925007
majelisě|1|27558020
makaadatě|1|29326002
makaaho|1|26749028
makaakal᷊ě|3|23969007 23982021 29610015
makaal᷊ing|1|28668026
makaal᷊ạ|3|23322016 26883060 29434018
makaambang|8|24762015 24858028 28504023 28504044 29764024 30308024 30446014 30446048
makaambangbe|1|29301020
makaampung|2|24268016 25129027
makaatorě|1|29737004
makaběse|1|24283016
makabẹ̌sụ|1|25275042
makadal᷊inaụ|3|23982017 25134020 26961038
makadiadi|1|26229004
makadingihě|1|29474008
makaghal᷊awe|1|29801014
makaghanapẹ̌be|1|29938009
makaghehe|2|23396016 25144023
makaghoghahě|3|24116011 29118027 29120027
makaghoghahẹ̌be|1|28301008
makagholang|4|23520025 25327013 25429018 30228027
makaghěde|1|24282018
makaghěllịu|1|25413032
makaghěmming|1|30415014
makahabaru|2|28204002 28684021
makahampasě|1|30758016
makahina|1|29844007
makahino|1|28524007
makahombang|83|23245004 23324010 23325013 23428023 23457021 23698022 23728025 23784027 24055019 24606034 24610031 24619004 24619013 24665030 24986008 25371021 25389021 25416012 25430023 25697016 25711025 26136008 26137028 26157009 26157025 26168020 26235035 26251010 26285012 26492015 26624006 26675013 26760009 26899027 26932005 27017011 27035024 27091029 27101020 27192017 27391005 27397020 27411027 27613010 27855020 28154010 28269025 28536029 28666011 28816018 28888018 29233036 29301015 29346015 29430052 29432013 29436011 29631014 29713038 29778013 29808020 29838021 29855011 29863005 29869026 29931014 29999020 30056019 30170014 30191017 30230009 30251048 30285022 30340013 30340027 30356016 30436020 30488023 30602009 30613020 30614028 30677028 30682023
makahombangbe|7|23523002 27817010 28565028 29583040 30002034 30018006 30031031
makahombangke|2|24693042 27958034
makahumpạ|2|23331016 23423013
makahumpạen|1|23429004
makahupadě|1|23303016
makahěmbungbe|1|30455017
makahěngang|8|23555033 24460015 26700009 28688025 28866031 28979006 30544023 30741013
makahěngangbe|2|30412025 30419011
makahěngangu|2|26114024 28829032
makahěngisě|1|30827017
makahětibě|1|25651009
makaiange|1|30205014
makaimbu|1|28652023
makainung|2|23815015 24892007
makaitụ|1|28840054
makakahiborě|1|28827015
makakahukung|1|27822012
makakahukungu|1|27391012
makakahumpạ|1|30503030
makakahumpạu|1|29495002
makakahěping|1|30754031
makakaiang|3|24626011 28589022 30514038
makakakoạ|1|30076026
makakal᷊amuhụ|1|23645007
makakal᷊ubengkọ|1|25343014
makakal᷊ěton|1|29174035
makakalạ|4|24947009 25171007 25566031 30300012
makakalạe|1|25828011
makakapetọ|1|28175023
makakarasehě|1|30685042
makakaratingu|1|29133029
makakarendehu|1|27622004
makakarendehě|1|27112006
makakariadi|1|28189035
makakariadin|2|25654018 28301024
makakariading|3|27562013 28320048 29661020
makakaringihě|1|25437021
makakarokạ|1|25842018
makakarědasě|2|30138012 30145025
makakarěnta|8|26302004 26323018 26365022 26403036 26404027 26664041 28336007 29892005
makakarěntambeng|1|27410033
makakarěntan|1|29302026
makakarěntang|3|25006015 30284028 30502058
makakasahe|1|30514029
makakasangkong|1|28189024
makakasiang|2|25082020 25167012
makakasingkạ|26|23286013 24113029 24912003 26346009 26666012 26689010 26740020 26783018 27148014 27279007 27699025 27719023 27729023 27735007 28504017 28504038 28535006 28636015 28686026 28934013 28941023 29497031 29551010 30027033 30750044 30756033
makakasingkạbe|1|30605025
makakasingkạben|1|26674017
makakasingkạbeng|1|28407021
makakasingkạu|10|23551013 24335013 24488028 25747021 29261011 29359025 29596014 29617011 30387056 30596007
makakasowa|1|29655029
makakasukụ|2|30115022 30135024
makakasuě|3|23519003 23934027 30491009
makakasěbạ|1|27041014
makakasěgadě|1|28536009
makakasěllung|1|28124027
makakatal᷊ang|1|29981017
makakatal᷊angu|1|30238036
makakatambawe|1|29460019
makakatanggan|1|28541008
makakatapeng|1|23396020
makakatikạ|1|25516008
makakatol᷊e|3|25284015 27505022 30667021
makakatuhụbe|1|30170009
makakaul᷊e|1|30370010
makakaul᷊en|1|27927047
makakaul᷊ewen|1|23408025
makakawal᷊uin|1|30426030
makakawol᷊eng|1|28562024
makakawunạ|1|26978010
makakawěhạ|1|28559021
makakaěng|2|26263036 26265015
makakiral᷊a|33|23243009 23282021 23315009 23333003 23337010 23487014 23487020 23818022 26055014 26401015 26401025 26401032 26414005 26487017 26675009 28093009 28385010 29224034 29271011 29291011 29430026 29432009 29528026 29658012 29853027 29861013 29894040 30488030 30521002 30606008 30612007 30645020 30875020
makakiwal᷊ong|1|28209035
makakoe|1|25189048
makakombang|2|29905020 30685020
makakoạ|48|23202023 23265005 23271011 23339041 23848016 23851029 23938013 23970010 24154010 24434018 25034040 25142008 25342017 25624019 25653021 25696007 26123027 26230012 26241004 26457038 26474011 26600014 26648016 26705034 28011032 28294017 28410008 28480008 28553044 28987054 29180033 29272013 29311014 29379026 29384009 29443022 29474018 29610007 29678023 29793020 30045016 30084006 30287006 30323020 30624035 30641017 30643030 30918006
makakoạbe|4|26360021 28177023 28480025 29052006
makakunsị|1|25463020
makakědang|5|29009006 30365018 30366008 30720017 30737027
makakětị|4|24888030 27968006 29291038 30043037
makakẹ̌dang|6|23440015 25846004 28581053 29185018 29477014 30419014
makakạděntan|1|28354013
makakạděntang|3|27775018 28038004 29799006
makal᷊ahe|1|27783006
makal᷊aherang|3|23480015 23529034 27455022
makal᷊aherange|1|23529027
makal᷊ahombang|1|23533018
makal᷊ahěngang|1|29704012
makal᷊ailang|1|30642012
makal᷊amuhụ|2|24479012 24482026
makal᷊angehě|1|27971023
makal᷊aěnna|8|23553029 23559018 23684009 24336018 24698013 26425006 28721024 30539027
makal᷊aẹ̌bạ|1|25526024
makal᷊esạ|2|28025029 29202021
makal᷊esạu|1|29238036
makal᷊imona|1|23858038
makal᷊iwirě|1|30306015
makal᷊uasě|17|23477006 24969006 25385050 28025015 28028032 28520030 28887009 29068029 29315005 29394006 29405015 29605019 29608013 29946013 30179009 30258015 30287010
makal᷊uasẹ̌be|1|30665024
makal᷊ubengkọ|1|26990029
makal᷊ukadě|1|24792030
makal᷊ěmmạ|1|28473016
makal᷊ẹ̌sọ|1|30484030
makalạ|5|24611022 25481007 29794018 29798005 30765020
makamea|2|28961033 30215044
makaněnggạ|1|23728005
makaonggọ|3|24018002 28968016 29407039
makaonggọbeng|1|27859023
makaonggọu|1|28102011
makaontol᷊ě|1|29780033
makaontol᷊ẹ̌be|1|29787011
makapadul᷊i|1|29769010
makapahul᷊uasě|1|25895006
makapahungkaěng|1|28623011
makapahunsuě|5|25543020 30007010 30015013 30018036 30020013
makapal᷊idě|5|29287026 29503020 29673009 29749025 30251012
makapamihing|1|30443031
makapamunara|1|23307004
makapamurẹ̌sing|1|29331009
makapamělli|1|26263029
makapamělliwe|1|23613027
makapaměnsạ|1|28552015
makapanaghuangbe|1|26773025
makapanarimạu|1|28565018
makapanenggehě|1|25166005
makapangambangbe|1|28563041
makapangarẹ̌gam|1|28410016
makapangimang|4|26255004 26539018 27832011 28203016
makapanginung|2|28589005 28623013
makapangirol᷊o|1|24439040
makapangirul᷊e|1|30018037
makapangobotu|1|29395011
makapangonggọ|1|27829017
makapanguatě|1|29604005
makapangěnsil'i|1|24291012
makapanoghasě|1|27943018
makapanoghasẹ̌be|1|28539009
makapanuntụ|2|28245011 28523026
makapanuntụbe|1|28493019
makapaněllid'u|1|24388017
makapaněmba|1|26181016
makapaněntiro|1|29913005
makapaněpasu|1|28788015
makapapěndang|1|30030010
makaparenta|1|25895025
makapate|3|24789015 26528014 28811011
makapaul᷊ị|1|29587011
makapaul᷊ịu|1|31097015
makapetọ|2|29668010 30432045
makapia|1|30457033
makapul᷊aho|1|23519027
makapěbẹ̌bera|1|24709014
makapěbẹ̌biahě|1|30224034
makapědẹ̌dorong|1|30261003
makapěhabaru|8|27052021 27847029 28710018 28730030 28837008 29357023 29888016 30501012
makapěhampasě|2|24316027 26510019
makapěhukung|2|25940026 27998015
makapěhukungu|1|24810016
makapěhěping|1|30755038
makapěkẹ̌koạ|2|23850039 23854034
makapělahe|1|28242013
makapělahẹu|2|28179007 29713015
makapělanging|1|29285017
makapěllọ|1|27842015
makapěluntingihu|1|28559017
makapělẹ̌harapě|1|28308031
makapěmahang|1|27044007
makapěmahiạ|1|27942010
makapěmal᷊ui|1|28926021
makapěmate|1|30802042
makapěminasa|1|29071029
makapěmul᷊aho|1|26511018
makapěmunara|1|28837021
makapěmunarawe|1|30259046
makapěmusakạ|2|29162029 30379005
makapěměka|1|30789016
makapěmělli|1|30926004
makapěnaghuang|2|23865026 30312027
makapěnal᷊ukạ|1|29596028
makapěnambang|1|29118031
makapěname|1|27219029
makapěnamedě|1|29778024
makapěnarakang|2|25800032 25869022
makapěnarakangu|1|29331022
makapěnarimạ|1|28710025
makapěnarimạu|1|30026009
makapěnasa|1|28411017
makapěndal᷊ingu|1|23397004
makapěndang|16|23489024 25140006 25515004 25775004 27437035 27499025 27838035 28231022 28429011 28716021 28875010 29159022 29193016 30476044 30483031 30827006
makapěndangu|3|28524022 28535052 29426014
makapěnduị|1|29898021
makapěneheng|1|28150004
makapěnenggehě|1|24299015
makapěngakal᷊ě|1|31042024
makapěngal᷊imona|1|29619029
makapěngal᷊ạ|5|23888013 25493033 26500004 28483018 30789012
makapěngawasa|1|26837021
makapěngekeng|1|29546014
makapěnggohaeng|1|24196017
makapěnggolọ|1|25493037
makapěngirul᷊e|3|30007015 30014017 30020018
makapěngobotu|1|28393007
makapěngomol᷊ě|1|26193009
makapěnguhasě|1|26639022
makapěnoghasě|3|27942018 28682010 28805028
makapěnokol᷊'u|1|24304008
makapěnokol᷊u|1|24311027
makapěnokol᷊ě|1|24415020
makapěnubuetě|3|28680018 28682006 28718011
makapěnělid'u|1|23398040
makapěněntiro|1|28698034
makapěněpasu|1|30088020
makapěnẹ̌bu|1|29354019
makapětị|1|28591043
makapẹ̌bal᷊ị|1|23259023
makapẹ̌bal᷊ụ|1|30926006
makapẹ̌barauntu|1|30259066
makapẹ̌bawa|1|27219034
makapẹ̌bawahansang|1|30158011
makapẹ̌bera|10|23721028 23848034 25189005 25658016 25673003 26615022 26742012 27850018 28936003 30248007
makapẹ̌berang|1|28688006
makapẹ̌berau|2|28379004 30597026
makapẹ̌berawen|1|23524008
makapẹ̌biahě|8|23214011 25068013 27550038 28091020 29101015 29476006 29661024 30453032
makapẹ̌biahẹ̌be|3|28918044 29632026 29719015
makapẹ̌bisara|5|27920012 28412017 29152011 29358026 30658018
makapẹ̌bisarawe|1|30673013
makapẹ̌buạ|1|29937015
makapẹ̌běkeng|1|27210016
makapẹ̌bẹ̌bul᷊o|1|29851016
makapẹ̌dal᷊uasě|1|28328018
makapẹ̌dudaton|1|27702017
makapẹ̌děndilu|1|27039035
makapẹ̌dẹ̌dararagě|1|28807029
makapẹ̌gohaeng|1|24757015
makapẹ̌gonggạ|1|24060013
makapẹ̌gěllịu|1|28682019
makapẹ̌gěnggohaeng|1|28354016
makapẹ̌habar'u|1|25840009
makapẹ̌habarẹ̌ben|1|29678026
makapẹ̌hukungu|1|27918025
makapẹ̌kal᷊iomaneng|1|30454020
makapẹ̌kapura|6|23416015 24892011 25383025 25464015 30641052 31045027
makapẹ̌karadiahangu|1|30112018
makapẹ̌kawingu|1|28527020
makapẹ̌koạ|6|23594047 23600028 24674029 25944034 27568010 29742021
makapẹ̌kui|1|28203004
makapẹ̌kěllawen|1|26561011
makapẹ̌liwir'u|1|26825008
makapẹ̌parentawe|1|28442039
makapẹ̌sal᷊iwang|1|25618046
makapẹ̌senggọ|2|27865023 27869022
makapẹ̌simokol᷊ě|1|24769022
makapẹ̌sombang|5|27652032 28328013 29389020 29601016 29602019
makapẹ̌sombangu|2|29621019 29827012
makapẹ̌suba|1|23178033
makapẹ̌sul᷊e|1|30188023
makapẹ̌sumbala|1|28783023
makapẹ̌sunial᷊u|1|29748004
makapẹ̌sěmpị|1|28520019
makapẹ̌sěngkapiawen|1|29124030
makapẹ̌tahamawu|2|25634004 25634033
makapẹ̌tahutěndạu|1|24473018
makapẹ̌tangkiang|1|23775032
makapẹ̌tangkiangbe|1|30120054
makapẹ̌tanạ|1|28886020
makapẹ̌tanạbe|1|29621029
makapẹ̌tatahinong|1|29832018
makapẹ̌tatohạ|1|30811016
makapẹ̌tingkědangu|1|28524016
makapẹ̌tingkẹ̌dang|1|28497006
makapẹ̌tiwo|2|29746010 30658016
makapẹ̌tul᷊ung|2|28998025 29387019
makapẹ̌těngkal᷊iwirě|1|28509019
makapẹ̌těngomben|1|30601018
makapẹ̌těnno|1|28440030
makaralo|1|28599016
makaral᷊eng|2|28073030 30861044
makaral᷊uasě|1|28125010
makaramahi|2|25647028 27293022
makararagě|2|26425014 29349012
makararingihě|2|23553026 28218030
makararisị|2|25530026 25863016
makarating|1|25582022
makaratingu|3|27607030 27868030 29351031
makaraumal᷊ě|1|29909031
makarekeng|2|30820021 30927011
makareạ|14|25415017 25630015 26364025 26365016 27044005 27818031 28836008 29159030 29596026 29778022 29954015 30516032 30689036 31008032
makareạbe|1|28554023
makariadi|2|28040052 29124022
makariadin|2|28703035 30503023
makariading|1|25145019
makariadiwe|1|28025007
makariagạ|1|29822035
makariangkamang|2|25434007 27662033
makaringihe|1|30841025
makaringihě|22|23532032 23557036 23964004 23972019 24463023 24725004 25836007 26129008 26150021 26236011 26239005 26239017 27778020 27819018 27927032 28203031 28652012 29389026 30663011 30767012 30861041 31017015
makarokạ|2|25585029 28148019
makarol᷊osě|1|30386044
makarorong|1|24108008
makarosa|3|24582004 24584006 24586004
makarěnta|3|25574011 26363018 26675018
makarěntan|2|25774012 28635026
makarěntang|2|26285017 26293005
makarẹ̌dasẹ̌be|1|29120030
makasabarě|1|25846006
makasahaghe|6|27307020 27931027 28152004 28152012 28156021 30228025
makasahidi|1|29556003
makasahiding|1|30543014
makasahionge|1|23934025
makasal᷊amatě|11|24172013 25083007 25212031 27322010 27947014 28015011 28721015 29587022 29630038 29672034 31019023
makasal᷊amatẹ̌be|3|24173023 25971018 28224017
makasal᷊amạ|1|26814027
makasamedě|2|28605025 28606029
makasaria|1|24282023
makasasilo|6|23553018 27225012 27226008 27876012 28009004 28218025
makasigěsạ|3|25694025 28999040 29037017
makasihasang|1|28974009
makasilakạ|2|27626013 29323009
makasilo|103|23251012 23289023 23322013 23528020 23557022 23826010 23829015 23958011 23973004 23988024 23991006 24119017 24203033 24206027 24336010 24336023 24640025 24643022 24732004 24817015 24859018 24881027 25000020 25032007 25189045 25262026 25311036 25388009 25547005 25554021 25674016 25674029 25730015 25735004 25736014 25762019 25774021 25858006 25944023 25944031 26059029 26078026 26096011 26205014 26288015 26320007 26332026 26381019 26438011 26444023 26454017 26480017 26494022 26564020 26621014 26686023 26688009 26688017 26737021 26743008 26743018 26744030 26744041 26746025 26746036 26784023 26967040 27036006 27229029 27234045 27374019 27479040 27665017 27719027 27927027 28220009 28232006 28325017 28453024 28855017 28864023 28952038 29096003 29237013 29448005 29460015 29588031 30227017 30435016 30489018 30582048 30597008 30641004 30705011 30765053 30783024 30784019 30861039 30882011 30984056 31003022 31017006 31085002
makasiloe|1|24747006
makasilom|1|28678017
makasilowe|2|23676026 25439022
makasilọe|1|25847004
makasimbang|1|26462035
makasingking|1|28224006
makasingkạ|1|26410035
makasingkạu|1|26410021
makasomahě|1|27871011
makasowang|1|26218007
makasue|2|25583007 25584016
makasumbala|1|29882020
makasunsara|2|23716020 29799031
makasusa|1|29206008
makasusi|1|23936018
makasuě|6|24316004 24628026 25499021 26125020 28769018 30955030
makasěbang|1|23261008
makasěsui|2|29270010 29271006
makasẹ̌bang|1|25519005
makasẹ̌sui|1|28243016
makatahang|2|29477012 30233006
makatahuntěndạ|1|26561021
makatahutěngadě|1|27804032
makatahěndung|2|28720014 29813029
makatahịda|1|25383011
makataking|1|26607014
makatako|2|23303021 24194015
makatal᷊ang|2|25033028 27966024
makatal᷊udě|2|24154038 28568013
makatamai|1|25647020
makatamba|1|23310008
makatambam|1|29221020
makatangkiang|1|29285013
makatanudě|1|26606019
makatarimạ|30|23779022 23803015 24036019 24304005 25185015 25416007 26195021 26318023 26686018 26988028 27505020 27992034 28409010 28425020 28545006 28564015 29117027 29478013 29542006 29659005 29879035 30043034 30121021 30470013 30654021 30735029 30744029 30746004 30780012 30792019
makatarimạbe|1|30380025
makatarimạu|7|23774008 28037010 28551028 28630019 28730007 29895013 30279023
makatatakụ|2|23348008 25091014
makatemang|4|25329012 28050044 28227044 29806039
makateěng|3|24655015 25578013 27326043
makatingang|1|29922017
makatoghasě|1|29593034
makatohạ|4|24096023 24793030 28849028 30913034
makatokeng|1|26388014
makatokol᷊ě|1|23720019
makatol᷊e|6|24383022 26667022 26667029 26668006 27198007 30887013
makatonda|1|28817023
makatongka|1|28969010
makatope|1|30754039
makatualagu|1|29547005
makatualagě|1|28707003
makatualagẹ̌be|1|23250021
makatuhụ|1|29773003
makatuhụbe|1|27649004
makatul᷊ung|4|24561024 24877012 25452027 28328031
makatutung|1|30161019
makatuwo|1|29172004
makatědụ|1|28296008
makatěpasẹ̌ben|1|30665016
makatětol᷊ě|1|24369026
makatẹ̌gu|1|28244019
makauadipẹ̌be|1|27651014
makaual᷊i|7|28091027 28877016 28927007 28969019 29834011 29945013 30237018
makauhasě|1|30120007
makaul᷊ị|1|30208029
makaumal᷊ě|8|23775037 25586009 26739015 27453034 28110029 28470024 28847013 29351019
makaumbele|1|24892004
makauntung|5|25685014 27996031 28566028 29390029 30198012
makauntuwe|1|28560025
makawaehě|2|23728030 25181011
makawahani|1|28538039
makawangung|1|25413029
makawasa|11|24945003 26011027 27139017 27172025 28151036 28976016 29482028 29657033 29967030 30698022 31002025
makawatạ|5|26050010 27099014 30630004 30735017 30759003
makawatụ|4|27385046 28355014 29661043 30339027
makawawa|2|28090023 29353008
makawawawe|1|26067014
makawekesě|1|26473013
makawelliwe|1|24444012
makawera|9|23665013 24664004 24786017 24914019 25659018 28638013 28656007 28685010 28695033
makawerang|1|27037005
makawerau|2|28617010 28638025
makawihua|1|23973007
makawinasa|3|30484035 30502039 30539051
makawingkahě|1|30783020
makawisara|1|28412006
makawitaugě|1|28561014
makawodaị|5|23267018 23581010 24581003 29778020 30561018
makawol᷊eng|2|28561052 28563016
makawunạ|2|23510017 30026028
makawurẹ̌si|2|24542012 25447024
makawěhạ|1|29780027
makawětị|1|30483012
makaěbạ|29|23667009 24754011 25458024 25480023 25707019 26285004 26311026 26491017 26905017 27002011 27128024 27503012 27796008 27970016 28555014 28622017 28691013 28961024 29047005 29300004 29980028 30070016 30199009 30199017 30274010 30274024 30504018 30684014 31016025
makaěbạbe|1|28558010
makaěllung|1|29630046
makaěnna|34|23554019 23644013 24336025 24337012 24337019 24339021 24478016 24482015 25256011 25256045 25347020 26037011 26488010 26520028 26621019 26638010 26638022 27142007 27927036 28088017 28107005 28243022 28325027 28409033 28668010 28681022 28690006 28695019 28814024 28814034 29225013 29497026 29684008 30042029
makaẹ̌ba|3|25182027 26018011 29453043
makeke|1|28839033
makighuta|2|27808045 27809013
makihapusě|1|27678026
makikal᷊iomaneng|1|23776016
makikapian|1|25123021
makikul᷊ụ|1|27689019
makiralo|4|23285035 26255010 29344013 29540032
makiral᷊uměmping|1|29005010
makirol᷊ě|1|24977007
makisahani|6|23200012 23206023 24890012 25033010 25038011 25226021
makisake|1|25739015
makisal᷊imae|1|25533031
makisange|2|28566024 28566048
makisunatu|1|27686039
makisunatě|3|28506040 29165007 29166010
makisěbang|1|27529048
makitahuěllang|1|29164026
makitamangu|1|23868013
makitangkiang|1|23821011
makitarimakase|26|23485016 25182054 25700012 25700028 27939009 28287020 28341010 28695004 28697003 29309020 29365007 29367002 29409030 29410007 29425030 29449028 29478003 29584011 29600010 29653011 29675013 29709003 29813002 29813022 29856024 30890016
makitatarimakase|1|27952017
makitěgu|1|29074032
makiul᷊ịu|1|28506017
makiwal᷊o|21|23851008 23919014 24571013 24644005 24670008 24708034 25763003 25783005 25933004 26184039 26732019 26746008 26911022 28176023 28207003 28208002 28211002 28221002 28597014 28714012 28754004
makiwal᷊on|1|25820009
makiwal᷊ong|4|23830004 25347025 26750009 26757018
makiwal᷊ou|1|24396019
makiwohe|1|24975015
makiọ|1|30240020
makonti|2|26426054 30551018
makota|3|26828006 26831009 30848019
makotan|1|30779033
makotane|7|24844013 30773036 30796018 30895025 30910034 30941025 31030012
makoạ|273|23172015 23173014 23192025 23244016 23255007 23338010 23350033 23358008 23455014 23456016 23469005 23572017 23572023 23627017 23699010 23731021 23777027 23786017 23809012 23809019 23810005 23814031 23819019 23820005 23820011 23858039 23932019 23932027 24041017 24068017 24206019 24419030 24537011 24574022 24574027 24574031 24589016 24603033 24604015 24612016 24616024 24620011 24620020 24632019 24633005 24681019 24708022 24764021 24791012 24902014 24911004 24960013 24984018 25015006 25071005 25118031 25247023 25304018 25313028 25353014 25364019 25373020 25375013 25375028 25411013 25422023 25436016 25441010 25474009 25515018 25580030 25587015 25623028 25633018 25637038 25653010 25705030 25706013 25713018 25744014 25759016 25778018 25798018 25800015 25891009 25891015 25891022 25895011 26016006 26057017 26088006 26124008 26171024 26273012 26320002 26364016 26364031 26667004 26681031 26697031 26708017 26737011 26744050 26779015 26932020 26945009 26980019 26986026 27017033 27105029 27122019 27122044 27219005 27282039 27302023 27382014 27384022 27396036 27410019 27457032 27460022 27493029 27494012 27564052 27585009 27607009 27608017 27640034 27643026 27656023 27715009 27720005 27840015 27842041 27847017 27932018 27936011 27948056 27993006 28016018 28028030 28040056 28047010 28132013 28132030 28146012 28186024 28199012 28247026 28248010 28320050 28332023 28339004 28373015 28377019 28379011 28381033 28386007 28429023 28449006 28469007 28477015 28484016 28495008 28522032 28541025 28561055 28562027 28563019 28574006 28579006 28579019 28586009 28600008 28604014 28604025 28606031 28611018 28699006 28713016 28769029 28777038 28848009 28915040 28915048 28917004 28956035 29029016 29090011 29090023 29114029 29144012 29156004 29169021 29176006 29184033 29204011 29211019 29212019 29217015 29219005 29245019 29252015 29310035 29336026 29353012 29399009 29407046 29409007 29409016 29432023 29443014 29530015 29532018 29533022 29590028 29596036 29620013 29688027 29704004 29715025 29754017 29786010 29800018 29808009 29819012 29843007 29877010 29916012 29923022 29955009 29969024 29969044 29969051 29995008 29995024 29997028 30032011 30035010 30035015 30036034 30043008 30051010 30093033 30103039 30103046 30134009 30181036 30187017 30228018 30255008 30257018 30299023 30349055 30358012 30365025 30416010 30446005 30446032 30507019 30592005 30592009 30618020 30668014 30756005 30828012 30984029 31045018 31057032 31057042 31061016 31061022 31063038
makoạbe|11|23280004 24312016 26129021 27853029 28437005 28730020 29084046 29137017 29572016 29614033 30599008
makoạko|1|27649013
makuatě|3|25909010 29654028 30472011
makědang|4|28886007 29838006 30279004 30707029
makěhagě|14|27253028 27262030 27708062 28191008 28566004 28673008 28935020 29072019 29149006 29728006 29901010 29923026 29925019 30438011
makěkidě|1|28963004
makěndagě|8|24895002 25014017 26156003 26925003 28971012 29268007 30612014 30620018
makěpal᷊ě|2|25769017 28689006
makětị|2|23771015 30045002
makẹ̌dang|12|25324010 28425011 28670008 28673003 29530035 29684020 29734011 29840005 29901013 30270026 30420008 30420022
makạakal᷊ě|1|30289013
makạbal᷊insahě|1|28959045
makạbangung|1|29302015
makạbaradosa|1|23736006
makạbatạ|2|30207018 30629007
makạbera|1|23321003
makạberang|2|28667003 28681032
makạberangbeng|1|27702023
makạbiahě|1|26321002
makạbinasa|3|23446020 29672011 30683033
makạbinsana|2|28399011 29549009
makạbisara|1|28697011
makạbodaị|3|23734003 23735008 24485012
makạboghe|1|29988022
makạbonohu|1|29798021
makạbukang|3|24909019 25861013 29912037
makạbunạu|1|28849051
makạdalinaụ|1|28681005
makạdal᷊akisě|2|28752011 30521018
makạdal᷊akị|1|28618019
makạdal᷊eng|1|23665017
makạdal᷊inaụ|43|23339044 23598008 23600030 23842012 24413008 24894023 26114016 26123029 26205017 26211005 26260020 26272006 26284020 26360023 26523017 26618005 26969006 26969014 26972041 27053010 27072014 27110016 27153017 27183016 27190018 27418045 27455025 27592029 27597005 28323008 28645008 28663032 28663060 28664019 28665011 28683005 28695021 29671018 29982016 30893008 30895005 30922008 30950028
makạdal᷊inaụe|1|23594049
makạdal᷊uasě|3|25082017 29549007 29918008
makạdarěnting|5|29909020 30450038 30685013 30996035 31081007
makạdiadi|3|23652014 28051021 28052004
makạdiadin|2|28681030 29701022
makạdiading|4|23264004 23737005 28050011 29753008
makạdingihewe|1|27306005
makạdingihě|30|23341004 23343004 23514005 23556019 23560010 23562010 23563012 23843009 23843015 24340011 24342011 24344013 25021004 25256042 25944016 28206010 29081004 29302032 29690011 30011016 30422011 30509026 30725003 30729003 30735003 30747003 30753003 30760003 30769003 31099005
makạdingihẹ̌be|1|30290003
makạdugi|2|28998020 29430014
makạděntam|1|28105011
makạděntan|2|28105020 28105028
makạděntang|7|26306005 26309010 26321033 26326022 26367022 28052010 28840047
makạgaghěnggang|2|23979003 29016009
makạgěllịu|3|29869023 30542007 31060036
makạhombang|9|26997029 27358051 27611033 28965013 29039028 30167004 30269008 30279007 30381022
makạhumpạ|1|23331008
makạhupadě|1|23302013
makạhěngang|1|26355023
makạhěngisě|1|30242008
makạkaděntan|2|28300008 29973030
makạkaghěllị|1|28413004
makạkal᷊amuhụ|1|23645017
makạkal᷊emboghang|1|29842032
makạkalạ|1|28909019
makạkapal᷊idu|1|29672008
makạkarae|1|30326030
makạkaral᷊akị|1|27417014
makạkaraning|1|30084033
makạkasingkạ|1|27535035
makạkasingkạu|2|28248021 28604008
makạkasusa|1|30224020
makạkasěmpụ|1|25485009
makạkasěsui|1|30741018
makạkatal᷊o|1|29817015
makạkaual᷊i|1|30375024
makạkilu|1|30228021
makạkiral᷊a|6|26253003 26486022 26763020 29847018 30541022 30554015
makạkiral᷊awe|1|30555006
makạkoạ|11|23735023 27110011 28012005 29065017 29584006 29844014 29904009 30562029 30641064 30663004 30692007
makạkoạbe|1|28174019
makạkědang|3|27970011 28052006 28308023
makạkěndag'u|1|29702027
makạkěndung|1|28826016
makạkạdiadim|1|28097037
makạkạděntan|1|29934002
makạkạděntang|1|28927011
makạl᷊aherang|29|23481015 23528025 23529020 23674023 23677016 23677028 23982019 25377013 25422021 25435026 25769034 25944036 26898005 26972037 27072009 27110013 27153020 28386006 28684012 28693007 28698028 28705035 28718020 29108012 29671016 30251010 30948009 31038014 31038023
makạl᷊aherange|12|23483027 23677022 28684042 28685014 28688009 28692008 28697015 28700014 28701005 28702017 28706007 28707010
makạl᷊ahiasě|3|24735003 24737003 25838019
makạl᷊ahimpulu|10|23706029 25026009 26411022 28320053 28556039 29307025 30405042 30497033 30514020 30602021
makạl᷊ahěkosě|2|25861031 29626017
makạl᷊ahěngking|1|27586005
makạl᷊amuhụ|2|24484013 24487012
makạl᷊iagě|1|29591007
makạl᷊uase|1|29109031
makạl᷊uasě|30|23210014 23490005 23604019 24900005 24988014 25048032 26997008 28026022 28029022 28032039 28034020 28034068 28036046 28045011 28046005 28047014 28247035 28248028 28299010 28795012 29444028 29476012 29538022 29590008 29591005 29611024 29720005 29768042 30175007 30178052
makạl᷊uasẹ̌be|1|29583027
makạmamea|4|28473002 28862011 29317012 30765039
makạmamuta|1|30514050
makạmea|4|28477036 28753008 29441019 30686019
makạnaniang|1|23869036
makạnaniange|1|30409038
makạonggọ|2|27500044 27610030
makạonggọben|1|29795006
makạonggọu|4|29302017 30154014 31082011 31098041
makạpal᷊idě|4|25950017 26341023 29295017 30610041
makạpangiaking|1|28813011
makạpangobotu|1|30325013
makạpanokol᷊ě|1|23514013
makạpaněntiro|1|28318024
makạpate|2|28849004 30328020
makạpia|2|25166018 26260022
makạpělẹ̌habaru|1|28988008
makạpělẹ̌harapu|1|29678046
makạpěndang|13|23238004 27959004 28050014 28286003 28303016 28870004 29032050 29407067 29599007 30168005 30293003 30383037 30541006
makạpěndangu|5|28524005 28535029 28716003 28962006 30493007
makạpěnokol᷊u|1|25421007
makạsahaghe|1|27949018
makạsahidi|2|27546023 27710011
makạsahowong|1|28281017
makạsal᷊amatě|2|24172003 30090009
makạsamedě|3|27958027 28714020 29904029
makạsaria|1|29598030
makạsarěnsangu|1|29967005
makạsilakạ|2|27775011 29798015
makạsilo|25|23287016 23320004 23556017 23665020 23859042 24300010 24396007 25514011 25536017 25583016 26260018 26449009 26459019 26480020 26482022 26975010 27305017 28538027 28842034 28930019 29540024 29805028 29987037 30427005 30509024
makạsilowe|2|25188005 26533023
makạsilọ|2|23665009 29500019
makạsongkahě|1|29524006
makạsusa|2|25228033 27665002
makạtahěndung|5|26147013 28932014 29145005 29580005 29814003
makạtal᷊ubambing|1|29809018
makạtarimạ|3|27309020 28027004 30057023
makạtarimạu|1|28298030
makạtatakụ|14|23374026 23426012 24061015 24758017 25120021 25218027 25664015 25838021 30165003 30234008 30886007 30973015 30973033 30976032
makạtatakụe|2|23465012 24256006
makạtatal᷊ěntụ|1|30764027
makạtemang|1|28059029
makạtihọ|1|30207004
makạtoghasě|2|28308025 30288027
makạtokol᷊ě|1|30622015
makạtongkeang|1|29914020
makạtualagě|2|26054003 28684046
makạtulung|1|28683018
makạtutung|1|26113014
makạtuwo|1|28461017
makạtěbal᷊u|1|27500030
makạual᷊i|8|23653009 23654004 26631007 28848030 28848038 28851016 28927029 30337028
makạuntung|1|31061004
makạěbạ|1|28100005
makạědahě|1|30322026
makạěnna|3|27207027 27945011 28144011
makịadatě|2|23926004 25826016
makịakal᷊ě|1|29513006
makịbal᷊o|5|23720011 24769013 24960006 26388003 26745004
makịbal᷊ong|2|23780007 26552024
makịdarumalo|3|28843021 29201004 29577007
makịkawal᷊e|1|27266004
makịkawasa|1|29515026
makịonggọ|1|27619028
makịpaul᷊ịu|1|28358004
makịtarimakase|11|25385025 25668009 25769028 28287042 28341026 28368003 28584008 28968033 29469035 29563006 29943011
makịtatal᷊ěntụ|1|26999024
makịtikạ|3|23332012 27369027 29086018
makịtikạu|1|25800017
makịtuang|1|30431012
makịtul᷊ung|1|29850032
makịtěntiro|1|29861007
makịěnna|1|26020014
malaekat'u|2|24198006 26096017
malaekate|2|29657032 30900010
malaekatu|2|29004014 29146025
malaekatě|23|23994009 24229023 24699020 24745006 24932021 24987004 27079006 28443020 28471014 28611008 28667011 29066029 29513016 29518016 29620003 29748030 29785009 30505002 30512003 30680020 30899012 31027021 31070012
malaẹkatě|2|30863006 31040005
malaikatě|1|28155015
malaseng|1|24035006
malasě|1|29905022
malawọ|1|24250017
malelang|8|25681013 30858031 30858048 30859013 30937031 31038061 31049015 31062026
malele|3|23248009 24589007 25588007
maloara|1|26584013
malolang|2|28566033 30278014
malělubě|1|23676018
mal᷊aadilě|1|23393024
mal᷊aagama|4|27262013 27546037 29866008 30430011
mal᷊aagimatě|1|30427011
mal᷊aakal᷊ě|1|29867007
mal᷊aanggang|2|28465007 29043028
mal᷊aanum|1|23684013
mal᷊aarẹ̌ga|2|29451010 29824020
mal᷊aatahě|1|30519007
mal᷊ahasa|2|28391031 29857017
mal᷊ahe|32|23694008 24688031 24888045 25189046 26065004 26142015 26733004 26752025 26756016 26927016 26972031 27099020 27263011 28105038 28241019 28454014 28504039 28678024 28870016 29169031 29182005 29318008 29319005 29481006 29610022 29624007 29763011 30187007 30387028 30494021 30570049 30622020
mal᷊ahene|3|25493016 28761026 30379022
mal᷊ahẹ-lahe|1|25355013
mal᷊ahẹ-l᷊ahe|3|24526026 24533002 29104028
mal᷊ahimang|1|28210025
mal᷊ahimumu|1|30418019
mal᷊ahina|1|28658009
mal᷊ahoto|1|28982009
mal᷊ahuala|1|29766012
mal᷊ahumbal᷊ụ|7|25777010 26110009 30997016 31005003 31008002 31009002 31017021
mal᷊ahuweka|2|24278013 25139005
mal᷊ahěbung|1|24654009
mal᷊ahěngị|1|29681012
mal᷊aiakang|1|30236012
mal᷊aigasě|2|30002029 30056013
mal᷊aihạ|6|25665003 25838007 30324014 30686003 30792008 30807015
mal᷊aihạ-ihạ|1|30888011
mal᷊ain|3|28021020 28456029 30724022
mal᷊aing|484|23162023 23162040 23178031 23214017 23217009 23221008 23231034 23233028 23267036 23282025 23298016 23355004 23355019 23355033 23355044 23523017 23530019 23637013 23661010 23692020 23746010 23746022 23756009 23848033 23851006 23857011 23863015 23899004 23899010 23900007 23945017 23994017 24002005 24023010 24026011 24053004 24090024 24126026 24174006 24187015 24229015 24245021 24263017 24286051 24360028 24411024 24418003 24428045 24492011 24539019 24576029 24591006 24601014 24621026 24666028 24667015 24670006 24695009 24695015 24730012 24750022 24755007 24786028 24814006 24820028 24824020 24859030 24869020 24894015 24899031 24952020 24978004 25022003 25034039 25038005 25042036 25105005 25151022 25165024 25173013 25179018 25180023 25181019 25204004 25204017 25243021 25324008 25440025 25446014 25451017 25491016 25494009 25500005 25524019 25574004 25631025 25639022 25698003 25791013 25792011 25871003 25921027 25923013 25924008 25924020 25943022 25946008 25986022 26077003 26097019 26147032 26150026 26187005 26194004 26228020 26234024 26248009 26307013 26315010 26316024 26322002 26325017 26332025 26334008 26351033 26381005 26393012 26401031 26456003 26462022 26496026 26498006 26528030 26546011 26557017 26576009 26590029 26591006 26634017 26645015 26646011 26651018 26663012 26672022 26676010 26678030 26688027 26744034 26761022 26770004 26770014 26779014 26780011 26782022 26861019 26863006 26876010 26891011 26891026 26894017 26912020 26941014 26981003 26986022 27022046 27033013 27059007 27069029 27081005 27097016 27097025 27109015 27125039 27125049 27145004 27184018 27190004 27212005 27244038 27283031 27286017 27298025 27305021 27309019 27320024 27325007 27326031 27338003 27341016 27344033 27388043 27399024 27412005 27416005 27416014 27418022 27422006 27430012 27433007 27442025 27450050 27453032 27470031 27475006 27478005 27484003 27506004 27509021 27510008 27510025 27526004 27530052 27537020 27548018 27549003 27590025 27598027 27607028 27613023 27683019 27689044 27708061 27725012 27726004 27734017 27779005 27783003 27785005 27801015 27819010 27833004 27834033 27878006 27896018 27922005 27958004 27963021 27966008 27978020 27988011 28022033 28035003 28037029 28039042 28040045 28047002 28047007 28062025 28062030 28064004 28069042 28100025 28134014 28146007 28179004 28180012 28185003 28219003 28226016 28226038 28232046 28273004 28287038 28311019 28313003 28318017 28334021 28341025 28377015 28391020 28458053 28476018 28528020 28533003 28539023 28563008 28585012 28641019 28643020 28644004 28646005 28648041 28661013 28661027 28662014 28694018 28694029 28723011 28724014 28740023 28747034 28758020 28759019 28760012 28781008 28787026 28796026 28805027 28806015 28807023 28808021 28808032 28811014 28812004 28814058 28828046 28835016 28853019 28857015 28858011 28859022 28870014 28871022 28873020 28874013 28875013 28889030 28896025 28907006 28907010 28925040 28941021 28944024 28952008 28955011 28961054 28963007 28963016 28967027 28969017 28979035 28985034 28988007 28993021 28994028 29002006 29004011 29012008 29012018 29018008 29019006 29019017 29033012 29039005 29041045 29048026 29048045 29053016 29095008 29095017 29099028 29117022 29144017 29188014 29190042 29202007 29203039 29220003 29252010 29258014 29283008 29294012 29303017 29305022 29307010 29317011 29328014 29328022 29334017 29338005 29410006 29420030 29476031 29505009 29507014 29522021 29531028 29555007 29566015 29571003 29571026 29577004 29585008 29597058 29618018 29636004 29662014 29742005 29743004 29784015 29815026 29838020 29840009 29864035 29867023 29905005 29913004 29966033 29967019 29968016 29974003 29982006 29991003 29991015 30037008 30041005 30071009 30074020 30077013 30124005 30149009 30151004 30168004 30245027 30254007 30262030 30305026 30313015 30329017 30336013 30344029 30346008 30352014 30372003 30382019 30382033 30387054 30431004 30475026 30479009 30483030 30484041 30505005 30514012 30541020 30544011 30553025 30559009 30572023 30574020 30583024 30615019 30619021 30626028 30640022 30647033 30657008 30659011 30664025 30667020 30671016 30684031 30685046 30763009 30768016 30794010 30800037 30862003 30871004 30879004 30879027 30879041 30902042 30913020 30916003 30921012 30944019 30949015 30958013 30963014 30966020 30975008 30985031 30987019 30991003 31005007 31028028 31043020 31043053 31052017 31078015 31082003 31090020 31100014
mal᷊al᷊ẹ̌gadě|1|25640008
mal᷊amuhụ|10|23652016 23654006 23944028 27316018 27463021 28295023 28295032 30298019 30688016 31092009
mal᷊ansị|1|30354011
mal᷊anting|1|29017014
mal᷊aobotě|4|24945008 29793003 29858005 30471041
mal᷊aotohě|1|30914008
mal᷊awọ|73|23330016 23339006 23417009 23563020 23968005 24299005 24321004 24325011 24326006 24344022 24376007 24392004 24396011 24410016 24439003 24477020 24798018 25091007 25366007 25476017 26144020 26214005 26260008 26324005 26384010 26412009 26524002 26571032 26592007 26605035 26618003 26699006 26705025 26708005 26716019 26910032 26956005 27109019 27183020 27230008 27259011 27329009 27332022 27406015 27416025 27436011 27566017 27646012 27772034 27848020 27923015 28251010 28585021 28631003 28647019 28649015 28655003 28806009 28812044 28829018 28970010 29008002 29044025 30042012 30088011 30185017 30503005 30605040 30738025 30820052 30831020 30892036 31019010
mal᷊awọ-l᷊awọ|9|23364002 23376009 24296011 24298004 24374024 30839015 30907006 31024010 31047031
mal᷊awọe|1|25217017
mal᷊aělludě|1|29807010
mal᷊aěludě|1|28970046
mal᷊ekesě|1|28856030
mal᷊endạ|2|30953024 31026003
mal᷊enehě|2|29420031 30599021
mal᷊iewehě|1|29039024
mal᷊ighạ|10|23425008 24329012 28088014 28184005 28357009 28566032 29183013 30106024 30502072 30887012
mal᷊intoị|3|30200019 30863007 31015005
mal᷊intụ|2|26096019 27180016
mal᷊iu|3|28516039 28520008 30424020
mal᷊iwirě|10|23200037 23202005 26418014 27721018 28066026 28094027 28241021 29046058 29888031 29967037
mal᷊iwirẹ̌be|1|30238058
mal᷊oahě|5|23330014 24770008 27107006 27293019 29232019
mal᷊oang|1|25647013
mal᷊ondo|3|24949008 24972004 25182049
mal᷊ongge|2|24014006 26017013
mal᷊ongge-longge|1|27863013
mal᷊ongkọ|9|23718005 24558008 24719024 25100010 25343005 26560008 27168002 30083012 30539029
mal᷊owọko|26|26781005 27774013 27827019 27885023 27941008 28088041 28328010 28803003 29051008 29209014 29268004 29270003 29307004 29364002 29404028 29407043 29410003 29423006 29444010 29475029 29562028 29853011 29942004 29945005 30056006 30376028
mal᷊ua-l᷊uasě|4|23179021 27411012 27415007 27518023
mal᷊uasu|2|29454015 29795013
mal᷊uasě|54|23560017 23705019 23926009 24340017 25492015 25598020 25944004 26150018 26246018 26279004 26438006 26438020 26539003 27535016 27639017 27780035 27902020 27907018 28259023 28311014 28335025 28336013 28356016 28435010 28672012 28794003 28828040 28828047 28924054 28926005 28933003 28937008 28945004 28962051 29033013 29038004 29092016 29380028 29453012 29461056 29490005 29500018 29531021 29567023 29814020 29901004 29953026 30168026 30204026 30259049 30272038 30658028 30662003 30663008
mal᷊uka-l᷊ukadě|10|23845002 24131002 24661003 24828003 24876002 24883011 25993004 26384002 27081011 27747002
mal᷊ukade|1|23676002
mal᷊ukadě|14|23623009 23794019 23796003 23803010 24456023 24852006 24972019 25865002 26965017 27356002 27519002 27638024 27923024 30499037
mal᷊umbạko|1|29467039
mal᷊unsemahě|4|23489025 24988011 25646027 29341006
mal᷊uwahang|1|30964005
mal᷊ěga-l᷊ěgadě|1|26584010
mal᷊ěgadě|2|24062019 24064006
mal᷊ěhubě|1|26009019
mal᷊ěmbe|1|30240016
mal᷊ěmpị|2|27860025 27863069
mal᷊ěnggihě|11|23468011 23946024 25221009 28177030 28177036 28355025 28659008 28762021 30296011 30297010 30297023
mal᷊ěttu|1|24860003
mal᷊ětu|5|23798009 24175004 25566015 28280014 30714023
mal᷊ẹ̌gadě|1|24758034
mal᷊ẹ̌tu|1|27711010
malạekat'E|6|24108018 27349026 29971015 30699041 30752028 31087028
malạekat'i|1|23738017
malạekat'u|18|23165020 23169011 23183008 23189013 24905004 24983004 25468026 25469025 25599003 26215002 27203005 27263017 30719002 30726002 30730002 30736002 30748002 30754002
malạekate|2|30687026 30901034
malạekatewe|1|30831002
malạekatu|3|27361005 30718024 30761002
malạekatě|141|23221007 23579023 23581007 23589007 23700008 23903022 23989011 24040011 24050031 24199002 24539035 24750013 24906005 24907003 24912013 24920014 24923003 24924002 24928009 24984002 24987007 24989002 24991016 24994026 24995021 25074014 25075004 25328033 25643008 25816006 26015017 26015020 26610024 26880005 26881002 27081008 27117021 27147011 27152047 27155015 27170002 27264007 27267003 27321013 27345002 27345029 27346003 27346025 27347005 27347020 27348035 27353026 27743019 27744039 27879006 29122042 29968008 29968023 29969013 29969036 29970019 29971003 29977011 29978009 29980007 29983002 29985011 29987018 29994005 30235026 30244028 30387052 30447021 30679004 30679022 30682005 30782005 30791008 30812005 30813004 30813024 30813027 30822002 30822019 30830004 30832015 30833003 30834007 30836002 30838003 30840002 30841026 30842003 30852012 30854003 30855006 30855010 30856002 30865013 30867002 30869003 30870025 30871008 30888003 30899023 30933004 30935005 30936004 30937035 30942003 30944007 30945003 30945024 30946002 30948015 30953002 30954016 30955019 30958003 30959003 30960003 30963003 30965002 30967003 30972003 30977006 30979011 30983002 30995005 31015003 31027002 31028006 31035004 31042003 31063004 31064010 31066014 31071003 31071023 31087002 31089024
malạekatẹ̌-Ku|1|31097008
mamaehě|6|23726024 23727015 23797016 24688058 24688067 25802016
mamal᷊awuhu|1|29575031
mamal᷊isu|2|28446022 28447010
mamal᷊isě|6|23281019 23700021 27969006 28265006 30164017 31093017
mamal᷊iu|1|23255012
mamameang|1|29826028
mamamenteng|1|25210009
mamaměnsạ|1|23418009
mamaměnsạe|1|25366012
mamane|1|28456022
mamangung|1|28682014
mamanikạ|1|28955022
mamansagě|1|27502012
mamantelě|2|24951005 24980011
mamantugě|1|26609018
mamara|4|23533013 25252016 25430013 30202016
mamasaěng|2|23456006 25581004
mamate|15|23256016 23256019 23504013 23781013 24131011 25550027 25709012 25722006 25779023 25796008 25867011 27960014 28276009 30305013 30924014
mamatung|1|23501032
mamatạ|3|25428010 28743014 30990024
mambelain|1|28931038
mambem|5|25424017 28369025 28401013 28691010 29051025
mamben|70|23350042 24134006 24470006 24774008 25122045 25355012 25429005 26163007 26313004 26406017 26768025 26783012 26837015 26927023 27736024 27744034 28023016 28037021 28055006 28124025 28157006 28301032 28384032 28391002 28438016 28461005 28465015 28466045 28507010 28536046 28556003 28617029 28619020 28693010 28696014 28748026 28751029 28833014 28919029 28922012 28931025 28957027 29000004 29213012 29215008 29242006 29291019 29351036 29414009 29518026 29554038 29567020 29595036 29599009 29603019 29742014 29878015 29906005 30145023 30407004 30455005 30478041 30501002 30543008 30583012 30624033 30639018 30671027 30731045 31087012
mambeng|151|23166010 23176008 23250013 23340008 23352015 23356038 23441018 23460026 23497024 23520023 23662009 23721036 23902007 23960014 24088019 24109018 24494018 24551007 24558016 24580017 24613017 24698006 24784015 24786015 24793018 24793028 24819030 24832005 24894027 24898016 24943013 25196030 25299015 25383023 25429017 25454019 25457024 25490019 25530024 25572021 25621004 26017009 26031008 26154013 26199034 26243013 26248015 26298004 26311023 26313010 26321011 26396013 26413024 26418013 26426045 26434019 26461019 26465018 26465028 26589003 26608025 26638008 26651002 26652007 26708015 26772048 26794015 26822035 26823046 26861024 26923027 26940012 26978016 27050003 27168028 27214007 27239019 27318002 27336033 27349022 27353016 27409019 27418030 27448027 27494017 27585051 27612032 27802018 27826010 27843009 27849015 27868004 27942003 28158003 28170017 28285031 28306006 28462028 28470016 28532021 28603003 28655002 28669027 28825017 28835028 28920018 28921028 28928022 28959006 29013018 29042019 29092015 29099046 29104009 29147026 29174023 29370006 29382009 29417019 29453036 29457016 29491013 29591002 29595027 29653019 29675010 29724027 29756014 29897005 29932004 29935009 29980017 29984032 30136008 30138002 30190031 30206019 30234007 30314003 30341012 30371026 30495012 30581017 30631042 30650003 30662037 30664006 30693024 30729020 30960013 30961026
mamea|13|23164023 24539003 24539020 25328014 25414035 25624024 28189046 28980004 29011003 29292006 29693026 29989032 30189024
mamean|1|29843019
mameho|1|24877015
mamene|1|28317012
mameru|2|23274024 25176004
mametọ|1|28503018
mamewe|1|28790011
mamihing|4|29179011 29190020 29736007 29744012
mamihua|1|28840029
mamillasě|1|24693038
maminasa|2|25098015 30201022
maminasang|1|30992032
mamingkahě|1|30784015
mamohe|3|24897016 30150034 30866010
mamokạ|2|29666038 30876016
mamol᷊eng|1|25518033
mamombeng|1|27946007
mamombengu|1|27940037
mamuka|3|23470027 25458008 29225006
mamul᷊aho|1|23519010
mamul᷊o|1|24474017
mamunara|1|28177009
mamurẹ̌si|2|28918018 30550031
mamutusu|1|27792019
mamědi|1|26857052
maměka|1|30782014
mamělli|2|24445019 25315033
maměllọ|5|23250014 25262017 25953008 27918011 29399005
maměllọu|3|24345027 24464021 25439014
maměmbing|1|26967010
maměnsạ|5|26192011 26194014 29197012 29198026 30942034
maměnsạu|1|29197033
maměpạ|1|30740005
maměsụ|2|23164015 29149020
mamětị|3|23705024 24170011 26116019
mamětịewe|1|24813023
mamẹ̌di|1|25383018
mamẹ̌gong|1|26917039
mamọdaị|1|27434019
man|6|23292016 28585005 29248021 29277014 29544026 29714023
managhuang|7|25327006 25794034 26312009 26394029 29966035 30637012 30637016
managhupia|3|24911044 30116028 30804020
manahaghe|1|25694009
manahani|1|23204023
manahimata|1|25504008
manahuntěngadě|3|25132007 29133005 30478034
manal᷊udě|2|23363018 30255015
manal᷊ukạ|4|25076010 26264015 27069012 30878004
maname|2|25799021 25917023
manamedě|1|27740031
manampung|1|25553026
mananaghuang|2|28409004 28518025
mananaghuange|1|27064021
mananaghurihine|1|30324027
mananahimata|2|27204025 29900002
mananal᷊amatě|4|24740003 27390022 29988012 30040005
mananal᷊iu|1|23839022
mananal᷊oara|2|27155013 29722010
mananal᷊oarane|2|29123009 29123015
mananandu|2|25826013 30820038
mananandụ|1|24712018
mananandụ-nandụ|1|24714019
mananarimạ|1|30666011
mananawuhě|1|23558006
manandu|4|28615014 28905008 29718012 30264021
manandu-nandu|2|23933032 25827021
manandụ|7|26828025 28616014 30752010 30805009 30824015 31031002 31034003
manandụe|1|23290026
mananentirong|1|24708005
mananilakehe|1|23816026
mananipo|1|25484011
mananodọ|1|25689020
mananomạ|1|25118032
manantạ|1|25234024
mananumběka|1|30337032
mananumpang|2|30186037 31011017
mananěmbonang|2|24672007 29510013
mananěmbonange|3|25800036 26205008 30930011
mananěmbonangu|4|24675019 24686003 26203025 30682004
mananěnggạ|1|28982011
mananěntiro|62|23528005 23635005 23908006 23932005 23933005 23942005 23944004 23946004 23948004 23953013 24238021 24532027 24622021 24675015 24828018 25020021 25125016 25129002 25138008 25154003 25158003 25226006 25389005 25393002 25557006 25558002 25779014 25781025 25799002 25819003 25826005 25867005 25931011 25946006 26083034 26131007 27094014 27114015 27364011 27542002 27708030 27744011 27983004 27983008 27984011 28663025 28664012 29284034 29704005 29821014 29874027 30043009 30321011 30321020 30503013 30503021 30504008 30511020 30512012 30513003 30518003 30520003
mananěntirone|6|23442007 23443008 25187006 25187013 28449020 29195010
mananěntirong|36|23174010 23255014 23346010 23365003 23391017 23694030 23711009 23811020 23842006 23921002 23934005 24112016 24267004 24277034 24311002 24465007 24469008 24550010 24555007 24659006 24668022 24702004 24706002 24709011 24712010 24756019 24798032 24808019 24858008 25324023 25451004 25452009 25458005 25459009 26385004 27028013
mananěntironu|1|29868030
mananětiro|2|24171008 25591005
mananětirong|1|23383002
mananẹ̌sui|3|26807006 27750038 27770010
manapu|1|25597022
manapuạ|1|25325022
manarakang|9|23260004 23260027 23260033 23439033 24070015 25326015 25871012 25887014 28332008
manarakangu|20|23259025 23439007 23698015 24005005 24030020 24032020 24536013 24765019 24766024 24776019 25587022 25796013 25886004 25913013 25982012 26713012 27844018 29038008 30190033 30993023
manarimạ|49|23354012 23429014 23431006 23431021 23432007 23458003 23458016 23459012 23459029 23460029 23733005 23733015 23745005 23745022 23775038 23792028 23792038 24419014 24619044 25202036 25226010 25350010 25355008 25591017 25625010 25790016 26193004 26246019 26651009 26651019 26651026 26651030 27196019 28028027 28134018 28134031 28179021 28199009 28238005 28932029 29070004 29132017 29195003 29460007 29543008 29978029 30025004 30074011 31061007
manarimạu|6|23458007 23458012 23459003 23459020 24580019 28945012
manasa|3|28249013 28254006 28254012
manata|1|27936018
manaweng|1|30796028
manawo|11|23447014 25186022 25559018 25649017 28189037 28294026 28537010 29738015 30165005 30561022 30697011
manawụ|1|30723032
mandorě|2|25526007 25527002
manelohě|1|30896029
manenggeh'u|1|24602015
manenggehě|4|23400028 23634009 24393007 25704015
manengkelě|2|25416016 25496015
mang|270|23193010 23288026 23309024 23313015 23315003 23342016 23355057 23400032 23411005 23477012 23477025 23515031 23515050 23516019 23600012 23621020 23684007 23735015 23738020 23807010 23859048 23923012 23927013 23928018 23929013 23964018 24090013 24095032 24096021 24111002 24117015 24126025 24128020 24213016 24216015 24235003 24261005 24261040 24280023 24294011 24351014 24431018 24434016 24464019 24547012 24549003 24557034 24616020 24703018 24706025 24738021 24792028 24795015 24804020 24816004 24825022 25014016 25026004 25087010 25159017 25205028 25208030 25228025 25228037 25288002 25289026 25340015 25342015 25343011 25385039 25406004 25408020 25414015 25414039 25430014 25430022 25445010 25452025 25453014 25454027 25467005 25484022 25486004 25514026 25515017 25526022 25528011 25541016 25542008 25553042 25577016 25605018 25674027 25677005 25741020 25867007 25883007 25922009 25932026 25977013 26016017 26059023 26063007 26137015 26139026 26153011 26170008 26228011 26255021 26293018 26294019 26314008 26335016 26336012 26369020 26388022 26423026 26450006 26507013 26523027 26598021 26605019 26618017 26632032 26644010 26649027 26678016 26700003 26707024 26731012 26763014 26811026 26850053 26893052 26911012 26924013 26938003 26978022 27012007 27027018 27044028 27102016 27103007 27126024 27127002 27127012 27152033 27170014 27293018 27294007 27294014 27299022 27353011 27354004 27374008 27489012 27572030 27573018 27575022 27588035 27603027 27624038 27668019 27727003 27773003 27816027 27883010 27904043 27906027 27917055 27940022 28001030 28004017 28022004 28043003 28135012 28178018 28187021 28201017 28210016 28223028 28238039 28286024 28369032 28457004 28476026 28532027 28534008 28581019 28617022 28623050 28639009 28639013 28640014 28641021 28643006 28655007 28675015 28679027 28750009 28808004 28823028 28922022 28931003 28935017 28960043 28987028 28999051 28999057 29024009 29029005 29029025 29099024 29223013 29232025 29273004 29278005 29278008 29279002 29288025 29325011 29380022 29390005 29409025 29517005 29555019 29563004 29563027 29570036 29590003 29653008 29710017 29799013 29804016 29814010 29822034 29861009 29899010 29908004 29975013 29976021 29984022 29989024 30020011 30028013 30054014 30113023 30161004 30166035 30190036 30260021 30324019 30325026 30400005 30437004 30439014 30443005 30515027 30546020 30570036 30613012 30669024 30677041 30732005 30847014 30872020 30919005 30919014 30923038 30964026
manga|2161|23146006 23146022 23147006 23151012 23151035 23157013 23174009 23183003 23186027 23188013 23193015 23196010 23198010 23202017 23203008 23213017 23221006 23233012 23236018 23252011 23254008 23254032 23255013 23255017 23256005 23268005 23278010 23278015 23279009 23280005 23282008 23285031 23290009 23309034 23311008 23311012 23312017 23320009 23328014 23329021 23332003 23337003 23339037 23339042 23346009 23355016 23362026 23364020 23369008 23371002 23375005 23377002 23377022 23378017 23378021 23390032 23391011 23394003 23394027 23398007 23399005 23414019 23415021 23417006 23419019 23420024 23426015 23435011 23436009 23449011 23461006 23461028 23467002 23473009 23476013 23491013 23493017 23494034 23495017 23509011 23514021 23525006 23525023 23527004 23528008 23529005 23537013 23538011 23539007 23539019 23546007 23547007 23547014 23550002 23556011 23566002 23566007 23566011 23567002 23568013 23568021 23570016 23572032 23579004 23579022 23581006 23588024 23589006 23595017 23596007 23600007 23610003 23611026 23613002 23613030 23615012 23617042 23618009 23619014 23619017 23620006 23622004 23624002 23631002 23636002 23646002 23657008 23660014 23661012 23666005 23667002 23670027 23671013 23672002 23672018 23672021 23678003 23680002 23680007 23685002 23685023 23686016 23687029 23693006 23694010 23694023 23694025 23694029 23697007 23700007 23704005 23707002 23714002 23717007 23720003 23723003 23724014 23725005 23729004 23731015 23738016 23743031 23751019 23756015 23759002 23763030 23773002 23774009 23776004 23776020 23777006 23777009 23777021 23778009 23786006 23788002 23791025 23792018 23801010 23811015 23811019 23813008 23817005 23818016 23835006 23835016 23839020 23841004 23842002 23842010 23842023 23846020 23847003 23850019 23851030 23852015 23858014 23858033 23859025 23859029 23860042 23861013 23862002 23862007 23863005 23867017 23872003 23876004 23877006 23877024 23879006 23880019 23881006 23883002 23884007 23886006 23888002 23888019 23889005 23913009 23917012 23919015 23920010 23923004 23925008 23925012 23925018 23926006 23932004 23933004 23933017 23934004 23935004 23942004 23942027 23942036 23944016 23945010 23945013 23946017 23948021 23949012 23949029 23950014 23953007 23953012 23956030 23959010 23960022 23961015 23977005 23977011 23980002 23982015 23989010 23990007 23994008 24001004 24003022 24007010 24014008 24019002 24023025 24028006 24049018 24050030 24056014 24058004 24058008 24069017 24072009 24073032 24077003 24081025 24082016 24086006 24090020 24091007 24093005 24095008 24098009 24100010 24102032 24102036 24111011 24112015 24112020 24113024 24133027 24142005 24148010 24150002 24155010 24157003 24159006 24171003 24171007 24171012 24181019 24183005 24184004 24185004 24186018 24192007 24192011 24194013 24201005 24203006 24204003 24204018 24205005 24206011 24207003 24207022 24208006 24209008 24229022 24235018 24237004 24238020 24245004 24246014 24252005 24255014 24255019 24261032 24276030 24277015 24277028 24277040 24279005 24279039 24280010 24284015 24285013 24286028 24286063 24296004 24297016 24298009 24301009 24304009 24306006 24306018 24309019 24310009 24311016 24320006 24321019 24323020 24331010 24331017 24334016 24337021 24351011 24356020 24358020 24359009 24360009 24360035 24364006 24367015 24368013 24369010 24370007 24370010 24375014 24377014 24378007 24381010 24384013 24391009 24409009 24411022 24414013 24415004 24415021 24416011 24420002 24421008 24429021 24429024 24430019 24434031 24437003 24439014 24439024 24441036 24443004 24444015 24444019 24445036 24449035 24451007 24452003 24452011 24453007 24455005 24466004 24469003 24469007 24469017 24469032 24479002 24481013 24483018 24491019 24492005 24492013 24492017 24502022 24507034 24507042 24508008 24508017 24508023 24509008 24509018 24511005 24517002 24528004 24528008 24529024 24532007 24532020 24532022 24532026 24533009 24534008 24535013 24539034 24543006 24550009 24553012 24553028 24555006 24555014 24557024 24567008 24569004 24570006 24572017 24575023 24599008 24602006 24602022 24603012 24603015 24605008 24608006 24612005 24615008 24618026 24619029 24621004 24621015 24621034 24622016 24622020 24629029 24630004 24631016 24631028 24635014 24654032 24656034 24656039 24657007 24659005 24660006 24668018 24668021 24668025 24672002 24672006 24675011 24675014 24675018 24677002 24678010 24680027 24681002 24686002 24699003 24700027 24709010 24712009 24712023 24713013 24714004 24717006 24719009 24719015 24719020 24720009 24720019 24726032 24727022 24727030 24727033 24729035 24735008 24736004 24738002 24740002 24740006 24740019 24745005 24745016 24745020 24746007 24752015 24753029 24756018 24765016 24767017 24769020 24770018 24774003 24777024 24778019 24786024 24787014 24792008 24795009 24798011 24798028 24798031 24798035 24808014 24809024 24819007 24828008 24828011 24828017 24837006 24838002 24843004 24844015 24858003 24858007 24867005 24868005 24868022 24875020 24881008 24884011 24888008 24894002 24896017 24899023 24903007 24911021 24911025 24918015 24930004 24936010 24948009 24964004 24966006 24971004 24975019 24982005 24989013 24991015 25006005 25018028 25020020 25021009 25028003 25034031 25035010 25038002 25049012 25066020 25074013 25079005 25089029 25090014 25100011 25100020 25107018 25108008 25115010 25115039 25118003 25118012 25119004 25122040 25125015 25125028 25125045 25129005 25138007 25138017 25138031 25141019 25142010 25148014 25149012 25150019 25151027 25151036 25158002 25160010 25160030 25164010 25164026 25164041 25167004 25173015 25173021 25174016 25180009 25182039 25199017 25202020 25204015 25208011 25220003 25225021 25226005 25228005 25247012 25248005 25249017 25249032 25265005 25266012 25271006 25272004 25273037 25278028 25279002 25281002 25281024 25282011 25302002 25305003 25305024 25310018 25312002 25314036 25314041 25316014 25318037 25319009 25320011 25321026 25323006 25324015 25324018 25324022 25328032 25330005 25334007 25342006 25345029 25346006 25347002 25348003 25350006 25352011 25356004 25359005 25377011 25377029 25380006 25381018 25384007 25387006 25398009 25398020 25399023 25402006 25403016 25407017 25407030 25411004 25425008 25437011 25438023 25444009 25447016 25448016 25448022 25449020 25452008 25452014 25452029 25453010 25453016 25454014 25454023 25455014 25455017 25458004 25459008 25459012 25460016 25461014 25461022 25467017 25468025 25469024 25471006 25478018 25482006 25484002 25484014 25484031 25486011 25487003 25487008 25487029 25493008 25496002 25497003 25497020 25498004 25499004 25502014 25505023 25516022 25538020 25538029 25541011 25541014 25545023 25553004 25553034 25557005 25557009 25558005 25561006 25566021 25568022 25573016 25575023 25577006 25577010 25578007 25580018 25591004 25595009 25595012 25598011 25598014 25604018 25611005 25615007 25618035 25618048 25622005 25629018 25629029 25631006 25631012 25631022 25631029 25637009 25650008 25650015 25650026 25652013 25653005 25654021 25666013 25674007 25683014 25690010 25704002 25704005 25704021 25705005 25705011 25705015 25706009 25706014 25709005 25718017 25720023 25723005 25747017 25749010 25769015 25771016 25772010 25776013 25779013 25779017 25780019 25781024 25790019 25791018 25792013 25794003 25795028 25796009 25799005 25816012 25820010 25823004 25825012 25826004 25826018 25826032 25827004 25832014 25838017 25839018 25839028 25839031 25839037 25842012 25842016 25843007 25843013 25843016 25850006 25850011 25852007 25852011 25852016 25853017 25857002 25858007 25869009 25869013 25876014 25879012 25889002 25897026 25900025 25903003 25904014 25910010 25912017 25914002 25915008 25917007 25917011 25930003 25931002 25931006 25931010 25940008 25946005 25947004 25949004 25949007 25951022 25963009 25964019 25965010 25965020 25966009 25966016 25971006 25985008 25992008 25993005 25993012 26000002 26002008 26002025 26003003 26003008 26003021 26011025 26012005 26015019 26016014 26017018 26019017 26019024 26025025 26036032 26036036 26064006 26082008 26090030 26096016 26098004 26101008 26103005 26107028 26108011 26108016 26110017 26111010 26112007 26113002 26118012 26143006 26155006 26159010 26163021 26164002 26169022 26184004 26188004 26190002 26192020 26197003 26205015 26208009 26209019 26210026 26221003 26226008 26229006 26235003 26261009 26268023 26270008 26270011 26274004 26280022 26282011 26282021 26283003 26284018 26303005 26318012 26319006 26319022 26321024 26321031 26324007 26325007 26330019 26332002 26332022 26334002 26338007 26339002 26340005 26348007 26348018 26351020 26361019 26361028 26364002 26367018 26374012 26377005 26385003 26385007 26387011 26402018 26404002 26411013 26413007 26423016 26434032 26435009 26443002 26457005 26463016 26474012 26486002 26486013 26490012 26493012 26494009 26494016 26494027 26495019 26496021 26498003 26508013 26523015 26525009 26531009 26540008 26540011 26556025 26571006 26571012 26576015 26578035 26581006 26583017 26591003 26594006 26597004 26600002 26600015 26617018 26633004 26636015 26664023 26684012 26690004 26705011 26705035 26710006 26713006 26714004 26724002 26744004 26756002 26787010 26787026 26788018 26789016 26789024 26798002 26798006 26798009 26800008 26802009 26804006 26804009 26805010 26806018 26821021 26822011 26822031 26828008 26832003 26839005 26849002 26857061 26858002 26860012 26862016 26864031 26865030 26866019 26878003 26885025 26886008 26887009 26887018 26887027 26893002 26894004 26898014 26900013 26901017 26902006 26904007 26909009 26911019 26913012 26914045 26915037 26916060 26918002 26922007 26926026 26926029 26927018 26930003 26932021 26936003 26936017 26938012 26938023 26939011 26950025 26953006 26956015 26961036 26964008 26967020 26967035 26968002 26969012 26972026 26972034 26972039 26987020 26988006 26992009 26993006 26995004 26995007 26996020 27002012 27013046 27014016 27016003 27018021 27021016 27022005 27022010 27022022 27024009 27024012 27024022 27027008 27027022 27028012 27029021 27031015 27032016 27033002 27033028 27034019 27038005 27042017 27046012 27046022 27046026 27047002 27049008 27050014 27052016 27056004 27058006 27059018 27059032 27062016 27066002 27070016 27072003 27075012 27077007 27079009 27079014 27079024 27081002 27081030 27081041 27081053 27082016 27084008 27084020 27085018 27086014 27087002 27087006 27089004 27093002 27093017 27094032 27095008 27096019 27100002 27104003 27107009 27108009 27108016 27109009 27109021 27114008 27114014 27114032 27115006 27115033 27119009 27120006 27121031 27121036 27122006 27122023 27122049 27125051 27129015 27130014 27130033 27131017 27133021 27136013 27136028 27153015 27155024 27157013 27159012 27159026 27165016 27169004 27169018 27171002 27178026 27183002 27183014 27190016 27195009 27201020 27209004 27209033 27210017 27212012 27218009 27231011 27232027 27232038 27232042 27236014 27236019 27237008 27238039 27240003 27242005 27243013 27244013 27248020 27255010 27256031 27258023 27260006 27267022 27274012 27279004 27283023 27284016 27284022 27308025 27314009 27314013 27314016 27314020 27335005 27337013 27338018 27344029 27352017 27355037 27356007 27357020 27357036 27364007 27364010 27376006 27378012 27378022 27378033 27380006 27383023 27390008 27390029 27390054 27394038 27395017 27401003 27401046 27403015 27405029 27406027 27413002 27413008 27414002 27419018 27420020 27421002 27428010 27428014 27428031 27432008 27433003 27437009 27437044 27437049 27445035 27447018 27447022 27449002 27449005 27453018 27453022 27458007 27464015 27465004 27465014 27466002 27466016 27466036 27467023 27468015 27470011 27471020 27475012 27479016 27483011 27488019 27488022 27488030 27496026 27497037 27499021 27500049 27501027 27502003 27503003 27503030 27504008 27506013 27506023 27510011 27511012 27517016 27519003 27521006 27521045 27526029 27528023 27530021 27530026 27532002 27533002 27538003 27539007 27541026 27546032 27547012 27549006 27552036 27553007 27554023 27558031 27573008 27573012 27573031 27585025 27595050 27595068 27599037 27600002 27605011 27610035 27611007 27611011 27612022 27624005 27624032 27626029 27652035 27656009 27656025 27661016 27670026 27672015 27677008 27681004 27682009 27686040 27692014 27696004 27697006 27697011 27697034 27700010 27700024 27706005 27708042 27708049 27716010 27717018 27724014 27734005 27735027 27735032 27740008 27741007 27743023 27749006 27749010 27750004 27750009 27762016 27766002 27771010 27782021 27783008 27784047 27793023 27799002 27799006 27804023 27806028 27808024 27809004 27812007 27812011 27815002 27820020 27820025 27823025 27830019 27832003 27834016 27835007 27835026 27836012 27837026 27841012 27846036 27850045 27851014 27853017 27855015 27858023 27859017 27863003 27867014 27869011 27875002 27875008 27876003 27881003 27886002 27887010 27888003 27889035 27894011 27896002 27900013 27903004 27903008 27910005 27921019 27923042 27923051 27925038 27932002 27933010 27938009 27938030 27939017 27939027 27940005 27946013 27951008 27954009 27954017 27954021 27957022 27957032 27963024 27964003 27966004 27972016 27980008 27981004 27985025 27987021 28000019 28011033 28013028 28017040 28022025 28025002 28029030 28030008 28032007 28042037 28082016 28088029 28088055 28090011 28096007 28097013 28097035 28105041 28108006 28110005 28129003 28130026 28131011 28132031 28133016 28134007 28134020 28134026 28136007 28138020 28140043 28155020 28156009 28159002 28160013 28160052 28163006 28164008 28180014 28182018 28207032 28213006 28213010 28215006 28219006 28222013 28223007 28223020 28226035 28227003 28227030 28229009 28231011 28233003 28237013 28238023 28238035 28243017 28243023 28251036 28252007 28252028 28256002 28259005 28259011 28271045 28275004 28279016 28280005 28282013 28286011 28291002 28296012 28304009 28311004 28312020 28312023 28313005 28313030 28316015 28319003 28320014 28323002 28323006 28330013 28331017 28340007 28344038 28348013 28353019 28355023 28355034 28356030 28356036 28357019 28363018 28371008 28375002 28394006 28412032 28413007 28435012 28443006 28443019 28448019 28469020 28471013 28473006 28476029 28496008 28502046 28502053 28502060 28517006 28529003 28540008 28546017 28546022 28548034 28562041 28569014 28573015 28582004 28583008 28588020 28589017 28589034 28604017 28610015 28611007 28614002 28617015 28619007 28634003 28645017 28645062 28648014 28653010 28657003 28658002 28659002 28659029 28663018 28663021 28663024 28664006 28684022 28686009 28686015 28698004 28698013 28699008 28699024 28700020 28700035 28705002 28710009 28713001 28714006 28715003 28718005 28720004 28722005 28724023 28725024 28750018 28758017 28759003 28769004 28777003 28788031 28789021 28797002 28808011 28830018 28838025 28842043 28853015 28856021 28857008 28903013 28905017 28906015 28909027 28912006 28917014 28942027 28952013 28959029 28976013 28976019 28976026 28988012 28998011 28998021 28999025 29002013 29003005 29003018 29005006 29005012 29008006 29022018 29029002 29030009 29034043 29035009 29036011 29037036 29055002 29064004 29072024 29077005 29079006 29080004 29084022 29088005 29091010 29091046 29094007 29094026 29108010 29118032 29122041 29129020 29135016 29137006 29137018 29138005 29139030 29140012 29141029 29141045 29142005 29142008 29142012 29144028 29149011 29150006 29156025 29159011 29160009 29163002 29163011 29163021 29174004 29175003 29182008 29186013 29198008 29198018 29199019 29201006 29206015 29207008 29212020 29221016 29228018 29232007 29245008 29250009 29250012 29257022 29257025 29258016 29281023 29284005 29284012 29284016 29284033 29287009 29298003 29302029 29306005 29309007 29311006 29325006 29328003 29329013 29330003 29333004 29338014 29338030 29342012 29347007 29347016 29347028 29363020 29363034 29394009 29395003 29404003 29407011 29418006 29423002 29425044 29426007 29430003 29435002 29444003 29445002 29446002 29451002 29452013 29452018 29460016 29464018 29492024 29503014 29503037 29511017 29513015 29513022 29515011 29515037 29517016 29536003 29537003 29538003 29539003 29540007 29544011 29558006 29565004 29569044 29574018 29576018 29585011 29585033 29586009 29594013 29598005 29605002 29608002 29610032 29614019 29626002 29636006 29647007 29654017 29657031 29677003 29680002 29685024 29701014 29707014 29715015 29719002 29725009 29726016 29727004 29729005 29729011 29736008 29744013 29748029 29749028 29754008 29754043 29762027 29764029 29765013 29765021 29766002 29767003 29768003 29768007 29768034 29771002 29773004 29773014 29774016 29778007 29779004 29780010 29780022 29780035 29780041 29785008 29793017 29810029 29833013 29842025 29844002 29845002 29848007 29860015 29874026 29875016 29884020 29884025 29884029 29892023 29904017 29907006 29911004 29912004 29913006 29925011 29933006 29939017 29953006 29961022 29963004 29965012 29965020 29971002 29971014 29971020 29973034 29977017 29978008 29978015 29979011 29980006 29980009 29981008 29982022 29989006 29990012 29991023 29995011 30004009 30005002 30011029 30032026 30032029 30034016 30046009 30048013 30052017 30054002 30055031 30066024 30070010 30071032 30076004 30076018 30077005 30079029 30084008 30085018 30088006 30091043 30092005 30096025 30098005 30099017 30101008 30102009 30107006 30112009 30115014 30116018 30125020 30125037 30125054 30129005 30137003 30145020 30150024 30152003 30152007 30153002 30166005 30201023 30206008 30207019 30208004 30211018 30211028 30218014 30221008 30235025 30236008 30249003 30251033 30252016 30258012 30259004 30262026 30266019 30267007 30283006 30285009 30286006 30294012 30294016 30297015 30299004 30309004 30313012 30349050 30362004 30365006 30369010 30369016 30385008 30387002 30387051 30395015 30402006 30405006 30405026 30407019 30407028 30409007 30414004 30417006 30418010 30423020 30424032 30426005 30430009 30432006 30471011 30475014 30480021 30490003 30499015 30499047 30502012 30502019 30502027 30502036 30504006 30507013 30511018 30512002 30512010 30512020 30513002 30513062 30521014 30521029 30525006 30525008 30525022 30531002 30537003 30539045 30540004 30555013 30563006 30564006 30564026 30565005 30565018 30565037 30579002 30581014 30581023 30582012 30584014 30590005 30590010 30593003 30596031 30599010 30601002 30604006 30608002 30608013 30609005 30610006 30627012 30628010 30643011 30643031 30647007 30650009 30663013 30667011 30669031 30669058 30673037 30679003 30679021 30680019 30682036 30683003 30683017 30686025 30687025 30690004 30690014 30693004 30699028 30699040 30704008 30711002 30712004 30718023 30724017 30732053 30733012 30738026 30739009 30742016 30752027 30756009 30777020 30778031 30779032 30782015 30788014 30789017 30790010 30791025 30800046 30802052 30803016 30805019 30805027 30809024 30809028 30810002 30810005 30812033 30814012 30814025 30820043 30822012 30824003 30831024 30832004 30834006 30837016 30838022 30838025 30840021 30844007 30844023 30845007 30846019 30849007 30858009 30858013 30858033 30859018 30860002 30861023 30861027 30865010 30869021 30873013 30882022 30889007 30891030 30891032 30896007 30899011 30900009 30901033 30902049 30922006 30923011 30929026 30930010 30931015 30937034 30945037 30945048 30946012 30959010 30959013 30959018 30961011 30962014 30964031 30966014 30967020 30969006 30971003 30977040 30980015 30985020 30990025 30990034 30991015 30991021 30996022 30996025 30996032 30998013 31005002 31005023 31007004 31007023 31008006 31014010 31014013 31018012 31020034 31022002 31033014 31036006 31036011 31036016 31036021 31038021 31038037 31039016 31043004 31045035 31045040 31051017 31051050 31068017 31069016 31078012 31080005 31087023 31087031 31088017 31090027 31090031 31090039 31091008 31097016 31097022
mangadatě|1|27936015
mangaduhang|1|25518004
mangahạ|5|25186013 28254042 28254046 29181007 29185007
mangaku|3|28292020 28543017 29011004
mangakum|2|25468005 28198005
mangakun|6|23244013 24539021 25328015 26838032 29989033 30573030
mangakung|5|23450004 24539004 25328005 28199018 28543008
mangalo|1|24726011
mangal᷊amatě|3|25704017 28260018 29466005
mangal᷊em|5|23558003 23576024 25257003 25426012 28440032
mangal᷊en|8|24334029 25255007 25797012 25836020 25881013 26735017 29440026 30544024
mangal᷊ene|126|23168021 23252022 23308008 23518015 23733014 23935022 23939011 23940010 23941010 23973021 24054020 24163011 24176017 24306017 24406013 24466016 24485004 24498018 24582026 24732020 24849008 24861015 24923016 25350018 25461030 25493020 25961009 26083033 26087036 26229043 26304005 26436015 26448012 26649029 26740007 26745006 26824008 26943023 26962014 27059042 27253024 27277006 27279009 27472001 27544027 27613027 28023004 28063052 28065025 28072021 28105007 28108015 28110012 28112008 28146016 28195036 28196011 28226011 28226034 28392013 28463014 28480020 28507012 28587015 28667034 28668041 28689016 28732009 28736017 28737002 28879008 28889004 28982025 29034032 29084048 29103021 29119026 29119036 29124005 29165009 29167011 29203030 29214011 29232011 29282007 29309015 29333020 29337005 29384014 29392013 29435025 29436013 29451014 29460003 29480008 29490027 29492001 29493025 29503018 29634021 29986019 29995003 30067012 30067029 30115010 30117046 30174002 30174011 30343006 30349044 30379014 30628005 30652003 30765014 30852031 30926014 30937007 30938022 30969032 30977031 30981009 31056009 31062028 31063036 31083024 31100025
mangal᷊eng|4|23393004 28645060 28705010 30927012
mangal᷊ạ|8|23908013 24491016 25428018 25683013 26169015 26587022 27806006 30697014
mangambang|6|23166020 26628025 27899015 28116037 28116054 28812017
mangampal᷊ě|1|23463015
mangampung|14|23297017 23298006 23298018 23386016 24666029 24667006 24667017 25029040 25132020 25184038 25245022 26039022 28237012 30105003
mangampungbe|2|27199015 30370013
mangangahạu|1|23943005
mangangarẹ̌gan|1|28894007
mangangasị|1|25484008
mangangawasa|18|23276003 23436007 23987027 24148011 25204008 26572018 27532012 27533003 28155018 28403006 29510015 29515014 29804015 29986016 29986039 30447025 30469004 30809010
mangangawasan|1|28401028
mangangawasang|3|26459003 26612011 26887028
mangangimang|4|27417006 28500027 28501012 28913007
mangangimange|4|28502005 28502026 28503006 28595008
manganginung|1|29017012
mangangudạ|10|26967037 29775009 29778009 29850006 29913008 29915006 30471004 30564028 30565039 30807012
mangangumbele|2|30655004 30754021
mangangundang|2|23392013 24391010
mangangundange|1|25139010
mangatorě|1|29737013
mangawasa|3|25749023 25751010 25853018
mangawe|17|23619007 24378036 25288010 25316003 25906008 26005018 26102020 26108022 26542007 26584012 26907022 27064007 27290007 27593005 27605030 30829018 30850006
mangeken|2|23461024 30667022
mangiaking|3|25698016 27983013 29387002
mangiakingu|1|29368011
mangikị|2|23519016 28237003
mangilěmmụ|1|24434019
mangimang|150|23408022 23409012 23734014 23742016 23848008 23852047 23859022 24172032 24364018 24414007 24562015 24581014 24664029 24859020 24890004 24890010 24911032 24914013 25343017 25671016 25731012 25785029 25932028 26052011 26132024 26133004 26133016 26136005 26137021 26139003 26139012 26139021 26153015 26157004 26257004 26257011 26258006 26258019 26288017 26293028 26294021 26298015 26322008 26322022 26334010 26377016 26406032 26427013 26428023 26476028 26477014 26479002 26507015 26508004 26549019 26551006 26564016 26566025 26618019 26625007 26625016 26627014 26650022 26679006 26681007 26736007 26781033 26861020 26893055 26897021 26899009 27214008 27214018 27243027 27247004 27328005 27371030 27442042 27450053 27562021 27590034 27595018 27741052 27831029 27851008 27851021 27881017 27936025 27947017 27948026 27948044 28017019 28023008 28037016 28044004 28077011 28197029 28198015 28199005 28200008 28295009 28363026 28416029 28644015 28673009 28721022 28730037 29049040 29098014 29108034 29111022 29112013 29126005 29128007 29220021 29391012 29409021 29411002 29416002 29471003 29507027 29584052 29601026 29613017 29630023 29653031 29654029 29660015 29661056 29711017 29713034 29732016 29760021 29760034 29801040 29815027 29822023 29864023 30046054 30172006 30173017 30273007 30396009 30406027 30603011 30605007 30630010 30634003 30635022 30635038
mangimangbe|2|29683005 29911019
mangimangu|7|26095006 26459007 26619011 29173006 29173024 29618003 30179022
mangindunụ|1|27106008
manginung|27|23816008 24084006 24084013 24627019 24628016 24780007 24780015 24909015 25147006 25229011 25489012 25883010 26170004 26171005 26311019 26312006 27463037 27747016 27749028 27756033 28589013 28626026 28628011 28630008 30043044 30044004 30937004
mangirul᷊e|3|27166021 28674024 30025015
mangken|1|23970002
mangkeng|24|24500014 24500021 27109006 27362006 27606010 27606013 27874003 27997007 27999016 28068029 28317036 28825033 28860038 28932006 28987045 29420004 29653029 29653037 29844016 29867010 30080005 30490022 30541005 30541021
mangkewelain|3|28068010 28068019 28068035
mangkewen|25|23345012 23622014 23718011 24184010 24238006 24410026 24459016 24691023 25096004 25117008 25134005 25196025 25283018 25302006 25345004 25420023 25427005 25645019 27065021 27264010 27446040 28044003 29434015 29766020 30886028
mangko|3|24078010 26657013 26657028
mangobotě|1|29030007
mangoe|1|25189015
mangomol᷊'u|1|23956023
mangondol᷊'i|1|24561009
mangonggọ|18|25185009 25419024 25633016 25701008 26291018 26685011 26837008 28254019 28823030 28964009 29059032 29205019 29579008 29695012 29807013 29835010 29853014 30871016
mangonggọ'u|1|27970003
mangonggọben|1|29546009
mangonggọu|41|23266011 23287022 23327003 23328010 23328030 23433009 23821017 24003028 24766012 24850005 25181006 25181020 25414042 25492016 26167032 26310014 26510003 26549004 26716029 27938025 28069043 28149016 28228028 28228035 28337005 28581044 28643007 28757005 28780019 28803016 28937013 28959038 28965006 29166004 29364012 29897031 30179031 30251004 30484007 30656026 30694022
mangongkosě|1|28548005
mangoro|2|25142009 27502034
mangudạ|4|24609015 27828011 27828019 29775015
manguhasě|4|24468030 25445015 26639013 26645010
mangukahu|2|25192016 28910011
mangul᷊e|2|26500021 28239014
mangul᷊ị|1|27459021
mangumbala|3|28167024 28810018 29991008
mangumbalang|1|25632018
mangumbele|1|30029007
mangumbelẹbe|1|28721004
mangumpaedě|1|30063035
manguruisě|1|26841022
mangurusě|2|29133023 29778016
manguserě|1|25303013
mangědahě|1|30293008
mangědang|1|23277020
mangědo|5|27373021 29301006 29847032 30739016 30940033
mangědu|1|25721015
mangělung|1|24929019
mangěmmụ|1|28236030
mangěmụ|1|30828031
mangěndung|1|29717024
mangěnna|6|24692020 28080005 28249019 29006007 29395023 30454013
mangěnnau|1|27553017
mangěnsilě|1|25437016
mangěnsue|1|28943013
mangěnsuẹen|1|27563014
mangěntudu|1|28953014
mangěntudě|1|24998006
mangěntung|2|26441009 26514036
mangěntungu|1|25786013
mangěsọ|1|23980007
mangěsọu|1|24738006
mangạ|14|24722021 24920002 27072011 27263003 27421014 27803005 28853002 29068008 29843027 29855004 30699012 30788039 30873018 30873022
mangạe|10|23799002 23961039 24176002 24456015 26277003 27787007 27811005 28155025 30428009 30869023
mangạewe|8|23483024 26545009 27086008 27510018 30023002 30205034 30845010 31043048
manigěsạ|8|23812014 23818025 25890011 27420015 27462011 27835003 28007007 30938004
manigẹ̌sa|1|26720025
manihasa|3|23276005 28825004 29201014
manihasan|1|26273010
manilaing|21|23254011 24261036 24368020 25652021 25898006 26265019 26329015 26351009 26897022 28480022 28512004 28668002 28849032 28869013 29034029 29876009 30039008 30135034 30230020 30439002 30783011
manilakeh'u|1|24629023
manilakehu|1|30483007
manilakạ|1|25156029
manimbe|4|27904028 29770013 30054007 30341002
manimbeng|1|28563035
manimbu|1|29858008
manimbụ|3|29255020 30478002 30668006
manindo|11|23266008 23267010 23766021 23771008 23772006 24591023 24593006 24600008 24601005 25639003 28501028
maning|21|23271017 23310010 23691027 24428048 24431024 24718017 25275025 25485011 25526025 25806013 25933002 26910030 27299020 27583023 27890008 28041008 28341020 29086001 29380005 30184010 30685051
maningbe|32|23375023 24930016 25475027 25492003 25498016 26294008 26520013 27404035 27917051 27977030 28029024 28034070 28127010 28449011 28458004 28561036 28613002 28647018 28673016 28700038 28935026 29066019 29146009 29573024 29746014 30070030 30142032 30325006 30381007 30383021 30532010 30732002
maningbelain|1|26924021
maningke|1|25295026
maninglai|2|23529028 26549025
manintạ|1|27348033
manipo|4|24035021 24676004 25366027 25790004
manipị|2|23545017 24329017
manisě|1|31007003
manitori|1|23509005
maniweng|3|27996011 28608004 30383006
manna|4|26289008 26307006 30110031 30735022
manode|5|24727046 24966002 29453046 29919003 31063030
manodẹu|8|26691016 28173030 28178010 28209029 28666018 28905012 30307006 30308018
manoghasě|4|27659034 28362007 29678017 30486021
manoke|1|27288040
manokol᷊'u|1|24312021
manokol᷊u|2|25424024 25551017
manokol᷊ě|2|23414018 25425010
manondan|4|26816015 26830016 27825013 28952028
manondang|1|24463035
manope|2|25496022 30767015
mantelẹ̌ku|1|29884009
mantịewen|2|23494033 25386023
manualag'u|2|26024025 26121004
manualagu|2|27654008 28643025
manualagě|1|31086022
manuhudu|2|25380020 30677036
manukụ|1|29462016
manul᷊ada|2|25877005 27208010
manul᷊ung|1|28984009
manumběka|3|23578027 26426030 28924055
manumbẹ̌ka|1|23520004
manunatě|1|24953013
manungkeang|1|30914010
manuntụ|2|23275011 28559033
manurat'u|1|29746018
manuratě|3|30563003 30564003 30638002
manuě|3|23260039 25126019 27570018
maněbọ|2|30367008 30367012
maněbọu|1|23252021
manědạ|1|28809030
maněgu|2|27890003 30765004
maněmba|5|26178011 26180017 28705017 30135028 30936013
maněmbam|1|30131030
maněmban|1|30405038
maněmbang|2|24707034 28972005
maněmbo|1|23323012
maněnggạ|1|25507020
maněnsomahě|2|26672013 27915033
maněntang|9|23380023 23768013 24088013 24596007 24784009 25113031 25430005 25593021 30247028
maněntangu|17|23740023 24086018 24382012 24418018 24782013 25283012 25306013 25307012 26632015 27868021 28498032 28503008 29385009 29597034 29665025 29877021 29979021
maněntanudi|1|29682012
maněntanudě|6|24216016 29450011 29698052 30697004 30757015 30826038
maněntiro|35|23229012 23254014 23461022 24233012 24254025 24358010 25096008 25194021 25465003 25865014 26364046 26475013 27041019 27088016 27583018 27647021 27658023 28253020 28253024 28455016 28685047 28705049 28994015 29729008 29734023 29754004 29792003 29830018 29843025 29852019 29853007 29902019 29916017 30578024 30578030
maněntiron|1|26695018
maněntirong|4|25801034 27100014 28369034 29791049
maněpas'u|1|28252041
maněpaseweng|1|30001014
maněpasu|4|24606006 28817027 29368015 29491015
maněpasẹ̌kon|1|24254009
manětạ|18|23518021 24119009 24869025 25375026 25554013 25571004 25673018 25855004 25857005 25883003 25934002 25986027 26019015 26021024 26039030 26193003 27564045 28517018
manětạe|4|23990014 24353010 24746014 25544018
manẹ̌pasu|2|26020017 28783026
manịeng|21|23460011 23634011 23859038 24049014 24417004 24464035 24776027 24790023 25177018 25202028 25831019 27075022 28515023 28786008 28925029 28929002 29133041 29500002 30492012 30579021 30644013
manịgěsạ|4|23375020 25722004 28445021 29010011
manụ|45|23209026 23309002 23309035 23366009 23544010 23572028 23956028 23986007 24089013 24129018 24130014 24226021 24328012 24356021 24785010 24823032 24827006 24827022 24998009 25048010 25251022 25360009 25484003 25484032 25538021 25553032 25689019 25899007 25925021 25926018 26077013 26110014 26112010 26669013 26813013 27272013 27314021 27954018 28758018 30327006 30776021 30841009 30996034 31035017 31039017
maobotě|5|24486013 27961004 29900020 30344035 30354009
maontol᷊u|1|28946032
maotelě|2|28940004 28940012
maotohě|1|29900022
mapaelě|1|25819010
mapaghohě|7|23993006 24749006 25638008 25860006 27098039 27692011 31050018
mapahiạ|1|23515017
mapakaghoghahu|1|28392020
mapakahaěngu|1|29826008
mapakahěngisu|1|25509003
mapakaiang|1|29236017
mapakakondọ|1|27678015
mapakakěllohi|1|28053006
mapakal᷊aed'u|1|24505015
mapakal᷊ahe|5|24722026 26735009 27418023 30312036 30699026
mapakal᷊ahẹu|8|26428006 28171009 28171019 28424021 28847009 29224027 29288007 29493005
mapakal᷊awọu|1|30059013
mapakal᷊iun|2|25012025 28946006
mapakal᷊iung|1|27573022
mapakal᷊iwir'i|1|26418008
mapakal᷊iwir'u|3|26825022 28140035 29723010
mapakal᷊iwiru|1|30292008
mapakal᷊uasu|4|24842004 28521017 28522055 28828030
mapakal᷊uasě|1|28611005
mapakal᷊ětạu|1|29748021
mapakamean|2|28266030 28623024
mapakameang|1|28448011
mapakanandụ|1|23924021
mapakanawon|1|30732033
mapakanawong|3|24114013 27965007 27968028
mapakapal᷊idi|1|30587007
mapakapiam|2|25125044 28307009
mapakapian|9|23353007 23363023 23500022 25120046 25154025 25303017 25551021 25557023 26204034
mapakapiang|2|27251010 29265025
mapakapěnisu|1|31091007
mapakaral᷊aị|1|29926008
mapakarange|3|28997033 30348011 30472014
mapakarapal᷊u|1|26621006
mapakaraung|1|23695019
mapakariadin|12|24926015 26985006 27018010 28313004 28476008 28676007 28744010 29111011 29127016 29486009 29646010 30476015
mapakariading|8|27852013 28140041 28173017 28173033 28208026 28441005 29224022 30342035
mapakaruging|1|28476019
mapakarěntan|1|27968025
mapakasahe|2|27445013 30062005
mapakasal᷊amat'i|6|24965002 24972009 25776032 27035027 28811018 29220017
mapakasal᷊amat'u|7|23952015 24536022 24999027 25008023 27373027 30134030 30678018
mapakasal᷊amati|1|29929024
mapakasal᷊amatu|1|25742006
mapakasal᷊amatě|1|30350018
mapakasamedu|1|29790016
mapakasanạ|3|25698011 28291020 30277013
mapakasanạ'u|1|29044015
mapakasanạu|1|28284009
mapakasarian|1|29360017
mapakasigesạ|1|25295029
mapakasigěsạu|1|29580024
mapakasilakạ|1|25776004
mapakasilo|1|27233005
mapakasingkạ|1|23386004
mapakasingkạu|2|28338005 29359016
mapakasueng|1|30061023
mapakasukụ|2|29106023 30263007
mapakasusa|1|24400029
mapakasusan|6|24065014 26227007 28824025 28827007 28829023 29303002
mapakasusang|2|28999013 29687025
mapakasěgadu|1|27626033
mapakasěhụ|6|23240010 30058016 30157018 30184032 30550016 30869013
mapakasěhụ'u|1|28044007
mapakasěhụeng|1|27134008
mapakasěllahen|2|26347008 26347015
mapakasěllahu|1|29002020
mapakasěmbaụ|1|26576013
mapakasěmbạu|1|29361009
mapakasẹ̌gadi|1|30476026
mapakatawang|1|29754029
mapakatei|1|30476021
mapakateing|1|29701028
mapakaten|1|24782028
mapakatoghas'i|2|29682009 30476023
mapakatoghasu|1|29268009
mapakatualagě|1|29225009
mapakatěntol᷊en|1|30992024
mapakaul᷊en|3|23555042 24256027 26621028
mapakawala|5|26323026 27579019 28784015 30247025 30353009
mapakawalam|2|28480032 29513004
mapakawalan|13|23942057 26572005 26623031 26977007 26977019 27398014 27490006 28081003 28296036 29511003 29729004 30587004 30882021
mapakawalang|6|25900015 27941011 28453005 28581026 29168025 30048004
mapakawantug'i|2|26663026 26761023
mapakawantug'u|1|26432014
mapakawantugu|2|26741004 28488019
mapakawatạ|1|24710023
mapakawatụ|1|23241012
mapakawinasa|3|25008021 28357017 30350020
mapakawinasam|1|28460012
mapakawinasang|4|24240015 29670025 30678027 30891050
mapakawutan|1|26621002
mapakawěhạ|1|28946015
mapake|1|29122023
mapakạ|1|29782011
mapakạdal᷊akis'i|1|28447004
mapakạdal᷊akị|1|27693051
mapakạdiading|1|28132028
mapakạl᷊uasu|1|28305024
mapakạnawong|1|28271040
mapakạpiam|1|28663041
mapakạpian|1|23415033
mapakạsarian|1|28923010
mapakạsusang|1|25175011
mapakạtilang|1|28928024
mapakạtontongu|1|27728012
mapal᷊ahẹu|1|28685029
mapal᷊angeh'i|1|28208039
mapal᷊angehu|1|29539007
mapal᷊iung|1|25464016
mapal᷊ohong|1|30103024
mapal᷊usě|1|28401036
mapal᷊ěton|1|23897029
mapal᷊ětowen|1|25808031
mapangirul᷊eng|1|23488016
mapanumpangu|1|29774020
mapapahiạ|1|28660006
mapapande|5|23485025 25385034 28383010 28391015 28674031
mapapandem|3|23183004 23186006 23186048
mapapanden|1|29937006
mapapandeng|2|23171021 23177007
mapapangkatu|4|27520015 27522017 27617003 27624033
mapapangkatě|3|27519004 27521046 27530027
mapapelẹesa|1|28356028
mapapia|58|23203016 23251015 23334006 23335013 23336006 23525008 23588020 23780009 23883021 25192006 25568025 25646015 26091009 26106012 26514017 26515008 27373015 27536015 27772036 27785022 28318012 28356032 28752013 29225035 29240024 29262023 29314009 29346022 29373006 29476023 29597037 29643007 29678028 29706012 29727013 29774042 29781006 29789005 29807009 29849016 29849033 29871016 29912044 29932030 30117015 30263014 30284003 30333017 30337030 30414019 30415009 30418017 30435018 30457017 30465011 30661012 30670012 31026016
mapapiang|1|27465048
mapapěnisě|1|28668013
mapararisị|1|28285039
maparung|5|28519036 29975004 30106026 30533015 30533036
maparěntang|1|29673007
mapasakeng|1|27640019
mapasilo|1|30770041
mapasilong|1|29902025
mapasuě|3|29138015 30502034 30728017
mapasěbang|1|28457018
mapasěbangu|2|30332023 30891012
mapasěpụ|1|28100008
mapasẹ̌bangu|2|23280016 24352005
mapatarimakase|1|29223005
mapatendangu|1|30052016
mapatiral᷊ang|1|29828024
mapatode|3|23284005 27844026 28941012
mapatodẹu|1|28017028
mapatuwong|1|30053006
mapaị|4|30331010 30839021 30871040 30872035
mapene|1|25577022
mapenẹu|1|24361019
mapia|227|23280020 23280033 23322014 23328012 23400034 23459022 23459026 23459033 23523005 23523011 23524009 23525002 23548008 23563007 23564028 23567018 23577007 23578009 23675014 23779017 23780016 23843040 23947010 23948030 24030008 24032008 24065023 24071009 24278034 24293023 24332008 24393013 24428030 24483028 24499016 24589003 24606026 24607008 24607013 24761020 24897005 24913022 24999016 25035019 25077021 25140008 25156022 25174022 25180007 25180013 25182015 25190017 25192002 25195037 25372014 25419012 25440009 25479012 25588003 25596021 25698021 25708008 25708016 25749007 25800007 25896016 25986017 26215025 26217026 26240009 26333016 26341015 26493004 26493006 26496004 26536017 27011007 27032011 27253030 27282015 27298034 27332008 27370010 27432014 27447012 27472045 27486016 27849021 27890012 27948057 27970014 27973006 27981024 28000016 28004016 28012006 28016019 28054017 28055014 28059032 28069038 28104023 28105009 28105025 28108022 28110008 28110024 28111004 28113011 28127031 28145013 28167044 28186025 28222029 28225016 28227047 28232030 28247009 28248026 28255014 28263015 28270006 28270037 28282011 28297006 28489016 28524035 28525025 28614012 28618015 28670010 28684003 28696008 28781005 28804019 28862048 28888028 28890021 28913017 28939021 28940041 28965025 28969003 29103015 29114030 29136004 29150002 29150008 29190026 29193008 29193012 29195013 29198010 29199012 29289011 29368005 29380012 29386007 29395028 29423034 29428024 29431007 29431029 29431041 29448011 29457017 29498008 29546011 29637016 29661047 29678048 29680018 29692007 29705010 29715033 29720003 29723026 29739005 29740009 29743007 29745004 29752008 29754024 29774009 29807005 29857022 29878005 29901012 29909033 29914009 29916007 29923028 29925023 29929013 29938007 30031015 30045019 30050014 30135011 30158021 30177024 30180057 30223022 30236041 30251029 30258004 30287008 30292016 30315011 30318011 30319015 30355007 30426028 30431029 30436010 30438013 30439010 30441028 30442004 30446044 30481008 30509010 30661020 30670016 30672012 30724006 30800022
mapia-pia|11|24702026 24822011 25185021 25460010 25555021 27083024 28814035 28979007 29804008 29896003 30291006
mapiang|2|28526005 28698010
mapiangbe|3|25694011 28267009 30658009
mapiawe|20|23397039 24897015 27105002 27750012 27868018 28223004 28279011 28490013 28490020 28497012 28508003 28607035 28751039 28944005 29592016 29958002 30368008 30368018 30369006 30441002
mapinsang|1|23666044
mapohong|4|24079007 25887005 26575027 26818018
mapulu|325|23190007 23277019 23349011 23365014 23375019 23429013 23456005 23480023 23528018 23537025 23557025 23568019 23697011 23698004 23751016 23780020 23784009 23807011 23814015 23819013 23820004 23825013 23826009 23851007 23932034 23956022 24054011 24073024 24096014 24113028 24170006 24257016 24427012 24488026 24535023 24574021 24624026 24632010 24633004 24670007 24762012 24793019 24806016 24836008 24842003 24850004 24856016 24953018 25070028 25098007 25120041 25121012 25147005 25260018 25266019 25273033 25325014 25326004 25356022 25359015 25363008 25388008 25388021 25393005 25414017 25422007 25458035 25553025 25582005 25585010 25605006 25632017 25633015 25642003 25674014 25693006 25730014 25735003 25737021 25759014 25779022 25783004 25874004 25956003 26132023 26141010 26232023 26251005 26255015 26322021 26324016 26325018 26330014 26333014 26346003 26349012 26351034 26359006 26373003 26404012 26419016 26422012 26426011 26429027 26468014 26468019 26468026 26487004 26514035 26515029 26520017 26590033 26591007 26602014 26607003 26617034 26624005 26691015 26746007 26784004 26814036 26825020 26857006 26902011 26921007 26922032 26930021 27010040 27032021 27106006 27140013 27145005 27156010 27156021 27168037 27218007 27289022 27370031 27409031 27428021 27453006 27480003 27481011 27487003 27529047 27543023 27544021 27556026 27572005 27578017 27585037 27595017 27616003 27679004 27734008 27750036 27752023 27755027 27763004 27776024 27797016 27800009 27806005 27806019 27817023 27819011 27829012 27868027 27895032 27899014 27918010 27920006 27922006 27942004 27967030 28055009 28116036 28116053 28151004 28174013 28175015 28192019 28213021 28270025 28327016 28329006 28338004 28341006 28356024 28441024 28455012 28480031 28500034 28501020 28503041 28513036 28516034 28520029 28521016 28522054 28523013 28566023 28566047 28568024 28590003 28604004 28617004 28623019 28636011 28687015 28694030 28698031 28700045 28706003 28714004 28718016 28720009 28784004 28784019 28809008 28816011 28824024 28825025 28828015 28830034 28880017 28882030 28882046 28902005 28932020 28934008 28941022 28946005 28950020 28954004 28955038 28959007 28989010 29008013 29024010 29028008 29029006 29029014 29037016 29086042 29087015 29091041 29094036 29094047 29106022 29141042 29147027 29149019 29152004 29153006 29164025 29202014 29218024 29374003 29377014 29405013 29460006 29493004 29496003 29514004 29597049 29597059 29617007 29658011 29672021 29676024 29688026 29689019 29700004 29704003 29721003 29723030 29725003 29770006 29775019 29778004 29798004 29856009 29857008 29866006 29874010 29903005 29909023 29932008 29952005 29953017 30057005 30057016 30098035 30197010 30208017 30208025 30230008 30238012 30238022 30238054 30260022 30350031 30387055 30415005 30435010 30435015 30468046 30478028 30522023 30528007 30532027 30573029 30669044 30669055 30676011 30678011 30720026 30739015 30847019 30924019 30951013 30964028 30964036 31008012
mapulu-pulu|1|27735006
mapulum|1|23562019
mapulung|3|23814004 25370006 26140018
mapuluwe|1|28174027
mapul᷊e|11|23367011 25361019 25363015 26732006 26734015 26734021 26734034 26759015 27204015 27520035 27795030
mapul᷊o|98|23162009 23162024 23162041 23400009 23419007 23423003 23461011 23618014 23791033 23791040 23798006 23810017 24010018 24029012 24037014 24069005 24075009 24102011 24108021 24212002 24303008 24305007 24334020 24390011 24407010 24415006 24420008 24451012 24574010 24630008 24652034 24765008 24772008 24775012 24798013 24888010 25016008 25160014 25247027 25288011 25303006 25314007 25319019 25523006 25530007 25535013 25585006 25720006 25749025 25756024 25757011 25868017 25895021 25895028 25980003 26001015 26005019 26025019 26163023 26271005 26325011 26328010 26329021 26533003 26840005 26892010 26950029 26964013 27104007 27125056 27593006 27781010 27803011 27831008 28449021 28724027 29025008 29076017 30110045 30728036 30815031 30893034 30895019 30910025 30979050 30983030 30988002 30988009 30989003 30992002 31066009 31066015 31066023 31068009 31068022 31075002 31075008 31083019
mapul᷊oe|1|24016003
mapul᷊ong|2|25597009 25748017
mapul᷊ongkatau|4|23817007 25664010 25669008 25745007
mapul᷊ọ|1|25160026
mapulụ|2|27270007 30866008
mapulụe|1|28113009
mapuạ|3|28855024 30277021 30352026
mapěbẹ̌bimbong|1|27537027
mapěbẹ̌buam|1|30224042
mapěhadě|2|25588011 30332020
mapěhal᷊ě|1|23800006
mapěkoạ|1|23763017
mapěngampung|1|23749025
mapěngimang|1|27923060
mapěnginungu|1|23460003
mapěni-pěnisě|2|23177012 29086027
mapěnạdiang|1|24551013
mapěpidu|1|27612054
mapětahěndung|1|28451030
mapětẹ̌taghunalang|1|27136004
mapẹ̌bal᷊uing|1|28248008
mapẹ̌bal᷊ị|1|29086043
mapẹ̌bangung|3|24549022 26297026 26549007
mapẹ̌basa|1|30701004
mapẹ̌basan|1|29649012
mapẹ̌biah'i|3|28372005 28874015 30192008
mapẹ̌biah'u|1|29816009
mapẹ̌biahi|1|28482016
mapẹ̌biahu|2|27832016 30924005
mapẹ̌biahě|1|29618023
mapẹ̌buang|1|25190005
mapẹ̌bẹ̌bangung|1|26232003
mapẹ̌bẹ̌bingọ|1|29173027
mapẹ̌dal᷊ahabaru|1|29896020
mapẹ̌dal᷊ahaedu|1|28645032
mapẹ̌dal᷊ahaen|4|23589010 24041015 30045017 30295017
mapẹ̌dal᷊ahaeng|1|27452004
mapẹ̌dal᷊embon|1|31102005
mapẹ̌dal᷊embong|3|27056018 28967018 29603004
mapẹ̌damen|1|24911020
mapẹ̌dameng|1|27143016
mapẹ̌daral᷊aị|1|23453004
mapẹ̌daratě|1|27802013
mapẹ̌darumatingu|2|27945005 30090028
mapẹ̌dẹ̌dal᷊ahintụ|1|25344010
mapẹ̌dẹ̌dal᷊embong|1|28924062
mapẹ̌gutang|1|27555011
mapẹ̌gẹ̌gahě|1|30239021
mapẹ̌gẹ̌ganohạ|1|25941011
mapẹ̌gẹ̌golangu|1|26215012
mapẹ̌kakahimbẹ̌sọe|1|25344015
mapẹ̌kěllan|1|26503017
mapẹ̌kẹ̌kal᷊emboghang|1|29175006
mapẹ̌salan|1|25184002
mapẹ̌sal᷊an|6|24810012 26353002 27964016 27964032 28284019 29887027
mapẹ̌sal᷊ang|16|23497027 26256005 26256011 27990009 28151005 28291008 28598017 28920009 28953009 29511006 30349009 30349018 30349040 30350032 30601012 30689009
mapẹ̌subang|1|30147012
mapẹ̌sul᷊en|1|28234051
mapẹ̌sěngkapiang|1|28898035
mapẹ̌sẹ̌sal᷊a|1|23500014
mapẹ̌sẹ̌sal᷊an|3|23517034 28175016 30902048
mapẹ̌sẹ̌sal᷊ang|1|30349032
mapẹ̌tahěndung|7|26695024 29816005 29958018 30137009 30493009 30525002 30678012
mapẹ̌tahěndungu|2|30492009 30669007
mapẹ̌tal᷊ein|1|28499020
mapẹ̌tampungu|1|24745008
mapẹ̌těngon|2|27344006 27790017
mapẹ̌tẹ̌tahěndung|1|28319007
mapạdasehě|1|23280029
mapạkakẹ̌dang|1|29678041
mapạkapian|3|23419023 28644029 28665003
mapạkasanạu|1|30681015
mapạkawantugě|1|30396021
mapạkawinasang|1|29992037
mapạl᷊ahẹu|1|24894020
mapạl᷊ěton|1|27413023
mapạsal᷊iwěbudu|1|30331005
mapạsasuměllungu|1|29443030
mapạsusun|1|25850016
mapạsěnnangu|1|26246009
mapạsěpụ|1|24830005
mapạsẹ̌bangu|1|29702007
mapạtuwon|1|28417013
maral᷊ahẹgisě|1|30418025
maral᷊ahimumu|3|27682019 27902005 29185021
maral᷊amuhụ|4|28088031 29302010 30288008 30511007
maral᷊awọ|4|24715029 27500047 28963012 28963017
maral᷊e|1|25414038
maral᷊uasě|14|24711029 25259018 25381011 25870004 26888019 26996015 27185010 28909010 28935018 28994006 29009005 29147005 29477020 29774019
maral᷊ubesě|1|30470020
maral᷊uegha|1|29917003
maral᷊ukadě|1|29628018
maral᷊umadě|1|23871009
maral᷊ung|8|23501022 23546020 23734033 24330019 24498011 25112017 26168013 29337006
maral᷊ung-dal᷊ung|2|28369026 30064008
maral᷊unsemahě|1|30366004
maral᷊utạ|1|25798009
maral᷊ěgadě|4|23585017 29726023 30428019 31006035
maral᷊ěnding|1|26504018
maral᷊ěnggihě|3|23948019 25086005 25832012
marame|1|28264008
marange|25|23562021 23702018 24113012 24541018 24988006 25069008 25636030 25644024 26983006 27091012 27204024 27212023 28161022 28262010 28364016 28453030 28457006 28984023 29281012 29968006 30337010 30841013 30933008 31066002 31071011
marangeng|2|26096020 27180017
marangẹ-dange|2|23218009 31064018
marangěngisě|1|23434011
marani|9|23990023 24746024 25198018 25724004 27407006 27692009 28279007 29419007 30569036
marani-rani|1|24747019
maranin|2|25375022 29247029
maraning|31|23655011 23686006 24361018 24488014 24708021 25234008 25278002 25281028 25353003 25403012 25498023 25743021 25761003 25990007 26262005 26542004 26578026 26748004 26840003 26868009 27134003 27147019 27388002 27612053 27884016 27884034 28341003 29422007 30195009 30454004 30947031
maranịeng|2|25769005 27711006
mararagě|2|30362028 30365016
mararange|1|29228026
mararani|1|24254018
mararanine|1|23461030
marararagě|1|30721003
marararěnna|1|30532004
mararatu|8|23468022 25221022 27232039 30873024 30971007 30990039 30994011 31036004
mararatun|2|30809002 31037008
mararau|4|23934017 24504023 26989020 28973030
mararendehě|1|28210027
mararingihě|7|24243033 25434011 27188015 30337021 30431008 30909024 30939008
marariringihě|1|29914010
mararohkě|7|28636004 28680013 29210015 29534035 29856029 30405040 30447029
mararosa|4|26482028 29407029 30013024 30689021
mararotong|1|30809008
mararul᷊e|2|23871017 25798017
mararěmasě|1|24261034
mararěna|1|30984019
mararěngang|1|29499013
mararěngụ|1|31093009
mararěnna|3|25505015 27906005 28784022
mararěpang|1|23561012
marasai|17|23186020 23656028 24456007 25198015 25603012 25927011 25946015 26204040 27171020 27270005 27358005 27482007 27636024 27971026 29799035 30740023 30904028
marau|24|24023021 24185009 24470039 24654002 24752011 24809007 25437029 25586015 25602021 25609011 25744011 26907018 27255004 27726020 28054027 28064007 28458005 28877028 28884031 29243016 29487006 30099013 30199007 30847025
maraul᷊ị|1|28408023
maraun|2|28015007 29247023
maraune|11|24113007 24371003 24867013 25664020 25702007 25919017 25985018 30186023 31004006 31009015 31011029
maraung|3|23642020 29046036 29500005
marehe|4|24827040 27744004 30784007 30909004
marehokang|1|28492033
marehokange|1|28491013
maresọ|1|25493022
mariadi|123|23254021 23307035 23317007 23359019 23439002 23439018 23443006 23454004 23473015 23535041 23789022 23848047 23961032 23964020 23991010 23992006 24094032 24109020 24356008 24616014 24616021 24621043 24633012 24664036 24711013 24722018 24725016 24726021 24730014 24748007 24909004 24912008 24914005 24914030 24928016 24931010 24939013 25008030 25170012 25182038 25581010 25689009 25716005 25716009 25720029 25834012 25834026 25836015 25838016 25849014 25853010 25855006 25859006 25863012 25902018 25914011 26036041 26130003 26336005 26457014 26468027 26498031 26649028 26650020 26700005 26725007 26731013 26740045 26747026 26771042 26790008 26854020 26940013 27051018 27053015 27084030 27157031 27336035 27383003 27403010 27500034 27649025 27881025 27937019 27979003 27995019 28036013 28039013 28079012 28093020 28096047 28146025 28238020 28524043 28568026 28768022 28771007 28783002 28870015 28914002 28917013 29103014 29387022 29660004 29664031 29665020 29841013 30121033 30180014 30352003 30386013 30465020 30501021 30507023 30582039 30699016 30699036 30701029 30717017 30757028 30770047 31087037 31091026
mariadiwe|3|26617017 28462012 29218028
mariadị|1|30500017
marihutu|1|28037024
maririhě|1|30858029
markasě|5|27699046 27702006 27745040 27751017 27767021
marmarě|2|24758030 31006040
marohkě|30|23308022 25632023 26127010 27017014 28034050 28035007 28035017 28039066 28227050 28401007 28552007 28571007 28572004 28572018 28867003 29042048 29231007 29324008 29398015 29437008 29494043 29508006 29756010 29949028 30222031 30229014 30402014 30405019 30443047 30453034
marokě|1|28409041
maromba|1|23515032
marosa|12|25140011 26466004 28056021 28067008 28075024 28120039 28130030 28281016 29097014 29099027 29231011 29506029
marou|5|26170010 26171014 26172013 26293034 30827009
maruata|1|30484045
marugi|2|27866024 28536048
marědu-rěduhi|1|28197011
marědu-rěduhě|1|30802027
marěduhu|2|26213003 26281013
marěma-rěmasě|2|25867015 26339012
marěmasě|11|24251016 24439031 24440010 25772008 25806021 26944017 29615002 29719018 29728004 29729017 30429015
marěndung|20|23306004 23306017 23445007 23886020 23987011 25440020 25440026 25442010 26275015 26869007 26970004 28220004 28279018 28866010 29291006 29313006 29627025 29750011 30562020 30840039
marěndung-děndung|3|23306009 24251003 25980015
marěndunge|3|26140019 30499035 30546022
marěngang|1|30871048
marěngụ|21|23481031 24007003 24871026 25273021 25377034 25789034 25944013 27418008 27443010 27475009 27576007 27638018 27681036 27814013 27829002 27853003 27906020 30042028 30256010 30450008 30504032
marěngụ-děngụ|36|23993012 24949014 25860013 26171016 26217014 26293036 26417018 26685021 27188002 27721005 27956033 28079016 28364018 29021016 29063005 29463008 29659010 30065023 30092041 30118047 30144025 30146018 30168043 30250013 30263047 30400008 30458047 30541032 30676052 30686041 30698034 30716018 30823028 30868011 30954031 31049036
marěnta|20|24754005 25216028 26182022 26360017 26921015 26922039 27770023 27792028 28635043 28780005 28787005 28962031 28974017 29624014 29660009 29670011 29761005 29884005 30364023 30669003
marěpang|2|23431013 28787016
masabarě|2|29852021 29911029
masaghedě|1|29782025
masahaghe|1|26568029
masahawụ|7|24204002 24244007 25697005 25747013 26553007 26555014 27352013
masahawụ-sahawụ|5|24639008 24863006 25738004 27538002 27697015
masahe|2|29198006 29749005
masahimbuluang|1|30337019
masakị|29|23352007 23362035 23400014 24045008 24048006 24052023 24053027 24248014 24291027 24388009 25198014 25289013 25530011 25551023 25557025 26203032 26216016 26217015 26530011 27053004 27254007 27838036 27908025 29418026 29419005 29891013 30369004 30369022 30740009
masakịe|1|26218002
masalamatě|1|30696014
masal᷊amatě|26|23440019 23788023 23980014 24615023 24738013 24890014 24942021 25246017 25542012 25715016 25741014 25846011 26491011 27444028 27501036 27514021 27515013 27876028 27880036 28183022 28190010 28198033 28202012 28236010 29723034 30439015
masal᷊insawụ|1|27657010
masal᷊umighang|1|30763005
masal᷊ěnibě|1|27889003
masampelě|1|27882006
masanaeng|5|27875003 27883018 27886003 27887016 27895005
masandi-sandigě|1|23991016
masandig'u|1|23861003
masandigen|1|27269007
masandigu|2|26144014 27220007
masandigě|11|24231007 25857015 25866011 26109007 26331006 26579009 26868003 28042021 30363017 30569007 31091020
masang|1|30911009
masanggidu|1|25373017
masangkong|2|26533019 30521025
masanạ|8|23240004 23489018 23832012 25636035 25735021 28392007 30297041 30471046
masapuạ|3|25379012 25514013 28195033
masaria|42|23247017 23662010 23979008 24190025 24984013 25089021 25170024 25196031 25243003 25510004 25570015 25596008 25850024 27128005 27336029 27585056 27609008 27610033 27711016 27820010 27866011 28811010 28920019 28921004 28921029 28955049 29146014 29596010 29600002 29955038 30371027 30383039 30445043 30529011 30798031 30890025 30901002 30921011 30935012 30995015 31040019 31050006
masaria-saria|2|24877025 30836011
masarạ|7|24443012 25115042 25394024 27762011 29013043 30128009 30364022
masasabarě|1|29477018
masasakị|35|23233030 23234022 23392018 23426002 23500023 23505028 23633026 23664013 23664018 24278021 24299004 24299008 24413012 24421015 24463013 24463036 24892020 25125046 25139013 25304009 25308016 25313035 25373004 26214006 26215016 26227014 26260023 27075008 27076015 27598015 27909008 28631008 28663042 28665004 30370011
masasakịe|3|23612020 24464022 24464030
masasanạ|3|28262017 29186004 30344039
masasaria|2|29848004 30207003
masasariane|1|30809006
masasasạ|1|30945052
masasatia|2|26955022 30990015
masasikome|3|23990012 24746012 29926022
masasingkạ|6|27028002 27793007 28383017 28384011 28421010 28674015
masasingkạu|1|28674051
masasukụ|2|30093011 30284006
masasusa|4|24049022 27262025 28935029 29774032
masasusi|5|24182008 24539036 28469039 28470006 29675053
masasěllahě|3|24943008 29030011 29035011
masasẹ̌bu|6|23205024 24050023 24583004 24585005 24587005 25043029
masasẹ̌dapě|1|25221016
masasẹ̌gadě|1|25452016
masasạ|1|25260037
masatia|24|23164007 23557007 24003010 24032010 24467010 25502006 25634020 27262015 27331031 27651031 27685040 27834027 29185025 29555046 29646018 29831013 29995027 29998003 30001006 30397005 30478024 30664007 30731020 30982012
masau|31|24369002 24561002 25141014 25275017 26587021 26788015 26927013 27115025 27262021 27437027 27796020 27944013 28921015 28955021 29013034 29013042 29017013 29366002 29440004 29584010 29826007 29861006 29965005 30052009 30131029 30132005 30145011 30322005 30411032 30492006 30539008
masaun|1|30466032
mase|366|23181031 23223005 23230006 23231004 23232013 23237001 23250006 23251016 23254013 23258014 23259012 23260032 23289013 23313007 23339040 23342008 23378033 23392006 23397022 23405016 23420017 23422001 23479011 23481039 23494010 23504009 23515020 23541011 23548009 23555034 23565017 23576008 23584021 23584035 23601013 23617021 23666007 23670023 23677041 23696005 23740031 23764012 23789006 23850009 23860022 23860029 23860044 23866008 23868012 23879011 23881008 23953040 24007013 24010021 24019030 24025013 24037007 24047030 24048009 24081009 24082009 24085010 24104018 24135009 24160011 24180007 24190031 24196010 24205017 24208010 24234010 24273008 24273019 24274016 24286041 24295008 24303001 24323012 24330013 24332016 24352012 24371017 24378033 24415009 24435022 24437015 24449013 24497010 24507010 24507031 24534010 24554012 24565007 24600010 24601007 24610008 24612007 24638005 24639007 24648014 24675032 24675044 24675061 24678019 24682005 24694009 24716001 24717008 24724014 24752007 24777021 24787009 24802010 24815010 24828028 24842024 24846009 24847010 24882009 24946007 24981012 24990006 24995006 25002008 25012009 25081012 25093006 25102008 25106011 25111011 25115025 25116015 25119016 25131015 25133010 25136009 25148026 25151018 25157007 25160012 25164013 25167006 25209013 25230010 25234029 25237019 25240043 25254009 25261012 25262005 25270024 25274009 25275045 25283030 25293014 25293033 25303009 25308005 25312023 25313019 25318011 25318034 25354015 25357004 25364012 25365011 25394026 25396026 25398007 25428026 25439006 25478024 25480018 25505017 25527020 25534021 25538016 25540009 25558011 25558020 25593010 25595001 25597024 25598016 25602015 25615009 25635009 25639005 25654009 25705008 25720009 25732009 25737011 25744016 25745009 25789026 25791020 25795009 25797007 25855009 25876001 25882016 25884016 25885013 25912028 25921013 25947012 25950001 25958032 25962033 25983014 25989012 25992006 25999011 26022016 26022018 26025008 26035006 26042019 26043011 26085010 26086013 26087016 26106001 26125026 26144027 26168008 26171033 26173004 26175009 26207021 26219011 26223012 26261006 26269008 26355011 26357045 26366018 26378012 26384020 26386001 26441017 26448001 26456028 26481012 26485008 26522017 26526013 26594009 26657029 26689022 26700016 26706024 26707007 26770008 26783004 26802021 26828012 26829001 26839016 26866012 26880001 26894032 26906033 26950008 26953014 26995011 27030007 27033008 27044019 27059011 27066010 27116020 27138018 27175008 27196001 27348029 27355009 27357025 27373001 27379011 27404014 27434036 27436028 27481014 27483007 27507007 27528004 27529029 27561001 27566026 27570017 27628032 27667017 27669014 27676021 27709024 27719037 27735045 27752003 27758010 27986016 28048012 28138017 28173032 28344015 28434008 28483024 28524018 28575031 28589011 28604032 28613018 28623023 28625014 28662009 28663026 28743022 28829012 28838030 28860047 28994014 29041038 29075025 29255007 29289036 29399008 29472010 29530011 29675054 29707013 29738014 29745010 29895027 29923025 30125032 30128016 30222017 30255014 30271016 30278019 30291008 30409034 30533028 30548027 30567015 30578034 30599016 30602018 30619018 30620034 30701014 30714006 30774010 30777009 30779017 30833013 30874011 30903017 30980011 31010001 31013016 31015016 31029008 31042013 31048010
masekol᷊ai|1|28589029
masene|7|24896023 27100009 27254016 28369027 29083013 29907001 30533019
masigěsạ|10|23590019 24039020 24594011 27650024 27972008 28055007 29567016 29595025 30475027 31004009
masigěsạ-sigěsạ|1|27128017
masigẹ̌sa|1|25644010
masikome|6|23489016 27869009 28455019 28973022 28982021 29853005
masiladě|2|27873021 27885009
masilakạ|4|24362031 25270020 26977023 27564033
masingkạ|289|23262003 23681004 23743026 23891003 23994002 24033014 24201011 24240020 24608004 24631014 24688015 24702020 24747015 24750029 24880008 24898007 24916028 25098020 25105036 25130003 25155005 25235027 25299011 25386012 25386020 25419007 25490015 25499007 25507003 25582019 25586004 25636021 25709004 25713003 25754020 25799008 25801015 25801027 25847013 25858014 26105029 26182008 26217009 26243009 26253007 26264004 26273004 26280020 26319004 26322013 26333031 26356011 26356019 26357018 26358003 26396018 26419004 26437010 26437034 26465024 26470004 26472003 26496013 26496019 26496027 26517003 26520026 26546005 26566002 26581019 26631003 26632009 26634003 26634018 26648005 26649012 26676004 26676011 26676019 26746003 26757005 26757009 26763011 26767005 26768021 26788007 26790003 26807022 26830024 26854003 26911032 26914033 26915025 26916040 26923021 26931015 26943008 26948011 26972063 26980025 26981004 26986010 27014009 27032022 27033007 27033015 27036020 27039020 27200004 27247007 27288013 27289023 27296006 27297004 27298004 27298026 27349018 27401010 27401028 27450023 27451006 27487028 27542020 27543024 27544022 27601009 27611027 27621022 27645019 27647003 27650004 27661005 27685023 27763005 27807027 27828005 27828014 27829005 27928011 27944010 27959008 27963003 27965003 27976013 27981021 28011005 28042006 28051017 28075003 28078004 28093014 28106003 28110002 28115004 28139003 28144005 28145003 28212018 28235034 28278006 28318018 28356004 28403010 28403020 28406002 28411009 28427003 28431008 28461011 28462024 28483005 28487004 28532023 28554004 28565004 28638004 28678036 28678043 28777027 28792004 28809013 28824009 28884013 28890030 28892012 28957014 28959002 28979030 28983006 29001017 29021006 29025037 29026007 29026029 29042025 29049023 29050005 29069006 29078011 29098005 29141008 29141017 29147019 29294004 29370003 29372005 29374006 29375011 29378016 29381003 29387010 29455012 29458010 29496008 29549013 29565003 29572008 29573003 29576004 29624006 29668004 29705004 29743013 29744011 29747011 29825003 29828004 29864036 29865014 29865030 29868026 29869014 29935004 29960022 30079004 30104028 30159028 30164004 30270004 30321014 30355004 30366020 30393004 30454012 30492017 30494003 30510004 30510025 30522018 30540011 30564014 30565024 30572019 30572024 30580004 30580018 30582028 30585003 30594003 30594020 30595015 30600003 30600032 30610014 30611022 30617015 30620004 30627007 30640004 30640023 30643004 30644004 30645004 30671022 30683023 30720003 30720021 30731002 30737003 30737012 30737033 30748030 30755003 30755010 30762002 30762009 30825008 30904033 31030027
masingkạ-singkạ|6|27582020 27724007 27827006 27850006 28889022 28942004
masingkạ-singkạbeng|1|29822016
masingkạbe|2|23328008 23676022
masingkạbem|1|29909006
masingkạben|12|26076018 26120013 26509007 26673007 26686030 26785013 26916046 28889003 29262019 30482018 30565010 30571024
masingkạbeng|2|28836018 28889031
masingkạe|1|23994023
masingkạl᷊ain|1|27601014
masingkạu|69|23256003 23268003 23273003 23278003 23291008 23299022 23301003 23315019 23384004 23515003 23818015 23889025 23990018 23991013 24001008 24035017 24057003 24065003 24148009 24250030 24269007 24428023 24441013 24518004 24686018 24689004 24746019 24750006 25349003 25423004 25774010 25803004 25857010 26121015 26123016 26167007 26300015 26496009 26548007 26861029 27952003 27967020 28235012 28668015 28691006 28808018 28879005 29025003 29071017 29225031 29335003 29566035 29582003 29594022 29606005 29686005 29721010 29790008 29851012 30168030 30230003 30475013 30585013 30604023 30638012 30647029 30727003 30727009 30727021
masongkahě|1|24346014
masongo|3|24753017 25659014 26204029
masongọe|1|25431005
masorogạ|1|30360005
masowa|3|26126023 27325035 29773010
masuang|1|28229015
masue|9|25851023 26572012 26981047 28235059 29368019 30533025 30534005 30535015 30975009
masuhampạ|1|24356018
masukụ|21|23283009 23784010 26155017 26773028 28154012 28248031 28676010 28918049 29271018 29404046 29475038 29485018 29505012 29532019 29988013 30084011 30316011 30476017 30545013 30556016 30654025
masul᷊akọ|1|30489014
masunsara|10|25646032 25649020 25677008 25880023 27972006 28139016 29151024 30448020 30459013 30476006
masunsaram|2|30442002 30442011
masurěkạ|1|28177011
masusa|13|23785010 24294012 25712009 25713007 26557021 26748006 26916020 27253034 28829009 28832020 29419030 30042021 30539017
masusa-susa|1|24434010
masusi|4|23938016 24240031 25328034 26771023
masuwenehě|2|26268012 31066003
masuě|10|23265025 23651007 24479007 24482020 24483003 24582023 25762014 26491014 29777009 31081020
masěbangu|1|29777010
masěga-sěgadě|5|23410011 24472015 24531006 29126012 29815005
masěgadě|17|27332018 28183004 28334024 28721005 28904012 29446021 29556010 29683006 29741005 29834005 29868022 29902005 30010019 30063033 30166038 30475009 30720012
masěhụ|1|24664018
masěllahě|21|23270022 23988035 24744016 24909006 25182034 25212017 25854017 26970014 27056003 27096016 27380030 28243009 29340010 29795008 30029023 30169018 30679047 30698021 30785019 30911034 30969031
masěmbau|1|26314015
masěmbaụ|18|26314010 26686043 26704010 26781010 26781026 26782018 28074019 28119009 28374029 28588029 28856034 29099011 29497018 29866011 30544026 30547008 30578058 30645034
masěse|1|23331004
masẹ̌bang|1|26491015
masẹ̌ga-sẹ̌gadě|1|28668020
masạgaěng|1|30006017
masị|1|28293006
masịlukan|1|25534015
masịpasaěng|1|29194004
masịtol᷊e|1|29874020
mata|20|23264014 23273009 23273011 24519004 24586009 24586019 26353006 27186025 27646011 28651009 28652006 28656004 28829017 29588018 30775033 30777017 30828035 31058006 31062012 31096011
mata'm|1|23320008
matadise|1|30278023
mataedě|3|27001006 27264005 27372016
matagě|6|26537024 28016010 28039029 28283028 29787005 30161006
matahuěnna|18|23341013 24003012 25014011 25021011 25502008 25629016 25629023 27127016 28003006 28385021 28394022 28429013 28429030 28430004 28430024 28473015 29734012 30927009
mataku|3|25004003 26452014 26456022
matakụ|22|23192024 24571012 24659024 24673013 24686030 25702010 25799031 25853004 26623025 26887025 27295004 27898017 28270009 28270021 28270030 28271023 28889005 29540042 29784016 30196029 30248017 31009020
matakụben|1|23853014
matal᷊ipupụ|1|23328004
matal᷊ěntụ|4|24972006 25183011 29995029 30366035
matal᷊ěntụe|1|23808018
matan|21|23409005 23555013 23555021 23827010 24524020 24524027 24526007 25082032 25481015 26023017 26447019 26473014 27235013 27927015 27927024 28218022 28220002 28430012 30810020 30828037 31058008
matan'E|3|24820012 25929004 30736018
matanantadě|1|27542030
matane|11|25234014 25240042 25828009 27188009 27225007 27225009 27257030 27374038 30027014 30489012 30786038
matang|14|23322018 25188008 25188016 25189051 26621003 27841030 28678018 29147029 30429027 30496030 30518007 30531018 30542025 30765048
matangga|1|25075017
matangěllo|30|23546002 23583011 23675005 23703013 23987008 24330003 24742006 24753030 24876005 24972017 25104003 25106002 25314002 25852003 25980007 26903003 27374021 27837018 27876013 28760003 30714020 30827010 30840012 30863026 30893018 30963010 30963012 31035009 31077007 31086009
matangělloe|1|24248004
matangěllone|1|23280017
matangěllọ|1|30278003
matanu|14|23264002 23305008 23306003 23321015 23321023 23322008 23737020 23737027 24586023 25189018 25189022 25189039 25440007 25440018
matanue|3|23320018 23737003 24586002
matanạ|13|25273027 25370013 26627019 26692021 26706004 26944022 27018004 27123013 27868033 27887021 28785006 29387014 29936020
mataraị|1|26885037
matarimạbe|1|29680017
matasibung|1|25404006
matataghul᷊imane|1|30457016
matataghunalang|1|27961011
matatahigagul᷊ě|1|25031019
matatahimadě|1|28643013
matatahuěnna|11|23485027 23953010 24011013 24013003 24017008 25385036 28390024 28431012 28583010 29320018 29371024
matatahuěnnae|1|24018007
matatakụ|2|30431032 30951005
matatandạ|1|25084028
matatapě|2|29387013 29691020
matatatimadu|1|30467018
matatebone|5|25324016 28390029 29084023 29088015 29088027
matatebonen|2|27820026 27917007
matatendange|2|23334003 23335002
matatilang|1|30524027
matatimad'u|14|23850023 23852019 23858018 24058009 24102037 24112021 24131007 24133031 24142009 24150006 24171013 24208007 25917017 25931003
matatimaden|1|24808015
matatimadu|2|29762017 30467008
matatimadě|3|27961020 29766004 30471007
matatimu|1|24357010
matatingkaị|1|31062008
matatoboi|1|31017028
matatoghasě|2|30512006 30565044
matatuhasě|2|27413010 28391030
matatuhụ|1|24900012
matatul᷊idě|1|28523029
matatuntụ|1|30274006
matatěbone|1|29089006
matatěllang|3|28413012 29286023 31036027
matatěllangu|1|24429025
matatěnehě|1|24720032
matawa|6|24344007 25254008 25261005 25612008 25616018 25619026
mate|62|23897016 24093015 24388025 24540013 24693021 24776007 25000016 25198019 25394025 25480017 25522020 25524020 25898011 26308017 26403024 26406011 26406022 26433013 26434042 26550012 26561026 26574014 26605015 26605029 26668016 26669009 26800014 26918012 26922016 26922027 27136038 27404015 27678031 27878025 27906016 28055010 28069006 28078018 28100026 28127013 28130013 28288019 28289017 28289021 28289027 28556034 28631012 28751062 28770011 28869027 28882060 28908025 29013044 29382041 29419008 29422009 30073013 30133010 30208020 30215036 30847020 30903034
matei|2|25530027 28285034
matei-tei|1|25532017
matene|3|25164020 29602017 30226005
mateng|1|24107021
matẹen|1|25606022
matilang|9|23305009 25281040 29488029 30156032 30260015 30775014 31065017 31072015 31075024
matimad'u|1|23443015
matimadu|1|25575012
matimadě|7|23855015 23857003 25600007 26127007 27908023 28139014 29768032
matimporọ|1|28675016
matinalung|3|26711020 28523040 29630032
matingkaị|2|27123029 27136011
matiwatu|1|25442013
matiụ|1|28687009
matodẹbe|1|27996024
matoghasu|1|29289037
matoghasě|51|23519008 23519018 24316008 24316018 24367012 24468028 24911009 24963005 25427003 25428016 27107021 27816028 28080017 28444030 28538009 28568009 28580006 28581051 28710030 28762023 28822007 28825019 28884010 29033042 29053012 29269020 29351038 29389031 29393003 29456013 29489012 29500025 29555035 29599017 29847003 29894033 30027009 30064012 30156012 30156018 30174008 30183016 30207015 30343024 30370007 30382037 30755016 30782007 30823026 31004024 31028043
matope|1|26096014
matuahě|1|31097035
matuala-tualagě|2|23305013 23706008
matualagě|9|23445010 25440015 25442005 28866029 29478023 29627012 29628025 29630011 29630019
matuhụ|22|27009047 27389014 27988004 28036026 28039037 28067025 28144024 28268003 28309019 28322020 28363028 29202025 29208006 29736012 29925017 30040017 30259039 30554005 30556004 30602014 30604004 30701015
matuhụ-tuhụ|1|27717016
matul᷊ende|1|27865024
matul᷊idě|25|23889029 24428032 24688020 25800019 26347023 26398010 26737005 26806009 27999011 28813039 28842022 28907016 28954006 29297015 29540038 29581006 29721012 29740011 29743017 30172003 30206014 30420031 30481036 30516007 30649027
matumpa|1|26215018
matuntụ|1|28567009
matutung|2|28426007 30535016
matutungu|1|30325027
matuwo|1|25190002
matěbe|1|29975006
matědu|1|28661005
matědụ|10|23352016 23762004 24388010 28158006 28661014 29151008 29151017 29886017 30334008 30517006
matěho|8|27868009 27868037 27902036 27911021 28783016 29936026 30762014 30763008
matěllang|8|26125005 26462032 26464016 28677035 28699042 29437006 30045007 30891042
matěmu-těmudě|1|28953005
matěnehě|1|25833010
matěngadě|2|29314012 31027030
matěntang|2|27576016 27628031
matěntung|1|30759036
matěpasu|2|27607016 30154021
matětogě|1|28974012
matětị|3|29043027 30762018 30763006
matẹ̌pasu|1|28782009
mauadipě|1|26751022
mauagě|1|24486009
maudu-udupě|1|27583017
maudupě|3|24501018 24708010 29901017
maul᷊e|3|24388022 25165011 27424023
maul᷊ị|29|23441014 23693012 23713004 23787003 24552003 24670016 24674020 25414008 25788013 26410048 26537018 26609009 26809006 27115008 27322004 27619032 27647012 27706014 27754017 27813030 27948020 28187016 28549003 28724003 28793003 28892024 29046039 29184014 30669017
maul᷊ịben|1|26428015
maul᷊ịu|9|26698003 26734004 26740042 27780036 27790008 28458034 28650019 29499002 29613009
maumburě|1|29341008
maunsui|1|30027034
mauntu|2|25497002 25498003
maupung|1|30533026
mawadang|2|30443041 30453024
mawadange|2|30448007 30448022
mawala|1|23960028
mawal᷊insahě|1|29497009
mawal᷊ui|1|30063005
mawal᷊ěnguhě|1|26804004
mawal᷊ị|2|25399032 25755016
mawanti|1|27136036
mawantugě|69|24065025 24106016 24117003 24118010 24120003 24286023 24802014 24808008 24809014 24815003 24816016 24818003 24821013 24823029 24926004 25028005 25536020 25915010 25919011 26573008 26575017 26799019 26801019 26801032 26805002 26808024 26812004 26970016 27029023 27077003 27081027 27087012 27118002 27119037 27218019 27600012 27710002 27738008 27740017 28073025 28280007 28403029 28852007 29224012 29332010 29443019 29659022 29708015 29733016 29985017 29987045 30032003 30033002 30035012 30035017 30092007 30093014 30096003 30113011 30131004 30155011 30253013 30301007 30461020 30697019 30698020 30704019 30821021 31019028
mawatang|2|27906014 28580011
mawatu|4|23545006 23560006 25252006 25259005
mawawa|1|27910022
mawawahanine|1|30809007
mawawaigě|1|28995009
mawawala|1|28869008
mawawantugě|3|30511031 30512017 30681022
mawawatu|1|24340008
mawawinasa|1|26716023
mawawira|1|30773034
mawawo|1|27873027
mawawuang|1|29707002
mawawudi|1|29185020
mawawuhụ|2|23946033 26285015
mawawulu'n|1|27957021
mawawěhạ|6|23923006 23923010 25452020 27804025 28935010 29509011
mawawěnahě|1|23924017
mawawětadě|1|29857016
mawihua|1|27653018
mawinasa|11|26137025 26510014 26574020 26977026 28219022 28221014 28799010 29178016 29672016 30513060 30532030
mawira|16|23703017 24199007 24879020 26880009 26934017 30712002 30735032 30751025 30752009 30765024 30796010 30805008 30820040 30824016 30941011 31032017
mawoehě|1|29692005
mawombeng|1|27040008
mawu|24|24028005 27031011 27031016 27032017 27033003 27033029 27033042 27042018 27085019 27119010 27121037 27506014 27520014 27521007 27761002 27823026 27831033 27853018 28533008 29228019 29347008 29542025 29544007 30990035
mawuang|12|23262010 23267021 23653012 23781015 24608013 25709010 27985006 28276007 29292016 30229006 30305006 30739017
mawudi|1|30333008
mawuhụ|2|27398018 27613012
mawuka|1|31079007
mawuku|1|25626022
mawul᷊ugě|1|26677018
mawul᷊usě|1|25115043
mawun|5|25498008 25629002 29790009 29791027 29791033
mawune|39|23307006 23442014 23443013 23661018 24003018 24004007 24005003 24008003 24009006 24027018 25496006 25496012 25497010 25502012 25503005 25506002 25506018 25507006 25507016 25508006 25575010 25577002 25626012 25634006 25634022 25661009 25749003 26647010 26715016 26720013 27500050 27503004 28285027 28436011 29347035 29791004 29791012 29849025 29918006
mawung|3|29343010 29540008 30418011
mawunsal᷊ě|1|23716028
mawunạ|1|25737022
mawurěsi|2|30119025 31095008
mawurẹ̌si|3|23205009 25043012 29372013
mawuta|2|26480022 27374016
mawuạ|2|30385021 30388013
mawěhạ|14|23786013 24098020 24486015 24613018 24673002 24714024 26318019 27433009 27453016 28809027 28829011 28882024 29423020 30940036
mawěnahě|3|27271011 27313021 30881009
mawěngi|22|24062018 24062030 24064002 24067004 24758033 24758040 24758056 24759017 24763019 25233033 25234034 25242017 25992012 26526009 26584008 26586004 27105013 28839036 28840009 28840045 29307024 29461043
mawẹ̌desě|1|25145022
mazmurě|1|29324002
maěbụ|1|23569014
maěllo|1|27885025
maěllị|1|23306021
maěmpigě|1|25261014
maěndokangbe|1|28553037
maěnsạ|1|23871004
mea|1|30579025
meane|1|25563026
meda|6|24075014 24492009 24905018 25232022 25892011 30108021
meda'm|1|23839021
medan|3|23661017 24656035 28589026
medang|4|25879015 26111021 27575016 28589033
melong|4|23990010 24447013 24746010 30835035
mename|1|24756027
mengkatewe|1|24879025
mengonggọu|1|25894015
mesele|2|24719021 31069019
meselu|1|30203007
meselě|3|29023013 31071006 31071013
metere|6|26005023 26907026 27884021 27884038 30947028 31071018
meterě|4|23276017 26277008 26542010 30947033
mẹdang|1|25642011
mẹmatakụ|1|29509006
midatingu|1|29874003
mihino|2|25850009 28808009
mihombang|1|30502068
milombọko|1|29059021
milumbạko|1|28220011
milẹ̌hombang|1|28581009
milịhino|1|30976015
mipal᷊idě|1|27657029
miping|1|26967052
mirarating|3|23453015 25513034 25513038
misa|1|27634004
misěhụ|4|23167006 23831006 24111007 24804025
misěhụe|1|26850030
mitung|1|30799023
mitụ|1|25204043
mitụko|1|31035027
miwawul᷊eng|2|24949004 30055011
miwonohě|1|23371014
miwu|2|24315018 30975010
miwuhị|1|23742020
miwukang|1|25505030
miwul᷊e|1|30531013
miwul᷊em|1|26748024
miěbạ|3|25178011 28929051 30222026
miěbạu|1|25178002
miẹ̌bạ|1|29582015
mohong|14|23524018 23652005 24470032 27048013 27470025 27737018 27961013 29856015 29933004 30323006 30330002 30860007 30872017 30878015
mohong'E|4|25936014 29670023 30714008 31033002
mohong-Ku|2|30734027 30763022
mohonge|14|23645005 23645013 23651009 23728021 24557013 25192028 25341019 27542029 28199019 28550021 29782020 30858043 30907008 30914005
mohongku|1|26976007
mohongu|11|23907013 28197014 28198006 30206032 30859017 30871044 30908019 30968015 30968018 30968022 31039010
monane|1|27897007
monang|1|27886022
motong|2|27643007 28817016
mou|10|23412009 23413010 23664011 23665012 24496007 24501031 24564023 24916024 25420011 28637019
mul᷊e|4|23354023 25203018 25296017 25731019
munara|71|23241005 24065022 24413007 24752022 24761019 25536019 25583017 25769033 26191017 26231021 26247017 26507017 26519005 26724010 26764011 26948041 27365029 27373014 27404024 27441028 27546028 27611036 27662004 28273022 28319024 28324020 28416037 28645007 28664018 28786005 28847015 28861005 28940024 28940040 28944018 28985023 28987055 28996023 29035010 29091018 29254015 29288020 29329011 29346021 29384010 29417033 29476017 29560007 29661051 29678027 29733015 29742022 29774041 29807008 29824019 29849015 29849032 29871015 29916010 29918012 29998012 30055012 30099039 30117014 30231008 30287007 30292040 30333016 30664010 30699050 30805023
munara'm|2|23869032 24685003
munaraku|10|27651015 27944031 27944038 28321015 28327004 28542033 28545012 29359028 29382016 29407080
munaram|3|29554033 29563048 29856028
munaran|11|24671006 26195025 26445010 28188021 28491007 28520023 28641005 29900008 30516035 30588031 30993013
munaran'E|6|25049007 26925022 27387006 28243026 30018046 30019024
munaran'U|3|26332027 26515007 30950029
munarane|13|23337015 24004013 24902013 25503012 25583008 26972020 27388004 28250010 28491027 28951021 29279017 29998023 30025018
munarang|19|23462009 27584038 27613005 27766006 27935015 28446006 28491017 28862008 29422003 29451017 29473017 29518007 29982018 30078022 30095005 30112019 30117027 30468035 30676041
munaranu|2|29238026 29876018
munaranue|1|29876026
mundangu|4|27956019 28107018 28392010 30669051
mur|4|23181037 24850009 26865024 31007008
murbei|1|25658019
murit'E|199|23236019 23369009 23371003 23390033 23399006 23417007 23419006 23461010 23491014 23539008 23556012 23617043 23618010 23620007 23657009 23666006 23670028 23680008 23686017 23687002 23693007 23694011 23697008 23704006 23714003 23715007 23724015 23725006 23777007 23786007 23810016 23828015 23833003 23920011 23959011 23961016 24056015 24075008 24081026 24082017 24086007 24091008 24093006 24095009 24098010 24100011 24102013 24106004 24107005 24111021 24194014 24203007 24237005 24245005 24246015 24276031 24284016 24296005 24298010 24309020 24334017 24358021 24359010 24360010 24360036 24362014 24364007 24366006 24405029 24409010 24415005 24439025 24441037 24449036 24453008 24455006 24459015 24481014 24502023 24505002 24507035 24507043 24508024 24511006 24528005 24532008 24533010 24534009 24535014 24543007 24553008 24555015 24567009 24569005 24570007 24571002 24572018 24574012 24575024 24599009 24603013 24612006 24613002 24615009 24621005 24621016 24621035 24635015 24642022 24652036 24660007 24717007 24719010 24769021 24772007 24777025 24778020 24786025 24787015 24795010 24798012 24881009 24886008 24888009 24894003 25148015 25160011 25164027 25167005 25207012 25247031 25249033 25268008 25271007 25272005 25303008 25316015 25318038 25320012 25323007 25339008 25345030 25350007 25359006 25365009 25380007 25387007 25402007 25407018 25411005 25461023 25482007 25622006 25653006 25674008 25690011 25720005 25723006 25761013 25769016 25825013 25879013 25904015 25910011 26001014 26098005 26107029 26108017 26113003 26118013 26143007 26159011 26188005 26190003 26261010 26270009 26282012 26318013 26319007 26324008 26325008 26469013 26531010 26578036 26633005 26636016 26653002 26787011 26787027 26788019 26805011 26852009 26853007 26892018 26898015 26900014 26901022 26911020 26913013
murit'U|6|23492014 23636003 24285014 24469018 25141020 26332023
murit'i|67|23394028 23550003 23610004 23613003 23615013 23622005 23631003 23646003 23667003 23678004 23685003 23707003 23711002 23717008 23720004 23723004 23729005 23773003 23776021 23788003 23847004 23889006 24063002 24074002 24279006 24279028 24279040 24437004 24557025 25138018 25214002 25216003 25255002 25270002 25308002 25314009 25315013 25317002 25319010 25338013 25342007 25347003 25348004 25352012 25356005 25689002 25704022 25764003 25771017 25868019 25889003 25903004 25912018 25914003 25924015 26002009 26025021 26027003 26082004 26469022 27242006 27243014 27255011 27437010 27437050 27485015 28377020
murit'u|54|23373002 23391012 24069007 24072010 24204019 24209009 24277029 24420003 24421002 24443005 24445037 24451008 24466005 24509019 24515002 24517003 24553029 24602023 24630005 24655019 24765010 24767018 24771002 24774004 25141010 25425009 25425015 26184005 26266004 26274005 26280023 26329023 26443003 26536002 26540012 26585007 26597005 26744005 26756003 26864024 26886009 26887010 26892012 26893003 26894005 26922008 27103002 27109010 27218010 27227006 27236015 27243035 27595051 27681038
murite|5|25214016 25407031 26080011 27081031 27453019
muritě|28|23443005 23576013 23624003 23817006 24077004 24090021 24396002 24439015 24553013 24792009 24805002 25187003 25187008 25381005 26656002 26801005 26801012 26802010 26853015 26870010 26871006 26872006 26876003 26919011 26922012 26922024 27104013 27415002
muritẹ̌-Ku|18|23455015 23456017 23460020 23791026 23967024 24073033 24215014 25468014 25469015 25580031 25581011 25587016 25839038 25844012 25876015 26666017 26708018 26721013
musikě|3|25614018 28686002 31016002
musunge|1|27432025
musungu|10|25857011 27868007 27868036 27911020 28783015 29892007 29936024 30362033 30362037 30685053
mutane|1|30523016
mutiara|10|23323017 23323024 23585016 23586006 23586024 29726020 30980020 31010032 31075007 31075014
mutiaran|1|31006007
měbawal᷊ụ|1|26112008
měberang|1|24270009
měberau|1|30549004
měbiahě|3|29921028 30057020 30227024
měbuạ|3|27579009 27634032 27910014
měběra|1|28818035
měbẹ̌bal᷊insuagě|1|29017003
měbẹ̌bal᷊ụ|4|26788005 26995003 27057021 27059008
měbẹ̌bangkuadě|2|29170005 29496013
měbẹ̌bansagě|1|25959005
měbẹ̌baradosa|4|30586010 30586014 30588006 30643019
měbẹ̌baradosang|1|30681007
měbẹ̌barạdosa|1|30588016
měbẹ̌basa|1|27207016
měbẹ̌batụ|1|29233019
měbẹ̌bawa|7|23244004 23939019 26865023 30131016 30463027 30813014 30894003
měbẹ̌bawenteng|1|24264009
měbẹ̌bawělli|1|24656027
měbẹ̌bawạ|2|27672023 27799012
měbẹ̌bera|31|23517003 23525005 23706020 24423006 24423015 24426012 24607005 24942017 25950013 26336019 26341010 26566013 26975004 27303009 27531024 27707007 28000024 28376014 28920003 29011027 29039019 30187003 30205008 30232008 30233015 30238047 30888014 30902009 30914006 30956011 31023010
měbẹ̌beram|1|29302013
měbẹ̌beran|1|27246010
měbẹ̌berang|5|23521011 26427005 29454002 29576012 30195011
měbẹ̌berau|5|24546015 25569012 26341019 26450012 30560003
měbẹ̌biahě|56|23226003 23736017 23737015 23992010 24748012 24973011 25221015 25629031 25859009 27055005 27552013 27645023 27772025 28071018 28095004 28097005 28118010 28121023 28122004 28122020 28130005 28232038 28414006 28508005 28871004 28893014 28975007 29096030 29102007 29102011 29137008 29159036 29233013 29407019 29425034 29438011 29447010 29515022 29627018 29640022 29912019 29992022 30405028 30509013 30561009 30575036 30580008 30580022 30604010 30650012 30662039 30663017 30917008 30958026 30987005 31092032
měbẹ̌biahẹ̌be|1|30548021
měbẹ̌binsị|8|24965014 25746005 26719040 26723006 29973009 30560012 30595003 30724013
měbẹ̌binsịu|3|26141006 26606012 29334005
měbẹ̌bisara|24|23438002 23714008 23872022 25012015 25743009 26184016 26622014 26806008 26957009 27024007 27183008 27246003 27424008 27584009 27594008 27634038 27794033 28681010 28681015 28873018 28873029 30022020 30177047 31069003
měbẹ̌bisaran|4|26092008 26153003 27155018 27744042
měbẹ̌bisarang|6|25723020 26368004 27267004 27714016 27921041 29570022
měbẹ̌bisarawe|1|26355005
měbẹ̌bua|1|26702011
měbẹ̌buạ|1|23652008
měbẹ̌běke|1|25789003
měbẹ̌běken|2|25690005 27455019
měbẹ̌běkeng|7|24500022 27212019 27244039 27609014 27921037 27923032 30699005
mědalo|1|29219012
mědaloko|1|24962003
mědeạ|14|23183025 23302003 23740033 25416010 25593033 25742004 26365011 27551009 27640038 27696007 27898023 28547008 30256018 30468038
mědeạu|210|23172037 23200011 23288021 23398039 23439012 23439036 23532031 23533014 23536022 23551012 23608008 23775031 23821014 23821019 23861019 23880017 23892009 23924007 23932018 23933025 23934023 23961018 23967009 23982020 24059004 24110022 24114012 24156018 24204013 24291011 24295017 24304007 24354024 24383018 24591008 24634007 24634012 24676018 24847021 24953012 24996022 25001026 25006008 25015009 25033009 25038010 25043006 25082025 25112026 25125043 25154012 25184005 25284012 25303012 25354023 25363017 25437020 25456007 25458023 25577019 25582016 25696024 25744012 25794031 25800029 25808030 25821009 25827011 25849009 25871011 25895023 25905010 25917022 25938023 26012014 26021032 26229012 26245015 26255009 26347007 26347014 26352008 26388005 26454013 26480011 26492013 26842010 26854011 26989029 27050029 27051004 27091023 27108011 27113009 27131012 27148013 27155042 27209014 27283008 27373026 27374047 27382007 27384021 27411026 27445030 27468013 27475021 27488037 27493032 27499046 27519014 27535034 27562012 27581016 27590010 27608016 27630033 27634009 27640014 27649003 27655026 27674013 27681013 27689018 27691032 27695013 27710059 27724017 27729016 27729022 27756018 27763016 27780007 27796026 27806022 27810013 27822035 27830007 27845014 27915032 27923009 27932017 27932029 27937018 27955014 27984019 28048019 28173025 28179006 28224011 28227041 28229013 28235031 28242010 28278020 28309016 28355013 28469017 28551027 28584034 28680017 28698033 28834006 28836010 28837007 28887008 28974022 28998024 29042009 29074031 29147032 29152009 29388027 29405010 29420008 29436010 29554031 29570038 29583039 29596013 29634029 29787010 29988025 29988038 30014016 30020017 30026008 30090027 30112017 30113028 30131028 30208028 30223036 30339026 30379004 30545008 30588029 30677027 30689035 30697007 30728047 30826037 30891049 30896028 30925017 30933018 30969027 31037017 31047025 31069012
mědosa|1|25905014
mědědeạ|1|24201014
měděndal᷊eng|1|23870020
mědẹ̌dahenesang|2|30892022 30973005
mědẹ̌dalahěmpụ|1|29514019
mědẹ̌dalo|7|24940006 25769024 25983011 27411015 28043021 28603004 28990013
mědẹ̌dal᷊ahaghi|1|24250010
mědẹ̌dal᷊ahaghin|1|29290023
mědẹ̌dal᷊aheghesě|1|30349007
mědẹ̌dal᷊ahingid'u|1|27048035
mědẹ̌dal᷊ahintau|1|27541007
mědẹ̌dal᷊ahopa|1|27605008
mědẹ̌dal᷊embo|4|26492020 29455009 29455025 30488015
mědẹ̌dal᷊embong|1|29462008
mědẹ̌dal᷊ewang|1|24811013
mědẹ̌dal᷊iun|1|25479021
mědẹ̌dal᷊iwuwung|1|31003024
mědẹ̌daral᷊eng|4|24525015 24668012 26917018 30474014
mědẹ̌daral᷊engke|1|26505004
mědẹ̌dararagu|1|30215027
mědẹ̌darendeh'i|1|27111039
mědẹ̌darendeh'u|1|24573010
mědẹ̌darendehi|1|27782009
mědẹ̌darendehu|2|30682014 30682019
mědẹ̌darendehě|1|27246005
mědẹ̌dariagạewelain|1|30294024
mědẹ̌daripěllau|1|31038059
mědẹ̌darokạ|2|29180005 29180017
mědẹ̌darudato|1|27634021
mědẹ̌datingu|1|27835025
mědẹ̌deạ|37|23325011 23500011 23585015 23794020 24071007 24114009 24397009 24766021 24880011 25018020 25022030 25023010 25106023 25311035 25525027 25526016 25799020 25800005 25997019 26083019 26284008 26432011 26436006 26521003 26790022 26793011 26838008 27032019 27143014 27180008 27333008 27374045 28446012 28920006 29832016 29904027 30230025
mědẹ̌deạbe|1|29691022
mědẹ̌deạu|2|24686010 25481006
mědẹ̌dingang|2|26727013 26812024
mědẹ̌dokạ|1|29124009
mědẹ̌dorong|44|23206022 23325004 23529015 24334024 24372023 24375006 24382008 24388002 24512021 24513013 24523019 24635028 24790017 25422014 25648010 25692016 26857045 27000017 27358044 27391020 27405015 27493023 27677016 27809012 27812024 27827018 27878007 28201034 28247016 28354006 28833005 28937004 29144006 29265005 29274013 29718004 29769027 29785013 29802029 29948010 30232020 30264002 30359022 30871012
mědẹ̌dusě|2|23510008 24017020
měgaghěllị|1|28641010
měgausě|1|31086005
měgěgausě|1|24644018
měgěllị|2|23807012 29139023
měgěllịu|10|23301024 23326005 24513022 25414022 25418002 26232008 26546013 26891018 26891028 28935021
měgěnggoghahě|1|28976025
měgẹ̌gaghal᷊ědụ|5|30865025 30892027 30973009 31019006 31024019
měgẹ̌gaghal᷊ěgehě|1|31024015
měgẹ̌gaghal᷊ẹ̌dụ|1|30774015
měgẹ̌gagholọu|1|29777006
měgẹ̌gaghěllị|1|27450005
měgẹ̌gahe|1|23657025
měgẹ̌gapaěng|2|23836002 26263014
měgẹ̌gaus'u|1|23677011
měgẹ̌gausewe|1|28843019
měgẹ̌gausě|24|23277004 23315022 23393012 23830013 24665011 25109015 25123016 25435024 25763015 25766005 25988008 26184035 26204023 26775017 27289008 27308017 27578003 27644010 28450005 29459006 30273004 30309010 30467003 30651006
měgẹ̌gausẹ̌be|1|27289029
měgẹ̌giuma|1|27076004
měgẹ̌giọen|1|26976009
měgẹ̌gul᷊ewasě|1|27419005
měgẹ̌gěllị|3|26171034 27325008 27524019
měgẹ̌gěllịu|4|23295008 24548011 26049009 26347003
měhabar'u|11|23410014 24408010 25247015 26052004 27232024 27932030 28324004 29260019 29446023 29593021 30951014
měhabaren|1|28359012
měhabaru|38|24204014 26182026 26465019 26581026 26968020 27104028 27212017 27430025 27450040 27490010 27563017 27651037 27657011 27674014 27691033 27720008 28397018 28435011 28557003 28557028 28605009 28606011 28668006 28674016 28674025 28684030 28685042 28703007 28708008 28733016 29216007 29247007 29353005 29376018 29781023 29821003 30238030 30501035
měhabarě|19|23854025 24531012 25302018 25323010 25785010 25932020 26408021 26967026 27470021 27501025 27757005 29153018 29407035 29550008 29552031 29990009 30543019 30656007 30983014
měhabarẹ̌'u|1|28252036
měhal᷊ě|1|30940035
měhal᷊ẹ̌be|1|29691019
měhampasě|1|24316010
měhamụ|1|29502002
měhanạ|1|30282009
měhapusě|1|24316016
měhapịu|1|28752006
měharesě|1|24353011
měhending|1|30896026
měhengetang|3|24043005 28040050 28700018
měhengke|7|26221026 27069031 27840012 28196012 29212016 30093030 30276012
měhiborě|2|23239009 29678015
měhiking|1|27659014
měhinakang|13|23521022 23522020 23738004 24317007 24318004 25470019 25721013 27115026 27404008 29856019 29858004 29912027 30401021
měhipe|1|25465024
měhite|1|28042012
měhodatě|2|23653018 29717026
měhose|1|30323004
měhukung|25|23319014 23532020 25184016 25754015 26233004 26233010 26393014 26398004 26628012 26628020 26629022 27374009 27573029 27776025 27979023 27997035 28285011 28467017 28467033 29872011 30164021 30164031 30464024 30804024 31002029
měhukungu|21|25850029 26138008 27124005 28271031 28467003 28470026 28471012 28851004 28928038 28978017 29610029 29658008 30350007 30452017 30464005 30682033 30688002 30688008 30688021 30891019 30934020
měhumpạu|1|29949004
měhěbagě|1|23674012
měhěgisě|1|29054031
měhěgo|2|23873005 26359013
měhěgạ|1|27756019
měhěmbung|1|30765032
měhěnding|4|23966013 26748005 29159025 30894009
měhěngisě|1|30963016
měhěping|2|29875006 30879008
měhẹ̌go|1|24369027
měkakěndagě|1|29394016
měkal᷊iaesě|1|24086040
měkapurạe|1|25389017
měkoạ|9|24410049 25156024 25823003 26457016 28540005 28641004 29011012 29923027 29925021
měkoạbe|1|28558005
měkẹ̌kahumang|2|28992009 30056004
měkẹ̌kahumangu|2|29814011 30376027
měkẹ̌kakaghiang|2|23163013 24921016
měkẹ̌kakalulu|1|30974039
měkẹ̌kakereapa|3|24549015 27541032 27577018
měkẹ̌kakingkaengu|1|24806005
měkẹ̌kakiwal᷊o|1|25041009
měkẹ̌kakoka|2|27143010 27143032
měkẹ̌kakuwal᷊ị|1|26829003
měkẹ̌kakědang|1|24731017
měkẹ̌kakělla|2|24291019 24547004
měkẹ̌kakěndagě|1|29393030
měkẹ̌kal᷊iomanembeng|1|30372010
měkẹ̌kal᷊iomaneng|23|23933031 25011023 25320008 25407006 26780009 26780012 26781003 27343014 28190017 28693011 29053017 29224002 29268003 29270002 29366006 29366011 29469027 29475008 29475024 29727018 29769024 30661001 30826013
měkẹ̌kantarị|3|30777024 30793026 30930021
měkẹ̌kapura|1|24646012
měkẹ̌karadiahang|6|23916014 26444026 28097022 29232027 29272005 30166037
měkẹ̌karadiahange|1|23428019
měkẹ̌karaki|8|23164014 23183023 26330024 28178008 28179005 28816010 28817004 28974021
měkẹ̌karalọ|1|30702015
měkẹ̌karimang|2|25880010 28924032
měkẹ̌karimangu|2|29152003 30189007
měkẹ̌kati|1|25286020
měkẹ̌kilạ|1|30774009
měkẹ̌kiwal᷊o|1|25130015
měkẹ̌konti|3|30063012 30422014 30547023
měkẹ̌koạ|64|23274015 23280032 23280036 23281026 23282026 23338018 23363003 23521008 23589017 23858009 24042003 24485014 24486005 25434016 25508009 25788021 25967009 26141003 26230020 26240008 26240019 26411020 26420016 26423003 26472020 26520005 26729027 27298033 27561019 27596005 27597003 27600016 27610015 27657017 27719033 27931020 28020017 28287011 28560020 28561045 28813045 28821032 28842010 28861004 29190008 29263004 29378004 29541014 29633010 29683020 29688003 29766007 29992030 30285016 30317025 30414011 30437027 30587011 30602019 30641014 30670015 30670025 30732052 30744009
měkẹ̌koạbe|4|24943006 27295009 28019018 30490028
měkẹ̌kui|9|23185019 25140004 25193004 26485017 26644003 26971007 28202009 29138026 29676018
měkẹ̌kul᷊ěte|1|27786004
měkẹ̌kurate|2|28880010 28882017
měkẹ̌kědong|1|30193006
měkẹ̌kěmbuni|1|23984027
mělahabare|2|26053011 28203040
mělahabaru|7|27673019 28559037 29259011 29284023 29876021 30387030 30458003
mělahal᷊ě|28|24236022 24676014 24677003 24678011 24680028 24681003 24683022 24683030 25084013 25366024 25487013 25790013 25790020 25791019 25792014 25794004 25795029 25796010 25796016 26203023 26205006 26206003 27610036 27611008 27611012 27624006 29003011 31016026
mělahapa|2|24752030 26803004
mělahe|12|23859008 23921011 24271005 26100014 26231019 26686010 26726020 26736004 28033007 28439027 29378025 29437029
mělaheghesě|1|30691015
mělahẹu|7|23575019 27967024 28178013 28703029 29122017 29826014 29828016
mělahikinge|1|29767007
mělahino|2|25508012 29182015
mělahukung|23|23260020 23260031 23275009 23435012 23437009 24149007 24729009 24843008 25474010 25518008 25518038 25691009 25692014 25693013 25695009 26397012 27144024 27152028 27383024 27383029 27780022 28265026 28469010
mělahukunge|3|23260008 25693004 26629013
mělahukungu|3|24727015 30236030 30349056
mělahěnsinuang|4|23309008 23564024 26883026 30359006
mělahěnsinuange|2|28548015 30362017
mělal᷊uhen|1|25273023
mělal᷊ukadu|1|28548026
mělal᷊ukadě|9|24086033 24782029 24982006 24989014 24991005 24992008 24994002 25659010 27356009
mělanda|1|23268016
mělanging|2|25582006 28324019
mělanisě|1|25992014
mělawị|1|29733007
mělikosě|1|24756025
mělinga|2|24724015 30401012
mělingu|1|29016014
mělintụ|1|26857059
mělinuhě|2|23965022 24726019
měliung|1|28335005
měliwir'i|2|26836016 26838022
měliwir'u|2|24634019 26013010
měliwiru|1|26838010
mělle|7|23322003 23641005 24009012 24470008 25189034 26092022 29750004
měllewe|1|27886018
mělliung|1|29889006
měllo-měllo|7|23294009 25409004 27103039 28471023 29118013 30309015 30509020
měloara|1|30906030
měloarang|1|30829019
měloho|2|25605007 25642004
měloke|1|24210011
mělome|1|29019003
měluhem|1|28882047
měluhudě|1|29320006
měluka|6|24223021 24646018 25042030 25765016 26072008 27388038
mělukạ|1|30046033
mělukạu|1|29423022
měluntinghě|1|28700033
měluntingihě|2|25524007 29620006
mělutu|1|30876011
mělěgahě|1|29727009
mělěhabaru|1|27542054
mělěharapě|3|29219007 29630031 29746003
mělěpasě|1|25551030
mělěsọu|1|24836010
mělẹ̌bing|1|25361021
mělẹ̌habar'i|4|27237013 28387008 29377009 29379005
mělẹ̌habar'u|12|23233017 23339022 23415025 24338007 25029016 25308010 27102020 27181008 27217018 27934003 29066003 29584020
mělẹ̌habaren|1|25781009
mělẹ̌habaru|26|25044014 26060009 26186005 27021025 27202025 27395007 27537012 27542041 27544006 27816029 27844004 27844042 28320024 28397026 28683013 28705026 28997005 29065009 29067016 29174016 29566005 29952031 30249009 30387036 30506042 30707044
mělẹ̌habarě|11|25000008 26155005 26323011 27189006 27488010 27931007 28897004 29174024 29379013 29837002 29887005
mělẹ̌habarẹ̌beng|1|29377021
mělẹ̌hal᷊ě|9|25249006 25606010 25618013 25789024 26228021 28027003 28904011 28956011 29554029
mělẹ̌hal᷊ẹ̌be|1|29041035
mělẹ̌hampasě|1|25827008
mělẹ̌hapa|3|24184007 25427008 27725022
mělẹ̌harap'u|2|29209013 29571009
mělẹ̌harapu|1|29467038
mělẹ̌harapě|29|23511005 25944028 26013004 27142003 27774012 28041005 28141029 28142007 28235006 28803001 28814029 28862039 29059020 29068010 29068017 29168007 29205016 29364001 29379024 29382021 29433004 29471011 29769015 29942003 29961014 30199029 30379003 30430012 30673002
mělẹ̌harapẹ̌be|2|28900016 29758013
mělẹ̌harapẹ̌u|2|28224002 29050002
mělẹ̌heghesě|2|30349016 30349030
mělẹ̌hengetang|8|24227007 25295005 25825007 26756015 27048010 29047016 29965010 29966008
mělẹ̌hengke|1|30093006
mělẹ̌hiking|2|23309025 25484023
mělẹ̌hinakang|9|24268010 24486003 24819009 26431019 27113017 27115032 27564009 27595028 28000022
mělẹ̌hingidu|1|27246015
mělẹ̌hingidě|1|23165006
mělẹ̌hiudě|1|27180023
mělẹ̌hodatě|1|23383014
mělẹ̌hukung|4|26241011 26397003 27738026 27964047
mělẹ̌hědo|1|30362018
mělẹ̌hěmbung|2|28855009 28857017
mělẹ̌hěnding|1|28139019
mělẹ̌hěnsinuang|1|30052023
mělẹ̌ke|1|28439040
mělẹ̌lahe|15|24483023 26231007 26247022 27025023 27527011 27586023 28013031 28064032 28532014 28584015 28584039 28818013 29020016 29157013 30240005
mělẹ̌lahẹu|17|24579011 26482024 26614007 26740011 26918007 28370003 28399020 28415020 28872003 29028019 29148012 29935015 30044008 30111015 30129008 30303017 30985032
mělẹ̌lambaihang|1|25602032
mělẹ̌lampa|1|25149011
mělẹ̌lelang|1|30346031
mělẹ̌lewa|1|30689033
mělẹ̌likụ|1|25920017
mělẹ̌lising|1|25148020
mělẹ̌liwuahě|1|24577015
mělẹ̌liwung|4|23364004 24321007 25291022 30822007
mělẹ̌loahu|1|28014005
mělẹ̌lohosu|1|25624014
mělẹ̌lombang|1|28889015
mělẹ̌lome|1|29019007
mělẹ̌londo|1|29047030
mělẹ̌luhen|1|30296006
mělẹ̌luheng|1|31010015
mělẹ̌lukadě|3|27655050 29645024 30970011
mělẹ̌luntingihě|1|30708020
mělẹ̌lěnggihě|2|23313016 25488015
mělẹ̌lěngkangu|1|25452018
mělẹ̌lěsọu|1|24833008
mělẹ̌l᷊ěnggihě|1|30428007
měmacolě|1|25527017
měmaedě|1|29952006
měmaeh'u|1|23795006
měmaehě|6|23754019 23890016 28559026 29958012 30074021 30074031
měmaghe|1|29184013
měmahang|1|30879045
měmahansang|1|29593038
měmalang|1|28297004
měmaleleng|1|28862022
měmal᷊awuhu|1|30891026
měmal᷊isu|1|29656010
měmal᷊isě|5|23274010 28265022 29768030 29885016 30434002
měmal᷊iun|1|28666021
měmal᷊ui|4|27968009 30062017 30086028 30230027
měmal᷊ị|1|23323011
měmamadul᷊i|1|29284036
měmamaehě|1|29687010
měmamahiạ|1|25474012
měmamalasě|1|29686017
měmamamile|2|24688042 27294016
měmamamunarane|1|25604009
měmamanda|1|27295018
měmamantugě|1|28671004
měmamasaěng|1|29191005
měmamile|5|23889049 25801044 29347047 29543015 30392026
měmamunara|5|23801011 23803005 23861017 23865003 23867018
měmamunara'n|1|23862003
měmamunarane|2|23860043 28420007
měmamunarang|1|27031017
měmamurẹ̌sine|2|28551019 29989012
měmamusikě|1|23403016
měmamělle|1|30337035
měmaměnsạ|1|23309010
měmaměnsạe|2|23417012 26193020
měmaměnsạu|1|23570013
měmanda|7|23555024 24173019 24654017 26590034 27140014 27149028 29088035
měmangung|2|27459012 28691036
měmansagě|2|23509007 24300018
měmantugě|4|26593008 27158027 28463005 28463029
měmarikěsa|1|28632006
měmaringang|2|27480004 27481006
měmate|41|23603007 23653011 23868008 24059011 24086032 24293030 24295018 24427013 24485017 24561006 24608011 24659019 24683019 24756032 25794028 26229013 26330025 26348027 26349013 26419017 26422013 26492006 26577011 26591008 26729017 27093016 27145006 27218008 27240012 27241016 27246016 27630024 27696009 27750048 27800024 27845015 28007009 29670016 30592014 30845004 30846005
měmatung|1|25559029
měmatạ|2|29351021 30629014
měmeru|2|27738014 29010027
měmiah'i|1|29236012
měmiahě|1|28128028
měmihing|1|30051012
měmile|4|27457023 27465013 27468014 29372006
měmingkahě|2|30782019 30785031
měmitaugě|2|29503008 31047006
měmohe|5|27463006 29958005 29960003 30539009 30565034
měmombeng|1|24301013
měmou|1|24914023
měmpahul᷊uasě|3|23357013 25547016 30460024
měmpahumbisarang|1|27545023
měmpahundal᷊eng|3|23423012 23429022 27520038
měmpahunděnta|1|24740011
měmpahungkaěng|1|24281020
měmpahungkiạ|1|31009028
měmpahunsuě|1|25458020
měmpahuntal᷊ang|1|24782012
měmpamalan|2|28228006 30159010
měmpamate|4|23190008 23446006 23446011 28213022
měmpamateng|1|24107016
měmpamunara|1|23805003
měmpamělli|1|31006002
měmpanal᷊endeng|1|25075006
měmpanal᷊ukạ|1|23891020
měmpaname|2|24804016 24806017
měmpanarakang|2|27433017 28085009
měmpanarakangken|1|27438023
měmpanarakangu|1|28088044
měmpanarimạ|2|28994007 29005023
měmpanenggehě|1|24464033
měmpanengkohě|1|25544019
měmpangadatě|1|23643005
měmpangaho|1|30992019
měmpangal᷊ạ|1|28622011
měmpangambung|1|24714012
měmpangampal᷊ě|3|26041018 28142017 30504041
měmpangampung|1|23297004
měmpangampungbe|1|26891004
měmpangangimang|3|23718016 28864012 29548010
měmpangidopu|1|26814038
měmpangimang|28|23474005 23598016 23849019 23859033 24672038 24888038 25258024 25271013 25435030 25652020 26033008 26205023 26519013 26520018 26572013 26620007 26698023 27404032 27924012 28039046 28233013 28733024 29673015 29674010 30186005 30426033 30464038 30678031
měmpangimangu|2|26003019 30426020
měmpanginung|2|25861011 28302007
měmpangirul᷊e|1|28674037
měmpangomol᷊u|1|23581008
měmpangonggọ|1|28945005
měmpangonggọu|1|23923008
měmpanguhasě|1|23636018
měmpangutang|1|28275003
měmpangědo|1|30861021
měmpangěndung|1|29938005
měmpangěnsilě|1|27779006
měmpangẹ̌dọ|1|28279014
měmpangạduhang|1|27778005
měmpanodẹu|1|28262008
měmpanoghasě|3|27581017 29622011 30803024
měmpanokol᷊ě|1|23517023
měmpanompol᷊ě|1|24512017
měmpanědạ|1|23818031
měmpaněllidu|1|24892015
měmpaněmba|1|24471005
měmpaněmban|1|28247022
měmpaněngkul᷊ě|1|28544004
měmpaněntangu|3|26325019 26759020 27430032
měmpaněntiro|1|29781026
měmpaněntọe|1|23835015
měmpaněse|1|25775024
měmpehal᷊ě|1|29636015
měmpěbẹ̌baheaun|2|24171016 24858011
měmpěbẹ̌bera|3|26829008 27592024 31024025
měmpěbẹ̌biahě|1|30923005
měmpěbẹ̌buheang|1|27729031
měmpědẹ̌daringihě|2|23553021 23554016
měmpědẹ̌deạ|7|24253015 24321030 24376008 24756023 24810008 26340010 30179037
měmpědẹ̌dosa|2|29044031 30303012
měmpěgěllị|1|27793026
měmpěgẹ̌ganohạ|1|24404012
měmpěgẹ̌gio|1|31019014
měmpěhal᷊ě|1|28257002
měmpěhampasě|1|25040026
měmpěheghesě|1|30526025
měmpěhengetangu|1|27378042
měmpěhodatě|1|30503027
měmpěhukungu|1|28470009
měmpělahal᷊ě|2|23311018 23802003
měmpělikosě|1|27886007
měmpělimadě|1|24623010
měmpělukadě|1|30468005
měmpělutu|1|31009030
měmpělěsạ|1|29147028
měmpělẹ̌habar'u|1|27422007
měmpělẹ̌habaru|4|27327035 27328019 27478012 28555010
měmpělẹ̌hal᷊ě|1|30720011
měmpělẹ̌hampasě|1|23933021
měmpělẹ̌hapa|1|24207011
měmpělẹ̌heghesě|1|26963006
měmpělẹ̌hinakang|1|24174007
měmpělẹ̌hodatě|2|24856007 30301005
měmpělẹ̌likụ|1|30930012
měmpělẹ̌liwung|2|24323010 30791016
měmpělẹ̌loke|1|27799022
měmpělẹ̌luhen|1|30858017
měmpělẹ̌luheng|1|30773030
měmpělẹ̌lukadě|1|27083030
měmpělẹ̌ěnggahu|1|30821008
měmpělẹ̌ěnggahě|1|31012018
měmpěmanda|2|26863012 30515013
měmpěmansagě|1|29304011
měmpěmate|1|27898008
měmpěmunara|2|29689020 30259061
měmpěmělle|2|23288009 23299013
měmpěmělli|1|31005022
měmpěmẹ̌manda|2|23553013 24867009
měmpěmẹ̌mansagě|2|27618015 27701009
měmpěmẹ̌munara|2|29634018 30145005
měmpěnahowong|1|27114005
měmpěnal᷊ukạ|2|24689015 28577006
měmpěname|1|26521006
měmpěnamedě|1|30511029
měmpěnangkạ|1|25422008
měmpěnanoke|1|30512015
měmpěnaněmba|1|31043045
měmpěnarakang|2|27428027 30145014
měmpěnarakangu|1|30466020
měmpěnarimạ|2|26751018 27723021
měmpěnarimạu|1|28680011
měmpěnaung|1|30264006
měmpěnawong|1|31043016
měmpěndal᷊akisě|1|28623020
měmpěndal᷊aị|1|30878033
měmpěndal᷊engu|2|26579019 30993011
měmpěngakal᷊ě|1|25040021
měmpěngangimang|2|24558020 30408020
měmpěngantangu|1|30412014
měmpěngomol᷊ě|1|28779033
měmpěngonggọ|1|28964004
měmpěngonggọu|2|23286005 30310023
měmpěngědo|1|28233010
měmpěngědu|1|24623007
měmpěngěntung|1|27086036
měmpěngěntungu|1|27420017
měmpěngẹ̌ngaho|1|24714008
měmpěngẹ̌ngampal᷊ě|1|27889027
měmpěngẹ̌ngekeng|1|31043038
měmpěněntangu|1|30861011
měmpěnẹ̌naghe|1|30812016
měmpěnẹ̌nahowong|1|27537025
měmpěnẹ̌nasa|2|27437013 27488029
měmpěnẹ̌nawuh'u|1|29700033
měmpěnẹ̌něbal᷊ě|1|31028059
měmpěnẹ̌němba|1|30957030
měmpẹ̌baheaun|1|25583020
měmpẹ̌bal᷊ui|1|23731011
měmpẹ̌bangung|2|23531008 24699006
měmpẹ̌basa|1|28857007
měmpẹ̌bawa|5|24110018 24416021 24724005 25900017 31078017
měmpẹ̌bawal᷊uang|1|29342019
měmpẹ̌bawěken|1|23506006
měmpẹ̌bera|10|23339008 23963010 23984023 24724008 25514021 25584004 25591012 25965008 25966007 29810005
měmpẹ̌berau|3|25515013 29002023 30297034
měmpẹ̌biahě|3|29179016 30249020 30412002
měmpẹ̌biala|1|25984007
měmpẹ̌bilingu|1|29064022
měmpẹ̌bingọ|2|25852022 29664006
měmpẹ̌binsị|2|23967017 23968012
měmpẹ̌binsịu|1|30992012
měmpẹ̌bisara|1|29302004
měmpẹ̌bisaram|1|28692006
měmpẹ̌bua|2|23563019 26708004
měmpẹ̌buam|1|25260035
měmpẹ̌běken|1|24500008
měmpẹ̌bětụ|1|28220014
měmpẹ̌bẹ̌bansagě|1|27618020
měmpẹ̌bẹ̌bawa|4|24798021 27076013 28204024 30115027
měmpẹ̌bẹ̌bawělli|1|23839015
měmpẹ̌bẹ̌bera|7|23896020 24550013 26192003 26482017 26523009 28974028 28982003
měmpẹ̌bẹ̌berang|1|27306008
měmpẹ̌bẹ̌biahě|6|26709016 27431012 29049013 30441027 30691022 30984034
měmpẹ̌bẹ̌biala|1|25971005
měmpẹ̌bẹ̌binsị|1|25174026
měmpẹ̌bẹ̌binsịu|1|30562004
měmpẹ̌bẹ̌bisara|1|30365009
měmpẹ̌bẹ̌buheang|2|26838017 26841003
měmpẹ̌bẹ̌bul᷊o|1|30340021
měmpẹ̌bẹ̌běken|1|24381013
měmpẹ̌bẹ̌kem|1|30504011
měmpẹ̌dalo|1|28313008
měmpẹ̌dalon|1|25769021
měmpẹ̌dal᷊inaụ|2|25096005 26231027
měmpẹ̌darendehu|1|29793016
měmpẹ̌daringihě|3|23557026 26490016 29873017
měmpẹ̌daringọ|1|30883015
měmpẹ̌deạ|4|25543015 26363005 27460007 29149007
měmpẹ̌doa|1|25690016
měmpẹ̌dorong|3|24464028 24838010 26753007
měmpẹ̌dosa|4|23735010 25653013 25654024 30552015
měmpẹ̌dědeạ|2|24291007 26580003
měmpẹ̌děndal᷊engu|1|23923018
měmpẹ̌děndingọu|1|28353014
měmpẹ̌děnta|2|23963006 28994010
měmpẹ̌dẹ̌dahěmung|1|25461017
měmpẹ̌dẹ̌dalo|8|23665025 24987009 25173009 25173020 26045003 26997004 27044029 28843011
měmpẹ̌dẹ̌dalon|1|24659033
měmpẹ̌dẹ̌dal᷊ahapị|1|27617008
měmpẹ̌dẹ̌dal᷊ahintau|1|27526021
měmpẹ̌dẹ̌dalọ|1|27306012
měmpẹ̌dẹ̌darendeh'u|1|25348006
měmpẹ̌dẹ̌darendehě|2|24553026 27542009
měmpẹ̌dẹ̌dariahi|1|27049005
měmpẹ̌dẹ̌daringihě|1|24336015
měmpẹ̌ganohạ|1|24154017
měmpẹ̌gio|1|25772014
měmpẹ̌gěllịu|1|25870007
měmpẹ̌gěnggohaeng|1|27530043
měmpẹ̌gẹ̌ganohạe|1|23403022
měmpẹ̌gẹ̌gio|2|23842025 24650013
měmpẹ̌gẹ̌gěllị|1|25831007
měmpẹ̌gẹ̌gěllịbe|1|28936007
měmpẹ̌hiborě|1|26543012
měmpẹ̌hukung|4|23318002 23319005 23531014 23791036
měmpẹ̌kahěndusě|1|23299009
měmpẹ̌kakoka|1|29043024
měmpẹ̌kakělla|1|25220027
měmpẹ̌kakěndagě|2|26665023 30455007
měmpẹ̌kal᷊ioameng|1|25408010
měmpẹ̌kal᷊iomaneng|11|23288004 23288012 23289005 23290004 23924019 24714018 25141017 25407032 25699013 29545002 29725011
měmpẹ̌kal᷊iomanengbeng|1|30261012
měmpẹ̌kal᷊ịomaneng|1|26601007
měmpẹ̌kantarịu|1|29324016
měmpẹ̌kate|2|30847010 30847016
měmpẹ̌kawing|2|24699013 28497015
měmpẹ̌kaěng|1|30725019
měmpẹ̌komol᷊ě|3|28458048 28634011 28705016
měmpẹ̌konti|1|29527002
měmpẹ̌koạ|27|23284020 23285024 23713033 23982014 24740015 25182014 25454030 26352005 26714009 27441027 27963033 27970012 28090018 28254028 28263003 28271017 28280004 28302010 28965024 29544010 29610031 29637015 29938006 30438012 30468034 30515005 30740038
měmpẹ̌koạbe|2|26421030 29051032
měmpẹ̌kurubụ|1|30364002
měmpẹ̌kěmbuni|1|30809021
měmpẹ̌kẹ̌kakiwal᷊o|1|27595066
měmpẹ̌kẹ̌kakoka|1|30340023
měmpẹ̌kẹ̌kakělla|1|23554024
měmpẹ̌kẹ̌kakěndagě|1|26666005
měmpẹ̌kẹ̌kakẹ̌lla|1|24185007
měmpẹ̌kẹ̌kal᷊iomaneng|5|25696013 25827020 27231017 29558021 30891039
měmpẹ̌kẹ̌kantarị|4|30778006 30778034 30789003 30792004
měmpẹ̌kẹ̌kati|1|28136005
měmpẹ̌kẹ̌kawing|2|23996013 25814009
měmpẹ̌kẹ̌komol᷊ě|2|27050028 27618004
měmpẹ̌kẹ̌konti|1|31081011
měmpẹ̌kẹ̌koạ|29|23540003 23581017 23583004 24055014 24356026 25149017 25180006 25180012 25180024 25453006 26229018 26416012 26730003 27955022 27959024 27963022 27966009 28457022 28663030 29004006 29005014 29184029 29201023 29308028 30680016 30680024 30969010 31081004 31096005
měmpẹ̌kẹ̌koạbe|6|24285025 27958025 27977017 30206012 30302003 30431028
měmpẹ̌kẹ̌kui|4|23476020 25228011 25665002 27529009
měmpẹ̌kẹ̌kědong|1|30520005
měmpẹ̌liwung|1|25775020
měmpẹ̌lěhapa|1|24200004
měmpẹ̌lěhěmbung|1|24325012
měmpẹ̌lěto|1|23969005
měmpẹ̌lẹ̌habar'i|1|28206019
měmpẹ̌lẹ̌hapạewe|1|24982007
měmpẹ̌lẹ̌hinakang|1|25947009
měmpẹ̌lẹ̌langing|1|25680012
měmpẹ̌lẹ̌lenga|1|29810013
měmpẹ̌lẹ̌lewa|1|25642017
měmpẹ̌lẹ̌lukadě|1|25497007
měmpẹ̌mitaugě|1|29860013
měmpẹ̌mělle|1|23933013
měmpẹ̌mẹ̌manda|1|27117007
měmpẹ̌mẹ̌manikạ|1|30005011
měmpẹ̌mẹ̌mělle|1|24689007
měmpẹ̌ngal᷊imona|1|24441032
měmpẹ̌ngane|1|23279016
měmpẹ̌ngumpaedě|1|29719009
měmpẹ̌ngẹ̌ngampal᷊ě|1|25012022
měmpẹ̌ngẹ̌ngane|2|30964010 30976022
měmpẹ̌nodẹu|1|27978005
měmpẹ̌numea|1|30451027
měmpẹ̌nẹ̌nahaghe|1|29587005
měmpẹ̌nẹ̌nal᷊ukạ|1|30005007
měmpẹ̌nẹ̌nihasang|1|29086005
měmpẹ̌nẹ̌nualagu|1|28705039
měmpẹ̌nẹ̌němba|1|28477029
měmpẹ̌pahimang|1|29086029
měmpẹ̌pakeang|1|25495010
měmpẹ̌pakilingu|1|24169005
měmpẹ̌papalilị|1|30211012
měmpẹ̌papangadatě|1|28256019
měmpẹ̌papangaghidu|1|28279023
měmpẹ̌papate|1|30798024
měmpẹ̌papedetu|1|30210018
měmpẹ̌papul᷊aho|1|28622010
měmpẹ̌patehě|1|25516014
měmpẹ̌puasa|2|25141015 25143019
měmpẹ̌pětị|1|30750029
měmpẹ̌pẹ̌puasa|1|27365008
měmpẹ̌sahiding|1|23436023
měmpẹ̌sal᷊a|1|29299009
měmpẹ̌sal᷊ai|1|23477014
měmpẹ̌sal᷊ain|1|25170020
měmpẹ̌sal᷊imbang|1|30685005
měmpẹ̌sal᷊iwang|2|28280018 30883013
měmpẹ̌sasal᷊agě|1|23295013
měmpẹ̌sasamedě|1|29043029
měmpẹ̌sasimbahě|1|29793014
měmpẹ̌sasumbala|1|29191004
měmpẹ̌seke|2|25585011 30848010
měmpẹ̌sohọ|2|23968007 29749014
měmpẹ̌suba|3|26985011 30921025 30924020
měmpẹ̌sěbang|2|23533005 27842004
měmpẹ̌sěmpị|1|27686045
měmpẹ̌sẹ̌dụ|1|23515045
měmpẹ̌sẹ̌sahidin|1|27978021
měmpẹ̌sẹ̌sahiding|2|26598022 30909032
měmpẹ̌sẹ̌sal᷊a|1|25410013
měmpẹ̌sẹ̌sasahowong|1|29043030
měmpẹ̌sẹ̌sasasa|1|30009019
měmpẹ̌sẹ̌sasiang|2|26341006 26361010
měmpẹ̌sẹ̌sasěngkelě|1|24389014
měmpẹ̌sẹ̌sasěngkilě|1|25461006
měmpẹ̌sẹ̌sasěse|1|24396014
měmpẹ̌sẹ̌seke|1|30899014
měmpẹ̌sẹ̌simbul᷊ung|1|23804008
měmpẹ̌sẹ̌simokolě|1|26633010
měmpẹ̌sẹ̌singking|1|28221032
měmpẹ̌sẹ̌singuhutangu|1|26319008
měmpẹ̌sẹ̌sipiru|1|28122010
měmpẹ̌sẹ̌sitori|1|24314012
měmpẹ̌sẹ̌suba|4|30913004 30913021 30938027 31023026
měmpẹ̌sẹ̌sundal᷊ě|1|28477026
měmpẹ̌sẹ̌sunial᷊u|1|29859006
měmpẹ̌sẹ̌sěmpị|2|27183024 27187019
měmpẹ̌tabeạ|1|25368014
měmpẹ̌taghunalang|1|23812011
měmpẹ̌tahamawu|1|27124024
měmpẹ̌tal᷊ang|1|24086017
měmpẹ̌tal᷊ikud'i|1|29775023
měmpẹ̌tangkiang|1|30468047
měmpẹ̌timbangu|2|28614007 28708014
měmpẹ̌tiwowe|1|28789027
měmpẹ̌tobatě|8|25140015 25522010 25524012 25596024 25651027 27387018 29853021 30966022
měmpẹ̌tumanạ|1|28233011
měmpẹ̌tumpěkuhě|1|28292013
měmpẹ̌tungkětị|1|30004003
měmpẹ̌tělling|1|23395044
měmpẹ̌těngkasukụ|1|29055015
měmpẹ̌těngkatakidě|1|29749022
měmpẹ̌těngkiwukang|1|28280020
měmpẹ̌těno|2|23922017 30503008
měmpẹ̌tẹ̌taghunalang|2|25928007 25947007
měmpẹ̌tẹ̌tahamawu|2|27831017 28360015
měmpẹ̌tẹ̌tahon|2|24715016 24715026
měmpẹ̌tẹ̌tampung|3|23723006 27334018 27546010
měmpẹ̌tẹ̌tangkiang|2|24229025 25249027
měmpẹ̌tẹ̌tanạ|10|24411025 26943004 26964038 27039016 27249016 27538022 27545011 27596017 27717025 30211021
měmpẹ̌tẹ̌tatimbang|1|25208014
měmpẹ̌tẹ̌tikị|3|24100016 25911011 29629006
měmpẹ̌tẹ̌tingkaị|1|28260011
měmpẹ̌tẹ̌tingkědang|1|27889031
měmpẹ̌tẹ̌tiněnna|2|23384015 24269018
měmpẹ̌tẹ̌tiněnnang|1|28122026
měmpẹ̌tẹ̌tiwo|1|27930024
měmpẹ̌tẹ̌tungkětị|1|27595010
měmpẹ̌tẹ̌těno|1|29439022
měmpạhul᷊uasě|1|25170018
měmpạhumbisaran|1|23681016
měmpạhumbisarang|1|24572023
měmpạhundal᷊eng|1|24886021
měmpạhunděnta|2|24356024 26144024
měmpạhuntaking|1|23838014
měmpạhuntikị|1|24796018
měmpạkibal᷊o|1|23500018
měmpạmahiạ|1|28970047
měmpạmanda|1|30186019
měmpạmandawe|1|24336005
měmpạmansagě|2|27821031 31012002
měmpạmate|1|25464010
měmpạmatewe|1|28130025
měmpạmile|1|25561009
měmpạmotọ|1|27159041
měmpạmělle|1|25461034
měmpạměnsạ|1|30359016
měmpạměpidě|1|23934021
měmpạnahowong|2|24150011 27417008
měmpạnahusu|1|29799014
měmpạnamedě|1|30300006
měmpạnaněsui|1|27535031
měmpạnelorě|1|30441037
měmpạngadat'u|1|23642010
měmpạngakal᷊ě|3|24714003 25827003 28355029
měmpạngakung|1|27604011
měmpạngakuwen|1|29909003
měmpạngampal᷊ě|5|25261021 25496005 28371014 30535004 30537012
měmpạngane|1|25175004
měmpạngiakingu|1|30499023
měmpạngimang|12|26368016 26780016 27616011 27669010 27724024 28014013 29125031 29614012 29758032 30407010 30407016 30638005
měmpạnginung|4|23996011 25138026 25141025 25680008
měmpạngirul᷊e|2|24100018 24796020
měmpạngonggọbe|2|28938003 28964022
měmpạngonggọbem|1|23868021
měmpạngonggọu|1|23942016
měmpạngumbele|1|30834009
měmpạngěndung|1|26250003
měmpạngěnna|2|26729022 29006017
měmpạngěnnau|1|23803013
měmpạngěnnawe|1|27952023
měmpạngěnsil'i|1|25946013
měmpạngěntudu|1|27159043
měmpạnoghasě|1|27484013
měmpạnumběka|1|27434027
měmpạnuntụewe|1|23923003
měmpạnědạ|2|24631033 30300014
měmpạněmba|3|28365035 30450034 31038041
měmpạněnsomahě|1|30186021
měmpạněntiro|3|23592009 27437047 27478010
měmpạněntirong|1|23935009
měmpạnẹ̌bang|1|25110022
měmuhang|1|30369025
měmuko|1|26535025
měmul᷊o|1|24475009
měmunara|12|26941016 27646015 28271009 28554008 28862016 28954005 29051027 29091044 29289027 29495007 29550017 29800024
měmundal᷊ě|1|27630013
měmuning|1|26333006
měměbahě|1|27724020
měměhasě|1|31033029
měměka|1|30785026
měmělle|1|25516005
měmělli|1|30765010
měměllọ|4|25956004 27010041 27812027 28357010
měměllọkong|1|30214018
měměllọu|1|29489021
měměmbing|1|30150022
měmětị|3|27163016 29100003 30098036
měmẹ̌maehẹ̌be|1|27733011
měmẹ̌malang|1|23640021
měmẹ̌mal᷊intuị|1|30334027
měmẹ̌manda|3|27001005 27009026 28890042
měmẹ̌manikạ|1|28834007
měmẹ̌maringang|1|27693037
měmẹ̌matakụ|1|29347022
měmẹ̌matuhung|1|27282031
měmẹ̌matạ|1|28977020
měmẹ̌mile|1|30295021
měmẹ̌misara|2|26610025 30770025
měmẹ̌moghe|1|27188005
měmẹ̌mul᷊inạ|1|29003013
měmẹ̌munara|7|25371017 29473020 29580018 29687018 29754023 30078021 30737023
měmẹ̌munarawe|1|29781005
měmẹ̌mělle|1|27738020
měnaghuang|1|30607013
měnahani|8|24224014 25042042 26070020 26071006 26076011 26078041 26159007 27213025
měnahowong|1|27011016
měnahusu|1|27835032
měnahị|1|28424027
měnakạ|2|28607038 28608006
měnalangu|1|29856014
měnal᷊ud'u|1|23526009
měnal᷊udě|6|28553038 28673028 29838007 29957017 30134025 30420023
měnal᷊ukạ|2|23217014 30280027
měnal᷊ěntihọ|2|28979027 30676030
měnamba|2|31099022 31099033
měnambang|1|30742026
měname|15|24059005 24110023 24110039 24591009 24686011 24803021 25917040 25918014 26359007 26373004 27238032 27710041 27724018 27845007 28430022
měnampungu|1|29874025
měnanahimata|2|27358027 27655036
měnanahowong|1|28941004
měnanalange|1|30929027
měnanal᷊amatě|1|24963004
měnanal᷊iu|2|26110018 26111022
měnaname|1|27266008
měnanangehě|1|29707011
měnananggelě|1|26150014
měnananiụ|1|31016009
měnanantune|1|28438022
měnananumpang|1|30411012
měnanawuhě|4|23543015 24350019 25251004 28967006
měnangkạ|3|23908009 25389008 26388008
měnanihasa|1|28671008
měnanitị|1|29127008
měnaniụ|1|31016013
měnanoma|3|23228013 23588011 24232013
měnantu|1|28439011
měnanualagu|1|28645059
měnanubuetě|1|28708005
měnanul᷊e|1|24656036
měnaněbohe|2|28417007 28418015
měnaněgune|1|27809005
měnaněllange|1|29228016
měnaněntanude|1|30643024
měnaněntiro|1|30502029
měnaněpase|1|29122044
měnaněsui|1|27734009
měnanẹ̌sui|2|27778012 29315002
měnara|1|23860031
měnarakang|8|24071010 24634015 24730026 25518041 26500017 26973008 27659005 27813012
měnarakang'u|1|28082005
měnarakangken|1|28460006
měnarakangu|11|24683027 26779003 27329013 27787020 27808037 28743026 29879019 30034013 30132032 30596026 30903029
měnarimạ|32|23597005 24576003 24676019 25350020 25350026 25350031 26739016 26983011 27409032 27409045 27498031 27585038 27662037 27930018 28025011 28233024 28595013 28916026 29221010 29672022 29782030 29874011 29901005 30021030 30168021 30244005 30434029 30574009 30574021 30656018 30669045 30669056
měnarimạben|1|26254024
měnarimạu|5|24344016 28311008 28339018 28419008 28439053
měnasa|4|27463012 28448015 29634032 29791053
měnaung|2|26364015 31089036
měnaweng|1|29854013
měnawon|2|28963005 28963013
měnawong|3|26817026 28184006 31029025
měnawungu|1|24903019
měndahisě|1|29440015
měndal᷊akisě|2|28466031 29857013
měndal᷊akị|1|24797009
měndal᷊akịu|1|24578024
měndal᷊anging|1|30000008
měndal᷊anginge|1|30000006
měndal᷊aị|3|23516010 27961001 28478008
měndal᷊eng|3|28110030 29113024 29554032
měndal᷊engu|14|24902012 25194016 27453035 28491005 29072004 29098021 29098051 29099018 29103018 29105017 29115016 29166015 29202009 29998022
měndal᷊imadě|1|27730023
měndal᷊inda|1|25851020
měndal᷊ukad'u|1|25280002
měndal᷊ukade|2|23416019 26498035
měndal᷊ukadě|13|24041021 24195007 24200002 24208016 24211003 24379002 24675058 26484012 26493003 26494005 26496003 27086003 27344030
měndal᷊ěmping|1|27647009
měndapatě|1|26895023
měndaral᷊itạ|1|30875025
měndaratě|1|27807010
měndarekeng|3|25691018 25693025 27651005
měndarekengu|2|26457026 29706019
měndaresọ|2|27020004 30551024
měndariagạ|15|24113025 24820026 26361029 26374003 26789017 26798010 26802019 26804010 26808008 26832007 27024018 27083028 27344022 27357021 29375003
měndariagạe|2|24196012 24809025
měndarisị|3|24544020 25335028 26930023
měndarolohe|1|26647018
měndarol᷊ě|1|24975020
měndarotong|1|27316012
měndekeng|5|25582013 28788005 29760005 29791011 29924018
měndesọ|2|29531015 30510028
měndesọ'u|1|27960018
měndesọu|1|24036008
měndiagạ|4|25499016 29087016 29578017 29743014
měndiahi|1|28967016
měndiahing|3|25354024 26671011 28879022
měndikọ|4|23250004 25262003 25439004 25597019
měndingkau|1|29435035
měndingọ|2|27337009 27824010
měndohong|1|29553006
měndokạ|2|25424010 25428008
měndoloh'i|12|23434004 24504003 25223020 25367008 26195002 26734039 27470005 27726015 27822036 27841022 29415016 29417021
měndoloh'u|5|23355026 23418008 23953006 23989009 25366023
měndolohen|1|25793015
měndolohi|5|27151033 27468019 27818033 28960005 29420009
měndolohu|7|24108017 26726004 27019012 27796021 27800010 28780010 28955012
měndolohě|2|25455011 26041006
měndongka|1|29526017
měndugi|1|28926038
měnduị|1|25504005
měndědasě|2|23252017 24919010
měnděkạ|1|29509013
měnděllus'i|1|24863044
měnděme|1|27160036
měnděmme|4|24477014 28023013 28212005 28231025
měnděmmẹu|1|28231007
měnděpel'u|1|23396003
měnděpellě|1|25144012
měnděpelu|1|24282004
měndẹ̌dasě|5|23252006 27016022 28120041 30132028 30585009
měndẹ̌diagạ|1|25553033
měneke|1|30734021
měnenggẹhě|1|29516005
měngadatě|7|23640007 26234008 26234015 29338036 29402003 29616021 30657003
měngaduhang|1|23275005
měngahimběsọ|1|23396014
měngahěbụ|1|24282016
měngahạ|7|23176030 23648018 27157018 29602013 29634030 29684004 30828019
měngakal᷊ě|9|23963020 24059010 24486002 24608020 27960016 28429005 29287022 29903018 30577013
měngaku|6|26154008 27784005 28704019 29403005 30528008 30653015
měngakun|1|26463028
měngakung|4|26623019 30574004 30574016 30607006
měngakuwen|2|30550005 30606019
měngalakě|2|28469018 28472012
měngalo|1|23965012
měngal᷊amatě|27|23430012 24602018 26061010 27022039 27023020 27023027 28260008 28361007 28800004 28812029 29057004 29111042 29207007 29362004 29561019 29650008 29697007 29810026 29893010 29939026 29964005 30031024 30059009 30267004 30419005 30420037 30675005
měngal᷊imona|5|24087010 24783010 24881017 26218029 26490004
měngal᷊ingko|1|30046007
měngal᷊ạ|13|23321011 23660007 23975010 23976007 24733015 24734008 24872012 25754026 25800023 26172019 26775008 26864014 27797017
měngambang|21|23739008 24179014 24858022 24967012 25200016 26138013 27151027 27595034 28341007 28385026 29221028 29238010 29681006 29712020 29819003 29920010 29923009 29993007 30038024 30510007 30902017
měngampal᷊ewe|1|30536005
měngampal᷊ě|1|25216036
měngampung|4|24271019 24336036 29531022 30550027
měngane|1|23638015
měngangadat'i|1|27952010
měngangadatě|4|26234021 26234026 27361015 28010003
měngangahěbụ|1|28919031
měngangahạ|21|23648012 23929010 23935005 25781028 26486007 27219008 27438011 27438024 27445040 27982009 28663050 28932022 29783005 30249004 30259006 30266007 30779007 30788015 30791026 30794008 30828013
měngangahạe|1|30785006
měngangalakě|2|27813024 27815003
měngangambang|1|27152044
měngangasịe|1|26193018
měngangawasa|11|24743010 25471016 25839032 25890014 26340006 26364003 26699013 26738009 27127039 29228014 30960004
měngangawasan|6|26330020 26342016 26344002 26404003 26664024 26822032
měngangawasane|1|27010027
měngangawasang|5|26355018 26623008 26800009 26857002 26864032
měngangimang|2|28469013 29616016
měnganginung|2|27226019 28548031
měngangobị|1|31016004
měngangomol᷊ě|1|23309014
měngangonggọu|1|30163042
měngangoro|2|27467031 28936017
měnganguhunge|1|29669017
měngangumbala|1|28028005
měngangumpaedě|1|26660027
měngangurusě|3|25622016 25623031 28554020
měngantibě|2|26348026 26579023
měngapelě|2|27856019 27919012
měngarěgan|1|28023028
měngarěgang|2|27967006 29642003
měngarẹ̌gam|1|28410009
měngasị|3|26194009 29197004 29197023
měngatorě|2|28298005 29736004
měngawasa|3|28081005 28083004 29188016
měnggaghaghuta|3|27087007 27736008 27741008
měnggaghanohạ|1|27700011
měnggaghohaeng|4|27696005 27701006 27703022 27775010
měnggaghuta|12|27036002 27044002 27082031 27083013 27094004 27099035 27174002 27302024 27741033 27750010 27803024 30350010
měnggaing|2|31100004 31100016
měngganapě|5|26191016 28312019 28332004 28491015 30466034
měngganapẹ̌be|1|28491026
měnggeang|1|27841004
měnggeserě|3|25952004 25958029 28633011
měnggoghahě|10|24813010 24856017 26572023 27116016 27180011 27373022 28138011 28428003 28428010 30588030
měnggoghahẹ̌be|1|24170007
měnggolang|2|26492008 30814006
měnggonggọu|1|30482005
měngiaking|2|27594024 29497028
měngiakingu|1|30639015
měngikịu|1|29118016
měngindakangu|1|28635017
měngindore|1|28671018
měngindunụ|1|30046022
měnginung|6|25505028 26164030 26167025 26797022 29787003 29912035
měnginunge|1|28599008
měnginungke|1|28751052
měngiral᷊ingu|1|29029033
měngirul᷊e|3|27043007 27104027 28709022
měngkadiri|1|25553043
měngkaherang|2|24385024 27404013
měngkahiborě|1|29551020
měngkahondosě|2|23987022 24743005
měngkahěngisě|1|23313010
měngkai|188|23302002 23472016 23594023 23629019 23666022 23788012 23789021 23799028 24150010 24390015 24430013 24522002 24578023 24639004 24838005 25106036 25123012 25126017 25170017 25173008 25286019 25311034 25347013 25370012 25395023 25495008 25534014 25561008 25620017 25637036 25640007 25694006 25694021 25800004 25831006 25880009 26033005 26857011 26975013 26992006 26992013 27008030 27056017 27072006 27072029 27073014 27104033 27162039 27179016 27187018 27188013 27418011 27545014 27583011 27583016 27635011 27709003 27739012 27740030 27877015 27944021 27947002 27948054 28065034 28070016 28071016 28099035 28114004 28122009 28122025 28130024 28139010 28247008 28248002 28271028 28300006 28326006 28478006 28481028 28519004 28521008 28522015 28522025 28567017 28568003 28573018 28581007 28591007 28591028 28592006 28593003 28689005 28749009 28790018 28860026 28921023 28930008 28951015 28968032 29033004 29151023 29186006 29233006 29272004 29302007 29304010 29304013 29304016 29310005 29310008 29312003 29347021 29354002 29371017 29392026 29404031 29436005 29449021 29475006 29500017 29515034 29526014 29533005 29533040 29534008 29549006 29588028 29589020 29609003 29637013 29640007 29643003 29645023 29654009 29664004 29695010 29701008 29729007 29769023 29789018 29813020 29814019 29818028 29823015 29824015 29832015 29849028 29873012 29912033 29918016 29926016 29926021 30056011 30092014 30135036 30145010 30159004 30166029 30200018 30261021 30269012 30271009 30286013 30339019 30349006 30362027 30366034 30378015 30389007 30401011 30402010 30411026 30411031 30440027 30441022 30462019 30492005 30510010 30515012 30586013 30588005 30589008 30589016 30589031 30643017 30661006 30673020 30872003
měngkairị|2|23992014 30249026
měngkakalạ|1|29856010
měngkakoạ|9|23731013 23793009 23793015 25549006 25549012 28320035 28928029 30321010 31045034
měngkakoạbe|1|30405025
měngkamamea|1|30685024
měngkamea|3|28391033 28961056 29917016
měngkameang|1|30463015
měngkanawo|1|30540032
měngkaparung|1|30975004
měngkapelesa|1|29915010
měngkapia|1|24892023
měngkapuko|1|28278015
měngkapul᷊e|2|23666036 24439007
měngkapěndụ|1|30169004
měngkasal᷊amatě|1|25258026
měngkasamedu|1|30441041
měngkasigěsạ|1|28808022
měngkasongo|1|24439005
měngkasukụ|2|29053022 30271015
měngkasusa|3|26747018 28457016 29617023
měngkatakụ|2|25852020 27413011
měngkate|217|23179020 23344014 23545013 23604018 23607007 23624014 23657004 23657023 23665006 23665024 23716018 23724016 23832011 23944026 23951007 24077006 24118004 24120005 24293033 24299010 24325010 24356016 24358003 24369013 24397004 24401015 24403011 24448003 24456006 24456037 24729026 24756022 24802006 24830004 24856003 24863005 24915011 24923009 25109013 25154008 25236021 25291019 25291027 25296013 25396027 25414030 25432037 25444003 25458031 25478005 25505020 25510011 25575014 25579002 25591008 25637030 25644008 25679011 25697004 25780013 25861007 25861015 25870003 25893006 25909009 25909013 25944021 25946012 25959004 25980014 26214004 26336017 26389004 26438005 26506021 26537022 26557020 26557027 26566006 26572004 26745003 26806006 26888017 26916019 26917013 26935013 26974026 26987011 26996005 27001004 27002004 27007022 27008003 27009024 27076003 27093009 27115024 27128015 27168036 27171012 27172009 27180005 27180015 27185008 27218004 27291004 27331019 27343013 27352011 27354022 27356013 27358003 27394010 27411011 27415006 27474012 27501004 27502010 27518022 27538020 27540012 27541006 27541031 27546036 27564005 27595027 27634037 27648011 27672004 27680011 27682018 27717029 27790002 27796018 27799021 27813011 27831016 27838026 27838041 27863011 27870015 27871013 27873036 27876018 27889026 27902004 27902013 27902034 27907017 27925005 27926021 27955021 27988018 28043020 28070010 28136004 28187005 28191007 28318008 28327015 28512016 28560014 28687007 28789009 28849020 28871008 28884008 28905002 28953004 28994005 29009004 29010003 29015023 29088021 29149005 29150010 29152002 29174010 29176016 29180024 29290022 29292011 29310022 29369003 29418014 29441028 29454014 29469033 29563036 29578005 29584009 29661008 29683019 29745011 29861004 29905013 30006012 30205006 30214029 30359019 30437014 30450024 30513036 30527028 30531031 30532018 30539007 30575034 30689004 30689025 30829012 30912019 30914003 30946004 31039028 31082015 31098037
měngkateko|1|27818026
měngkatewe|199|23186018 23209005 23230003 23232004 23372030 23380003 23399007 23416011 23625005 23629004 23633014 23697024 23707011 23755004 23756020 23758009 23830018 23837011 23847011 23880009 23906010 24104008 24175011 24178004 24200006 24234004 24236011 24242005 24243004 24244006 24275036 24291017 24363020 24370005 24371014 24407004 24407020 24433004 24434008 24435004 24441028 24453005 24463004 24502020 24544004 24554010 24565005 24566004 24611011 24677005 24758049 24766003 24800007 24801008 24807004 24810007 24827038 24828020 24869045 24882004 24915005 24983013 24990003 25002004 25007008 25014010 25021007 25022027 25078021 25084027 25086004 25092007 25093004 25097013 25101005 25103024 25111003 25116009 25121004 25121021 25133004 25136004 25154019 25158009 25200011 25202004 25250002 25270038 25277005 25279018 25281043 25283007 25298003 25312019 25325027 25338015 25341009 25341022 25345017 25395017 25397018 25398002 25404005 25405007 25442012 25531005 25555019 25605003 25609004 25609021 25617004 25620009 25640010 25667011 25712008 25733009 25738003 25806020 25909003 25927008 25944003 26004024 26025006 26045002 26086004 26111029 26553006 26556017 26584035 26661011 26663023 26796004 26910016 26952018 27005004 27065010 27084017 27104010 27190011 27204004 27225017 27234005 27256003 27345019 27346016 27379003 27409009 27425014 27426015 27429015 27494009 27503017 27511020 27512005 27540020 27563013 27564015 27570012 27594007 27596003 27602009 27615004 27615012 27639003 27639014 27641007 27664006 27685009 27695006 27697004 27698003 27700014 27712003 27797025 27814016 27859009 27872025 27873010 27891006 27897009 27897019 27905005 27946004 27959014 28006004 28041003 28563027 29203003 29586029 29587004 29827009 29828010 30033005 30784004 30822021 30909012 31001023 31048004 31081018
měngkatoghasě|1|27890019
měngkatuno|1|30535028
měngkawawui|1|30515004
měngkawe|18|23285012 24243032 24916022 25108005 25141022 25273032 25288027 25440014 26917017 27959023 28537023 28909009 29147003 29597032 30160016 30349015 30661018 30982024
měngkawunsal᷊ě|1|23648023
měngkạherang|3|23665008 25420024 26653008
měngkạherangu|1|25345019
měngkạhondosě|1|23661015
měngkạobotě|1|29856011
měngkạpěndụ|1|28923015
měngkạsusa|1|24884017
měngkạsěngkilě|1|25109014
měngkạtakụ|2|28928033 29636020
měngkạul᷊e|1|27076026
měngobotě|2|28230025 29189005
měngogoru|1|26917034
měngomol᷊ě|1|26576011
měngonggọ|9|27122039 27154016 27453013 27659038 27662035 29090017 29645006 29929030 30640027
měngonggọu|25|23285005 23289029 24430038 26762014 26927014 26928028 27397035 28127020 28513037 29209026 29224014 29467045 29475034 29494015 29562031 29652010 29657019 29811027 29942015 30272023 30362021 30376032 30480017 30532005 30641039
měngoro|3|25528016 29685014 29947014
měngorọ|1|25497018
měnguadipu|1|28944017
měngubul᷊'i|1|23367013
měnguhung|1|29641002
měngukahu|2|28940016 30811009
měngul᷊ing|1|30323022
měngul᷊ị|2|23712013 28192009
měngumbala|5|27406039 28167019 29514005 29616009 29907004
měngumpaedě|4|27659021 29741004 29902004 29906023
měnguntang|1|27681024
měnguruis'i|2|23812018 26836020
měnguruisě|2|24623014 28403027
měnguserě|1|24891011
měngědangko|1|25411021
měngědo|2|29717025 30740037
měngěmụ|1|31058004
měngěndung|3|28714005 29728003 30043017
měngěngadatě|2|28287015 28287039
měngěngahạ|1|26485024
měngěnna|1|24998004
měngěnsilu|1|27735016
měngěnsilě|1|25438014
měngěnsuẹewe|1|27545016
měngẹ̌do|2|29198016 30517020
měngẹ̌ngadatě|1|26431011
měngẹ̌ngagama|1|29859003
měngẹ̌ngahạ|2|24973019 29510029
měngẹ̌ngakal᷊ě|2|23933016 30901022
měngẹ̌ngal᷊intuing|1|30677022
měngẹ̌ngal᷊ạ|2|25459025 27985024
měngẹ̌ngampal᷊ě|7|24999022 26976017 27241010 27756050 30147008 30360016 30445021
měngẹ̌nganoạ|1|27498025
měngẹ̌ngarěgan|1|30298013
měngẹ̌ngarěgangbeng|1|28862044
měngẹ̌ngarẹ̌gang|1|28894022
měngẹ̌ngawasa|3|28864003 29350017 29986004
měngẹ̌ngawe|1|26953008
měngẹ̌ngobotu|1|29513021
měngẹ̌ngoro|1|27738041
měngẹ̌nguhasě|1|31095004
měngẹ̌ngumbele|1|31063008
měngẹ̌ngumpaedě|1|30945025
měngẹ̌nguserě|1|27599011
měngẹ̌ngěnna|5|25018003 27277004 28307007 29592014 30685027
měngẹ̌ngěnnau|1|23873020
měngẹ̌ngěntudu|1|30097021
měnihasa|3|27835010 29854017 29953031
měnihasawe|1|29096039
měnilakehu|1|28424029
měniụ|1|30869006
měnning|1|28276013
měnode|5|26690031 27394012 28382034 30246005 30977021
měnodẹu|2|29047035 29563047
měnohọ|1|30171027
měnokol᷊'i|1|27413030
měnokol᷊i|2|25277013 27599050
měnokol᷊u|1|24490007
měnoma|1|23229015
měnomạ|1|24233015
měnondang|1|27681014
měnonsol᷊u|1|27895033
měnotě|2|25566011 25566037
měnowang|1|25518047
měnsang|152|23365019 23393002 23527014 23766024 23888009 23994003 24000009 24113030 24118024 24125013 24173020 24179010 24291022 24351019 24389016 24464004 24481018 24545008 24549016 24569021 24573011 24654018 24674023 24751013 24753012 24753021 24795028 24823013 24863038 24871022 24923014 25041010 25070029 25104019 25154021 25156014 25158016 25215024 25216021 25256014 25315030 25348008 25471021 25482017 25489006 25544034 25546010 25582020 25585028 25672009 25723019 25780005 25788016 25869018 25888010 25889007 26067006 26105015 26129015 26129020 26209007 26215029 26224009 26346010 26360018 26396030 26470022 26581020 26616034 26653012 26655014 26745013 26750016 26850021 26857048 26870030 26881025 27014033 27032024 27084026 27535037 27544024 27550027 27594027 27618031 27649021 27698021 27735009 27769013 27817007 27817020 27822006 27824018 27853034 27868028 27895015 27922008 27926027 28085029 28099026 28105003 28143022 28224003 28438007 28451057 28472009 28552021 28569009 28595027 28620011 28686028 28818010 28818025 28834010 28843002 28928005 28937007 29000008 29025025 29026017 29049009 29068021 29099035 29104014 29108016 29124003 29152021 29193005 29389018 29455020 29496009 29571005 29605014 29710036 29969038 30091025 30181035 30233026 30233032 30291014 30314007 30386005 30413014 30474018 30562023 30566007 30605026 30606010 30710008 30874021 30879052 31084010
měnsangbe|7|27002009 27243032 27732013 28438023 28730002 29632013 30382005
měnsu|3|24504012 25897013 28832023
měntěhang|7|23569010 24018010 25694020 25762018 25786012 25855012 27758044
měnualagu|4|27405028 28408007 28685035 28692021
měnualagě|2|27404038 28706021
měnubuetě|2|28711006 28716007
měnuhud'i|1|25093025
měnuhudě|1|29612012
měnukạu|1|30677030
měnukụ|1|29661049
měnukụewe|1|27661013
měnul᷊ada|1|24770004
měnunatě|1|26351035
měnungkangu|1|28665014
měnuntụ|3|27856018 29577029 29688012
měnurat'u|1|29623007
měnuratě|4|28958007 29613006 30565002 30676012
měnusụ|1|25009015
měnělidu|1|29786004
měněngal᷊ě|1|23501030
měněnsomahě|1|27640015
měněntang|1|29336013
měněntangu|3|26494015 30494010 30862005
měněntirong|1|29912042
měněpasu|2|25552007 28939019
měněpasẹ̌ben|1|30676040
měněsui|1|27755029
měnětạ|2|25034018 29717023
měnẹ̌bal᷊u|1|28645016
měnẹ̌gu|1|29906014
měnẹ̌nahaghe|2|28864016 29589021
měnẹ̌nahani|6|24220013 24224002 24671003 25042013 26144030 26147033
měnẹ̌nahida|1|30163012
měnẹ̌nahimata|3|24715013 29133019 30259020
měnẹ̌nahimbologu|1|28923018
měnẹ̌nahonsang|1|26389005
měnẹ̌nahowong|2|27136021 28939007
měnẹ̌nahěsẹu|1|29583017
měnẹ̌nal᷊ukạ|1|30202028
měnẹ̌namedě|2|30511010 30681019
měnẹ̌naněsui|1|30292013
měnẹ̌narakangu|3|28938014 30032025 30135039
měnẹ̌narimạ|5|23804003 28205005 29258039 30062009 30071010
měnẹ̌nasě|3|23531033 25108006 27245010
měnẹ̌naung|3|24023017 29183015 29453037
měnẹ̌naungbe|1|30292015
měnẹ̌naungu|2|25776027 29701009
měnẹ̌naweng|1|28977015
měnẹ̌nawuhě|1|28966015
měnẹ̌nenggehě|1|30233020
měnẹ̌nengkelě|2|23325017 27351003
měnẹ̌nihasạ|1|27499042
měnẹ̌nikạ|1|27619006
měnẹ̌nipo|1|24033023
měnẹ̌nitị|1|26587010
měnẹ̌node|4|26507024 28388025 29407006 30902043
měnẹ̌nodẹu|2|28414027 28903008
měnẹ̌nohọ|1|25696021
měnẹ̌nokeng|1|24142013
měnẹ̌nokol᷊'u|1|23339036
měnẹ̌nokol᷊u|1|24255018
měnẹ̌nongka|1|28338012
měnẹ̌nualag'u|1|24358025
měnẹ̌nualagě|5|24983015 25006003 27527009 27584030 27923030
měnẹ̌nul᷊adang|1|30130016
měnẹ̌nuntụ|1|25452013
měnẹ̌nuntụewe|1|30200020
měnẹ̌nuěng|1|24768018
měnẹ̌něbal᷊'u|1|23473012
měnẹ̌něbal᷊ě|1|27336019
měnẹ̌něgu|1|27669032
měnẹ̌němba|3|27565029 27784012 30136005
měnẹ̌něntirong|1|27569016
měnẹ̌něsụ|1|30052004
měnạdian|1|26672004
měpakẹ'u|1|28105024
měpudě|1|29747039
měpẹ̌disě|1|25515015
měpẹ̌padul᷊i|1|29967022
měpẹ̌paiwuhị|1|23533011
měpẹ̌pake|3|23924014 27599022 30921008
měpẹ̌pakeang|2|25221008 25221012
měpẹ̌pakeangu|2|23197003 24222003
měpẹ̌pakẹu|2|24358005 31096009
měpẹ̌papalilị|1|30210017
měpẹ̌papangal᷊ạ|1|27594019
měpẹ̌papangansuhě|1|24299011
měpẹ̌papangawe|3|26450017 30858036 30911007
měpẹ̌papinintu|2|23550014 23553005
měpẹ̌papul᷊aho|1|25637037
měpẹ̌papẹ̌gongu|1|30953029
měpẹ̌parenta|8|26630017 28494009 29022009 29482030 29519024 30852005 30994010 31024039
měpẹ̌patodiangu|1|27821032
měpẹ̌puasa|3|23394024 24279037 25011025
měpẹ̌puhědang|1|23299026
měpẹ̌pěndang|6|24278031 27883021 28283003 28283021 29009015 29010017
měpẹ̌pěndangu|2|27953003 30672010
měral᷊ukade|1|24442024
měsahiding|1|25709016
měseke|1|27049006
měsenggọ|1|27868019
měsěbạu|1|23918005
měsěsěbạ|1|25708005
měsẹ̌sahidi|3|26923004 27056007 27303004
měsẹ̌sahiding|4|26132014 30671004 30671012 30671017
měsẹ̌salu|2|23940013 23941013
měsẹ̌sal᷊a|1|24701017
měsẹ̌sal᷊imae|1|27661012
měsẹ̌sal᷊iwangkeng|1|23604005
měsẹ̌sasaghipo|1|27374044
měsẹ̌sasahawụ|1|27643023
měsẹ̌sasumbala|1|28900006
měsẹ̌seke|2|30217014 30339021
měsẹ̌sekẹewe|1|30899020
měsẹ̌simokol᷊ě|1|24758045
měsẹ̌sipir'u|1|25861016
měsẹ̌suangu|2|23567016 23579003
měsẹ̌sěbạ|1|24711005
měsẹ̌sěbạu|1|23338005
měsẹ̌sěding|3|23824011 24301004 26476008
měsẹ̌sědingu|1|23693005
měsẹ̌sěmpị|4|27989010 29142003 29413006 30970013
měsẹ̌sěngkapian|1|28851019
měsẹ̌sẹ̌bạ|1|29223015
měsẹ̌sẹ̌bạu|1|25824005
mětangkiang|1|24967026
mětatatokeng|1|30364004
mětatumanạ|1|30921021
mětobatě|1|27091024
mětěngkal᷊awọ|1|28706012
mětěngkarange|1|25565004
mětěngkarau|1|30436004
mětěngkasanạ|2|25565008 25703035
mětěngkatěntung|1|24929010
mětẹ̌gạ|1|23766007
mětẹ̌tabeạ|1|23282006
mětẹ̌taharorong|2|26449012 26449022
mětẹ̌tahino|1|24096017
mětẹ̌tahuěllang|1|24631024
mětẹ̌tahěndung|4|27291017 28603011 29984023 30215048
mětẹ̌tako|1|28478002
mětẹ̌tal᷊ahino|1|24227017
mětẹ̌tal᷊ahinong|1|30116007
mětẹ̌tal᷊ung|1|30852014
mětẹ̌tampung|2|23748007 26996007
mětẹ̌tampung-sěngkapẹ̌tampung|1|26992015
mětẹ̌tangkiang|2|29375018 30252019
mětẹ̌tanudě|1|30751011
mětẹ̌tanạ|12|23226012 23468019 23596004 24950007 25221019 27278014 27292014 27337018 27390004 27466027 27576006 27669015
mětẹ̌tasibung|2|25861008 27104034
mětẹ̌tatahino|2|23486005 27385038
mětẹ̌tatahinon|1|29441033
mětẹ̌tatahinong|1|25902029
mětẹ̌tatal᷊ahino|2|23508011 24793022
mětẹ̌tatal᷊ěntụ|1|29393032
mětẹ̌tatiwal᷊esě|1|30833024
mětẹ̌tatude|2|23924013 30160018
mětẹ̌tatuhụ|1|24696002
mětẹ̌tatẹ̌tehě|1|29435032
mětẹ̌tawakal᷊i|3|27371024 28928023 30847008
mětẹ̌tikị|7|23404018 24404022 24795017 25298023 26536012 26537023 27344014
mětẹ̌timbalong|2|23238009 27904009
mětẹ̌timona|10|23330009 23811005 24606012 24973023 25720015 27667008 28382004 28840035 28863016 30987031
mětẹ̌timonan|1|29794017
mětẹ̌tinggạ|1|27241015
mětẹ̌tingkaị|1|27709004
mětẹ̌tiněnna|3|23400024 24923010 27279006
mětẹ̌tiněnnang|1|29441030
mětẹ̌tiwo|1|27249005
mětẹ̌tul᷊ung|1|27368021
mětẹ̌tul᷊ungu|1|24948003
mětẹ̌tumanạ|3|23940022 30648005 30904009
mětẹ̌tumbahani|1|29382032
mětẹ̌tungkihạ|1|27876020
mětẹ̌těnděkạ|2|26606003 30214030
mětẹ̌těngkaihạ|1|27874004
mětẹ̌těngkasaghedě|2|25113011 29758008
mětẹ̌těngkasul᷊ungu|1|26229046
mětẹ̌těngkasěmbaụ|2|26994006 27051003
mětẹ̌těngkatawang|1|30360014
mětẹ̌těngon|2|24715003 27807009
mětẹ̌těngong|2|25692013 27642015
mětẹ̌těnno|1|28602005
mẹ̌baheau|1|24623004
mẹ̌bal᷊i|2|24008005 26687013
mẹ̌bal᷊insuhụ|1|30322008
mẹ̌bal᷊ui|5|26747025 28248016 28770018 30077007 30077015
mẹ̌bal᷊ị|10|23534008 24007004 25496007 25496013 25795022 26362023 26532024 26621024 26672011 28165015
mẹ̌bal᷊ụ|3|26633025 26652023 26919033
mẹ̌bangung|20|23532013 23896028 23903008 24193027 24351009 24570032 24623025 25414020 25414040 25437009 25438007 25651017 25652025 25722016 25999020 26038022 26240012 26240023 26877020 27847020
mẹ̌baradosa|3|23264007 28301027 30589009
mẹ̌baraguna|2|29756015 29849023
mẹ̌barạdosa|3|23581012 30451019 30589032
mẹ̌basa|4|25080027 29256005 29559021 29761011
mẹ̌batụ|1|23808005
mẹ̌bawa|20|23204040 24416010 24417006 24657006 24984011 25511009 26302014 26917043 27238034 27789019 28116043 28195037 28329010 28335017 28546006 28874022 29889019 29961029 30261025 31093014
mẹ̌bawaele|1|28551017
mẹ̌bawal᷊ui|1|30284024
mẹ̌bawal᷊ụ|2|23839027 24656041
mẹ̌bawasa|1|24732016
mẹ̌bawasane|1|23973018
mẹ̌bawawinsị|1|28928030
mẹ̌bawerane|1|27427022
mẹ̌bawisara|2|26630005 28670017
mẹ̌bawisarane|1|28706025
mẹ̌bawua|3|24343032 26702006 30685050
mẹ̌bawuam|5|23203014 23335004 23335011 23336004 25035017
mẹ̌bawẹ̌keng|1|29933008
mẹ̌bawạewe|1|27710053
mẹ̌bawị|1|26483021
mẹ̌bera|70|23257005 23257024 23263005 23267005 23269005 23274005 23279005 23314004 23570009 23639010 23786009 23851020 23852040 23853005 23958017 23981008 23984004 24006011 24406016 24672024 24673005 24739006 25034019 25131004 25131012 25204024 25204036 25210019 25415003 25479004 25505007 25546005 25563013 25564018 25607010 25656018 25660007 25675004 25785021 25786005 26192016 26365006 26671018 27653006 28000007 28162005 28175005 28191003 28195024 28229005 28596004 28651004 28656018 28731017 29006003 29067014 29290008 29309006 29447017 29625005 29847022 30286018 30297016 30310007 30312004 30353005 30555003 30742021 31010002 31098020
mẹ̌bera'u|1|23202009
mẹ̌beram|2|28688016 29526028
mẹ̌beran|1|27810014
mẹ̌berang|5|23843038 24270004 25470004 29569043 30426039
mẹ̌berau|10|23385004 24672032 25411019 25554026 28415003 29308025 30308009 30547004 30551004 30557003
mẹ̌berawe|1|26518004
mẹ̌berạe|1|23355036
mẹ̌berạeng|5|24729015 24795030 26608014 27997023 28623029
mẹ̌biahě|88|23398046 23780021 23859014 23903020 24582013 24584015 24692026 24699018 25260019 25392013 25815010 26236021 26240014 26309018 26315021 26316033 26413018 26547005 26548012 26549024 26615014 26981024 27025029 27527025 27741060 27743014 27785017 27948062 28077017 28129025 28130035 28194016 28264007 28309017 28731025 28740014 28748033 28761007 28809042 28885006 28915032 29096042 29114033 29115020 29153007 29276005 29290017 29407058 29505003 29533029 29583021 29605017 29607009 29608011 29609002 29611012 29611021 29618035 29645015 29732025 29747017 29801006 29839016 29866007 29866010 29911011 29914002 29921014 29921033 29938017 30172008 30222049 30333013 30353014 30424026 30451015 30534013 30544025 30547007 30547014 30578057 30579005 30645026 30645033 30652004 30652021 30984014 30984075
mẹ̌biahẹ̌be|2|29771011 29870027
mẹ̌bihu|3|25364013 27409060 29875014
mẹ̌bingo|1|25489005
mẹ̌binsị|6|23466007 26295016 26336006 26718004 26725019 30593013
mẹ̌binsịu|1|26723003
mẹ̌bisara|32|23437023 24428041 24729024 25956012 26342006 26375011 26503013 26699005 26740028 26752024 26808019 26836010 26939023 27636017 27704020 27796027 27825012 28223005 28322003 28645051 28663055 28665007 28674038 28698012 28706004 28713012 28714025 29007024 29357010 30435023 30435030 30924012
mẹ̌bisaran|4|23536023 23537026 23550016 23553007
mẹ̌bisarang|7|25459032 26407019 27043008 27556031 28702014 28718017 30232030
mẹ̌bisarạe|1|28912003
mẹ̌bua|7|23846038 24344021 25528005 26605034 26704016 26704027 26705024
mẹ̌buang|1|25190015
mẹ̌buheang|1|30682046
mẹ̌bul᷊en|1|29762004
mẹ̌bul᷊o|1|29852009
mẹ̌burạ|1|30362038
mẹ̌buạ|5|24023018 26700031 27857007 27858020 30351015
mẹ̌buạko|1|25607003
mẹ̌běke|2|26979010 28375009
mẹ̌běkeng|5|25122007 26133008 26133019 27088017 29654024
mẹ̌běmbanaho|1|26814004
mẹ̌bẹ̌bangkailangu|1|28187006
mẹ̌bẹ̌bangkuadě|1|29758006
mẹ̌bẹ̌bangung|1|29687019
mẹ̌bẹ̌banua|1|29805013
mẹ̌bẹ̌bawa|2|24920009 28085033
mẹ̌bẹ̌bawinsị|1|29927035
mẹ̌bẹ̌bawělli|1|25680009
mẹ̌bẹ̌bera|16|23525022 24930024 25096012 25321006 25337007 26177015 27103025 27221009 27409010 28099033 28376007 28494003 28591002 29690003 31001025 31057008
mẹ̌bẹ̌beram|1|28690014
mẹ̌bẹ̌berang|6|23522006 26731005 27103014 28683003 28684009 29165017
mẹ̌bẹ̌berau|3|25321014 25321021 29664033
mẹ̌bẹ̌biahě|25|25814006 28035033 28101004 28119008 28125004 28132018 28153015 28288008 28412026 28512018 28518006 28534023 28561021 28579030 29113009 29167023 29190015 29205004 29400007 29581004 29616004 29626009 29927027 30548005 30689014
mẹ̌bẹ̌biahẹ̌be|1|29605028
mẹ̌bẹ̌bimbong|1|28304006
mẹ̌bẹ̌binsị|1|29856026
mẹ̌bẹ̌binsịu|1|27985015
mẹ̌bẹ̌bisara|4|26024019 26184047 28396037 28684038
mẹ̌bẹ̌bisaram|2|28396033 28681003
mẹ̌bẹ̌bisarang|1|29570004
mẹ̌bẹ̌bisaraweng|1|28583003
mẹ̌bẹ̌biwukangu|1|30514055
mẹ̌bẹ̌bua|1|31083018
mẹ̌bẹ̌běken|2|24261007 25250019
mẹ̌bẹ̌běkeng|1|26003012
mẹ̌dahapị|1|28466009
mẹ̌dalahapị|1|30342029
mẹ̌dalo|12|23251017 28618007 28890011 28970017 28987005 29034025 29990021 30257035 30378004 30412030 30964037 31025010
mẹ̌dal᷊ahapị|4|27288022 29312004 29934017 30342016
mẹ̌dal᷊ahiking|2|28500035 28501021
mẹ̌dal᷊ahintaung|2|27445031 27449010
mẹ̌dal᷊aụ|3|28484010 28913025 28916019
mẹ̌dal᷊embo|1|28968007
mẹ̌dal᷊embom|1|28317037
mẹ̌dal᷊embong|1|29373004
mẹ̌dal᷊ia|1|27960015
mẹ̌dal᷊uasě|1|25621006
mẹ̌dal᷊ẹ̌gahu|1|29726012
mẹ̌dame|1|27358046
mẹ̌daragě|4|24313017 24315015 28879036 30168041
mẹ̌daral᷊aị|2|23515024 23968009
mẹ̌daral᷊eng|2|24712015 25826010
mẹ̌daral᷊uase|1|28751054
mẹ̌daral᷊uasě|1|29185016
mẹ̌dararagu|1|27527022
mẹ̌dararagě|1|30919026
mẹ̌dararendehě|1|28619012
mẹ̌darekengu|1|23751017
mẹ̌darendehu|1|28617005
mẹ̌darendehě|2|28282018 29926012
mẹ̌dareạ|2|26252004 26432004
mẹ̌dariahi|1|25497016
mẹ̌dariang|1|30215035
mẹ̌daringihě|5|26468020 27293035 27407012 27556027 27774017
mẹ̌darohang|1|29304014
mẹ̌darokạ|2|25512010 29841017
mẹ̌darorong|1|27007011
mẹ̌daseng|1|31057025
mẹ̌deạ|9|25597025 25675019 26403017 26664014 28592007 29037040 29037047 29615010 30510033
mẹ̌deạewe|1|30351027
mẹ̌deạu|69|23414017 23504012 23644012 23766006 24150015 24161022 24206016 24561005 24606033 24617013 24730009 25008020 25126025 25165004 25184020 25184034 25185005 25202024 25256030 25258020 25314028 25366026 25439019 25863005 25865010 26037008 26142014 26499010 26528018 26675008 26939022 27160029 27232017 27293021 27293034 27840011 27920010 27936010 28120040 28132010 28178009 28179020 28190007 28241016 28264006 28291031 28331007 28335002 28335015 28563031 28574005 29071028 29076009 29086028 29089014 29092007 29098031 29101013 29124021 29127015 29588030 29593031 29660011 29663016 29853020 29892004 30476042 30530014 30577012
mẹ̌doa|1|29943004
mẹ̌dohang|1|29526026
mẹ̌dorong|22|23326009 23327007 23606009 24433013 24496015 24557022 25417017 25418007 25656021 26164029 26166016 26167024 26197012 26753017 27219002 27755012 27808044 28692011 28974003 29165006 29290010 29446007
mẹ̌dorongke|1|25573020
mẹ̌dosa|3|26225026 26393019 30160019
mẹ̌dudato|1|28996005
mẹ̌dukụ|1|28283027
mẹ̌děndalung|1|24456008
mẹ̌děndal᷊eng|2|28273020 30095003
mẹ̌děndal᷊engben|5|26700019 26710004 26710024 30292018 30302009
mẹ̌děndal᷊engken|1|24220016
mẹ̌děndal᷊engu|6|23254031 26684011 28268025 28416036 29098047 29114009
mẹ̌děndal᷊ese|1|24370014
mẹ̌děndapatě|1|24213019
mẹ̌děndarang|2|24822005 26811007
mẹ̌děndariha|1|27838028
mẹ̌děndiagạ|2|29334013 30583009
mẹ̌děndiahi|1|24067013
mẹ̌děndilu|1|25842020
mẹ̌děndokạ|1|28115020
mẹ̌děndoloh'i|1|27521035
mẹ̌děndoloh'u|1|23620021
mẹ̌děnduị'u|1|30686007
mẹ̌děnděmusě|1|26452032
mẹ̌dẹ̌dalo|3|25079011 28970039 30257012
mẹ̌dẹ̌dal᷊ahaghi|4|28639002 28640003 28641002 29848009
mẹ̌dẹ̌dal᷊ahengkeng|1|28300011
mẹ̌dẹ̌dal᷊ahingidě|1|29580012
mẹ̌dẹ̌dal᷊embo|4|25185017 28179009 28333010 30376036
mẹ̌dẹ̌dal᷊ia|1|28414019
mẹ̌dẹ̌daral᷊ai|2|25423024 25423041
mẹ̌dẹ̌dararagu|1|28750010
mẹ̌dẹ̌deạ|2|25020005 30474017
mẹ̌dẹ̌deạu|1|25166004
mẹ̌dẹ̌dorong|16|25115007 25120036 25200012 25414032 26167013 26864007 27941002 28334013 28374014 29166009 29445010 29634008 29636005 29649006 30411019 30467045
mẹ̌dẹ̌ndal᷊engu|1|24996008
mẹ̌gaghaghěllị|1|29857009
mẹ̌gaghal᷊isa|1|30226011
mẹ̌gaghausě|7|24278016 27549005 28469038 28997012 29123014 30139020 30142009
mẹ̌gaghighilě|1|29735015
mẹ̌gaghohaeng|1|27615010
mẹ̌gagholọ|5|27643012 27774004 28900024 30720027 30800044
mẹ̌gagholọu|1|29103003
mẹ̌gaghěllị|1|29531009
mẹ̌gahagho|1|25356025
mẹ̌gausě|9|25416004 25936007 26255016 26685004 26775004 28442008 28656013 28656024 28890007
mẹ̌golang|1|24743013
mẹ̌gul᷊ewasu|1|29052008
mẹ̌gěllị|5|23692004 23763026 25417008 25419009 27475022
mẹ̌gěllịu|14|24220035 24907027 26232017 26660017 26891012 28330010 28365071 28832007 28835004 28835017 28902019 28940019 29390034 30478029
mẹ̌gěngganapẹ̌be|1|27990040
mẹ̌gěnggeserě|1|30219012
mẹ̌gěnggoghahě|1|29440025
mẹ̌gẹ̌gagholọu|1|25622025
mẹ̌gẹ̌gahě|1|23837012
mẹ̌gẹ̌gaus'u|1|29577006
mẹ̌gẹ̌gausě|8|25177003 25419030 28339029 28386004 28386013 29356006 29605040 30640015
mẹ̌gẹ̌gausẹ̌be|1|29614026
mẹ̌gẹ̌gěllịu|3|23710012 26400002 29583009
mẹ̌gẹ̌gěsi|1|25476016
mẹ̌habaru|2|26603005 30452008
mẹ̌habarě|1|26440007
mẹ̌hukung|1|26238009
mẹ̌kakahiwuang|2|23311022 25487016
mẹ̌kakakonti|1|30631048
mẹ̌kakakoto|1|30319025
mẹ̌kakakělla|1|30158006
mẹ̌kakakěndagě|16|28674009 29176029 29361014 29474019 29497013 29532011 29603006 29613027 29653038 30591016 30596008 30603022 30615021 30616015 30651014 30652022
mẹ̌kakantarị|1|31016007
mẹ̌kakaradiahang|1|28975016
mẹ̌kakawing|1|31017018
mẹ̌kakonti|2|27710016 29021011
mẹ̌kakoạ|14|23922025 24042015 25193011 25797019 26241023 26523014 26724008 27034020 28111003 28277008 28456031 30290009 30407029 30590017
mẹ̌kakoạe|1|28176025
mẹ̌kakědang|1|24558028
mẹ̌kakělla|1|25572024
mẹ̌kakěndagě|3|23970011 28965027 29613014
mẹ̌kakěndagẹ̌ko|1|30611009
mẹ̌kal᷊emboghang|1|23987031
mẹ̌kal᷊iaesě|2|23515043 24782036
mẹ̌kal᷊iomaneng|34|24091025 24454013 24665009 24666005 24787022 25159012 25407025 25909011 26769002 26769009 26938006 26938009 27204041 27262031 27269016 27853009 27940011 28143028 28258015 28334022 28605007 28606007 28614016 28693004 28694012 28971005 29223019 29225002 29356033 29945003 30369019 30392012 30552041 31084032
mẹ̌kal᷊iomaneng-sěngkapẹ̌kal᷊iomaneng|1|26992020
mẹ̌kal᷊iomanengu|3|23747017 25274027 28694019
mẹ̌kantarị|3|23477003 28694024 28694031
mẹ̌kantarịeweng|1|23477018
mẹ̌kantarịu|1|28313035
mẹ̌kapapuěng|1|24426021
mẹ̌kapu|1|26571025
mẹ̌kapura|5|25427015 25707016 27281021 28437026 29380003
mẹ̌kapurạ|2|25624006 26987028
mẹ̌kapurạe|3|25477018 25793010 25795026
mẹ̌karadiahang|3|28551024 29047023 30263033
mẹ̌karadiahangu|1|29656004
mẹ̌karaki|1|28397004
mẹ̌katạ|1|25363018
mẹ̌kawasa|7|25491009 25883022 28065053 28071008 28480039 28836011 30916013
mẹ̌kawing|20|23165031 23267025 23267030 23602015 23773016 23903015 24600011 24601008 25639006 25639017 25815019 28515025 28516016 28524024 28524044 28525014 28528010 29751006 29773027 29775020
mẹ̌kawingu|1|28095035
mẹ̌kiamatě|3|23964026 24725023 25836023
mẹ̌kinau|1|28991005
mẹ̌kiral᷊a|3|27583004 27949021 30450015
mẹ̌komol᷊ě|2|26788016 30159006
mẹ̌konti|5|26426042 28157018 29078015 29724033 29895033
mẹ̌koạ|113|23208018 23255022 23355058 23480013 23528023 23917011 24096015 24152007 24293025 24317004 24422039 24578016 24606031 24757006 24793020 24898002 25098008 25156016 25204054 25662026 25749020 25775012 25780007 25888017 26114031 26191009 26296010 26333021 26445009 26519004 26646013 26681011 26681021 26786017 26850018 26969004 27040027 27051005 27123030 27136012 27253029 27418039 27622014 27833009 27955015 27961015 27974005 28000011 28082048 28084009 28108005 28110023 28111021 28113010 28254058 28270005 28270016 28279015 28294014 28331008 28490006 28523027 28591009 28591030 28645006 28664017 28694005 28753004 28847014 28902025 28974011 28974023 29051016 29071021 29092017 29152022 29190031 29198007 29198017 29199011 29218003 29237003 29316002 29342011 29344003 29537010 29538008 29653024 29661046 29669002 29671013 29692006 29764013 29901011 29909032 29932028 29953005 29960015 29960028 30046046 30101022 30113020 30141013 30143015 30258003 30260023 30263021 30333015 30353016 30436009 30438004 30448025 30514024
mẹ̌koạbe|5|28112003 29240022 29953022 30158019 30550020
mẹ̌kui|4|23183044 27795036 29819007 30035022
mẹ̌kul᷊eteng|1|29605053
mẹ̌kul᷊ẹ̌te|1|29351030
mẹ̌kurate|1|27808020
mẹ̌kěllaenge|1|27879003
mẹ̌kěmbuni|1|30579023
mẹ̌kětạbeng|1|30031034
mẹ̌kẹ̌kahumang|2|28992003 30675001
mẹ̌kẹ̌kakahụ|1|29178006
mẹ̌kẹ̌kakěndagě|2|29185015 29597023
mẹ̌kẹ̌kal᷊iomaneng|11|25159018 25287021 25331006 28144018 29031004 29051004 29555020 29563038 29661010 29661016 29872028
mẹ̌kẹ̌kal᷊irungu|1|29576019
mẹ̌kẹ̌kantarị|2|27509025 28705022
mẹ̌kẹ̌kantarịu|1|25228031
mẹ̌kẹ̌karadiahang|2|29013029 29017005
mẹ̌kẹ̌karaki|4|25550026 27944016 28782014 29589004
mẹ̌kẹ̌karakin|1|30535006
mẹ̌kẹ̌karerong|1|24557016
mẹ̌kẹ̌karimang|1|28880016
mẹ̌kẹ̌karimangu|1|29879044
mẹ̌kẹ̌konti|1|29905015
mẹ̌kẹ̌koạ|38|24324003 24670027 25013006 25267016 26646003 27626020 27963011 27972003 27973005 27976021 27997014 27999025 28004015 28014020 28017025 28070011 28097034 28109007 28111014 28112012 28128036 28269022 28271048 28322025 28355004 28477034 28562019 28566016 28568016 28984032 29176018 29424006 29707020 29819017 30117026 30450009 30481034 30483016
mẹ̌kẹ̌koạbe|1|28012013
mẹ̌kẹ̌koạbelai|1|27964039
mẹ̌kẹ̌kui|3|24177011 27263022 28132044
mẹ̌kẹ̌kulěte|1|28887005
mẹ̌kẹ̌kul᷊ěte|1|29588029
mẹ̌kẹ̌kọa|1|29068035
mẹ̌lelehě|1|31082020
mẹ̌lẹ̌habar'u|1|29580035
mẹ̌lẹ̌habaru|3|28627015 29081016 30618013
mẹ̌lẹ̌harapě|3|28328027 28365060 29562026
mẹ̌lẹ̌lahe|2|28012024 30523006
mẹ̌mal᷊is'u|1|29637006
mẹ̌mal᷊ui|1|27116021
mẹ̌manda|1|25157003
mẹ̌mantugě|1|29919011
mẹ̌mewẹu|1|28223029
mẹ̌mombengu|1|23285013
mẹ̌munara|6|23495019 23805016 24969002 28355007 28787027 29852003
mẹ̌měhạ|1|30214021
mẹ̌mělle|3|23285020 23891016 23932013
mẹ̌měllewe|1|29513010
mẹ̌měning|1|29385007
mẹ̌měningu|1|29432019
mẹ̌měnning|1|30340003
mẹ̌měnningu|3|23557010 25944022 29733014
mẹ̌měntul᷊u|1|27886019
mẹ̌mẹ̌mahang|1|25505021
mẹ̌nahaghe|1|25458032
mẹ̌nanoi|1|24486012
mẹ̌naněsui|1|30386004
mẹ̌ngadatě|2|26472017 29513014
mẹ̌ngakal᷊ě|1|29867015
mẹ̌ngakum|1|29241023
mẹ̌ngampal᷊ě|1|26214022
mẹ̌ngiaking|1|28874004
mẹ̌ngiral᷊ingu|2|26250009 28702037
mẹ̌ngumbala|1|28975018
mẹ̌ngěnnau|1|27906003
mẹ̌ngẹ̌dal᷊u|1|29911012
mẹ̌ngẹ̌ngahạ|1|28528025
mẹ̌ngẹ̌ngampung|1|25410009
mẹ̌ngẹ̌ngawasa|1|23485011
mẹ̌nul᷊ung|1|25194007
mẹ̌numěking|1|30194017
mẹ̌nẹ̌naghal᷊i|1|29523009
mẹ̌nẹ̌nahěse|1|29605046
mẹ̌nẹ̌nasa|1|29583004
mẹ̌nẹ̌naung|1|25093023
mẹ̌nẹ̌naungu|1|28566005
mẹ̌nẹ̌numbiagě|1|29586014
mẹ̌nẹ̌nuntụ|1|29856005
mẹ̌nẹ̌něbu|2|24557014 25341018
mẹ̌nẹ̌něntiro|1|24475005
mẹ̌paduli|1|28481044
mẹ̌pake|5|25879004 28463034 28598003 29054034 29118007
mẹ̌pakeang|2|23311006 30765030
mẹ̌pakeangu|1|25482024
mẹ̌pakẹu|10|25087011 28088008 28252027 28605018 28607006 28691031 28772007 28862018 29176012 29672004
mẹ̌pakisaghe|1|26902013
mẹ̌panda|1|28596025
mẹ̌pandung|1|26495018
mẹ̌papadul᷊i|1|29772006
mẹ̌papahimang|2|25800016 30204029
mẹ̌papahiạu|1|25428027
mẹ̌papakeang|1|25487027
mẹ̌papakisaghe|1|25110013
mẹ̌papangiri|1|29189013
mẹ̌papanguhasě|1|26645017
mẹ̌papapinintu|1|26756019
mẹ̌paparenta|1|29505024
mẹ̌papaul᷊ị|1|30104009
mẹ̌papinintu|2|23575012 26752020
mẹ̌papuhehghe|1|28913002
mẹ̌papusakạ|1|24681010
mẹ̌parenta|56|23195015 23227021 23233024 23355049 23425009 23518022 23551018 23559015 23564015 23584004 23585004 23587004 23751005 23794005 23972008 24354005 24355005 24564026 24869026 24927005 25074012 25107011 25204047 25247022 25304017 25373019 25375027 25426018 25537008 25539010 25637026 25672014 25673019 25743030 25858021 25894009 25986028 27189015 27594032 27652019 27923037 28454006 28747037 29840011 29872021 29983011 30744034 30790019 30888017 30888036 30897011 30914015 30988020 30993032 31033020 31086029
mẹ̌parentạe|1|24350010
mẹ̌parěnta|1|28316014
mẹ̌patehě|2|23676023 28514002
mẹ̌puasa|2|23299004 25701002
mẹ̌pudi|1|28313026
mẹ̌puhědang|1|23300005
mẹ̌pědu|4|23257010 29183014 29526015 30286022
mẹ̌pěndang|2|28235010 28286019
mẹ̌pěrkarang|1|28475002
mẹ̌pẹ̌padul᷊i|2|29334011 29334018
mẹ̌pẹ̌pake|1|27212010
mẹ̌pẹ̌pakeang|2|23468010 23468015
mẹ̌pẹ̌palilị|1|30686027
mẹ̌pẹ̌pal᷊ehe|1|25341011
mẹ̌pẹ̌papangampung|1|29531030
mẹ̌pẹ̌paral᷊eong|1|29690018
mẹ̌pẹ̌parenta|6|25309004 26927041 28744005 30215067 30447019 31001036
mẹ̌pẹ̌parentawe|1|30031012
mẹ̌pẹ̌patehě|1|25555020
mẹ̌pẹ̌puasa|1|25229008
mẹ̌pẹ̌puhẹ̌dangu|1|28566039
mẹ̌pẹ̌pěndang|4|27652027 28580003 28984021 29380033
mẹ̌sabaru|1|27572031
mẹ̌sahidi|2|26245012 30752031
mẹ̌sahidin|5|26396006 26726032 26727006 26861013 27746033
mẹ̌sahiding|5|23653015 23781019 24608017 26823037 29818006
mẹ̌sakaeng|2|24359015 27441006
mẹ̌salu|11|23269011 23935014 23935027 23937008 23937021 23939007 23940005 23941006 30061005 30061008 30367006
mẹ̌salun|2|23271003 30367016
mẹ̌sal᷊a|1|25655010
mẹ̌sal᷊ai|1|25228028
mẹ̌sal᷊imbang|2|25015010 25566013
mẹ̌sal᷊iwang|1|24073025
mẹ̌samal᷊e|1|28744016
mẹ̌samal᷊ě|1|28977024
mẹ̌sampuhu|1|27960023
mẹ̌sasabarě|1|29531004
mẹ̌sasadia|1|28687016
mẹ̌sasahawụ|1|28439010
mẹ̌sasahidi|1|29581022
mẹ̌sasahidin|2|27092005 27394035
mẹ̌sasahidine|1|27301015
mẹ̌sasasěmpị|1|28878006
mẹ̌sasasěmpịbe|1|23889041
mẹ̌saseke|12|23355017 23880015 24429022 25847008 27696018 27820023 28548011 29832021 30857005 31032002 31037013 31039003
mẹ̌sasekẹ'E|1|31037028
mẹ̌sasidang|1|25937002
mẹ̌sasiliwirě|1|26583012
mẹ̌sasingking|1|29043025
mẹ̌sasuange|2|26701015 28417003
mẹ̌sasumbalane|1|24894016
mẹ̌sasěmběka|1|29785029
mẹ̌sasěmpị|5|24688024 25404021 27105030 30102041 30473013
mẹ̌sasěsilu|2|28703037 28927018
mẹ̌sasěsilě|2|25655017 25897018
mẹ̌saụ|4|23979023 24737025 27100013 27441005
mẹ̌seke|12|23965004 24726004 25837011 28687017 29630052 30217007 30411033 30913035 30969028 30990005 31037018 31047026
mẹ̌sempị|1|24216004
mẹ̌senggọ|1|27866017
mẹ̌siliwirě|2|25497028 26106009
mẹ̌simokol᷊ě|3|26188009 26188016 26911010
mẹ̌sipirě|2|25585027 30575025
mẹ̌sitori|2|28469029 29377015
mẹ̌sombang|16|23351015 25266020 26602015 26749015 27551015 27920007 27923010 27942005 28924034 29076010 29420025 29597050 29597060 29814013 30673008 30767021
mẹ̌sombangu|3|24210018 26363011 28516027
mẹ̌suang|2|28548016 28755008
mẹ̌suba|14|23172038 23219019 24300014 25071010 25823007 28003012 28575007 29402019 29970022 30756026 30861022 30951027 31028009 31089037
mẹ̌sul᷊e|25|23555036 23845004 24910006 25430030 25503006 25744017 26531014 26632019 26634031 26697016 26755022 26935035 27156022 27405020 27579023 27630034 27801020 27803015 27927039 28788017 28817019 29141027 29388006 30523014 30523022
mẹ̌sul᷊eko|1|25607005
mẹ̌sul᷊ung|45|23798022 23807018 23912004 24099012 24911013 25522022 25811003 26046020 26063010 26087033 26437029 27168029 27416009 27430014 27974009 28035038 28039050 28146013 28286025 28758006 28768008 28860030 28949008 29002027 29041037 29041046 29088022 29233007 29286011 29286014 29310024 29392012 29394019 29446027 29995009 30070033 30127005 30145018 30182034 30250006 30372005 30531032 30632016 30684025 30989011
mẹ̌sul᷊ung'i|2|29160019 30707012
mẹ̌sul᷊ung'u|1|30686024
mẹ̌sul᷊ungkelain|1|28794013
mẹ̌sul᷊ungkewe|3|24994022 27526009 30035028
mẹ̌sul᷊ungkewelai|2|27451034 30017009
mẹ̌sul᷊ungkewelain|2|30024010 30030027
mẹ̌sul᷊ungkewen|11|23416016 24896004 25183004 25442015 25678009 28074029 28602003 29603022 29633006 29998014 30003003
mẹ̌sul᷊ungkeweng|1|29956019
mẹ̌sul᷊ungu|128|23341011 23343014 23553016 23553024 23564019 23592018 23782010 23794009 23805030 23875008 23985007 23995009 24010014 24049025 24053021 24093013 24357011 24423021 24456039 24565023 25187012 25195003 25196012 25227015 25228004 25258004 25259006 25260005 25261007 25391020 25450006 25496001 25538003 25540003 25553029 25700032 26024013 26086026 27209011 27271009 27307013 27325018 27341019 27553022 27561014 27655047 27755024 27829026 27948035 28005004 28005018 28120037 28225027 28231010 28269011 28409026 28411026 28412009 28426020 28458051 28647005 28767006 28767020 28810003 28840025 28840043 28842042 28843007 29013012 29089021 29109002 29126015 29133038 29398005 29399010 29399022 29414023 29432024 29443015 29523023 29625030 29770010 29905017 30037017 30041014 30065024 30068034 30076043 30082017 30200022 30242006 30245005 30273019 30290013 30299027 30317023 30326003 30334024 30405005 30474012 30621034 30683016 30728056 30744020 30750038 30776013 30796024 30800009 30807009 30844019 30846021 30848023 30849004 30849012 30850013 30858025 30860018 30913030 30920014 30920020 30931010 30949007 31024012 31028030 31028034 31030003 31070009 31070034
mẹ̌sumbala|2|23520019 25429013
mẹ̌sundal᷊ě|1|23653013
mẹ̌sunial᷊'i|6|23451013 24090015 26322028 29665027 29840017 29840023
mẹ̌sunial᷊'u|7|24076015 24079019 24101008 24473012 24730003 25469004 26329030
mẹ̌sunial᷊i|1|26642008
mẹ̌sunial᷊u|4|24773020 25219007 27835013 30502046
mẹ̌sunial᷊ě|3|23451005 24078016 26728012
mẹ̌sěbạ|3|24953019 30189028 30392003
mẹ̌sěbạu|1|29007004
mẹ̌sěding|2|27040017 27325040
mẹ̌sědingu|2|27433013 27793022
mẹ̌sěmpị|2|27575025 28523041
mẹ̌sěngkanaung|3|28374018 28914005 29091042
mẹ̌sěngkanaungu|1|23747014
mẹ̌sěngkapia|5|28020010 28048023 29098009 29114005 29168027
mẹ̌sěngkapian|16|28013010 28014008 28067020 28069026 28085049 28194008 28195007 28199014 28899020 29098034 29098058 29099008 29111017 29127019 29167005 29931009
mẹ̌sěngkapiang|2|28896026 29530025
mẹ̌sěsipirě|1|25477004
mẹ̌sẹ̌ding|1|28523017
mẹ̌sẹ̌dingu|2|28523014 28718014
mẹ̌sẹ̌mpị|1|28550023
mẹ̌sẹ̌sabar'i|1|28178019
mẹ̌sẹ̌sahidi|2|27846014 28133010
mẹ̌sẹ̌sahidim|2|26242005 26243005
mẹ̌sẹ̌sahidin|1|26250025
mẹ̌sẹ̌sahiding|1|31043034
mẹ̌sẹ̌sal᷊a|1|23297007
mẹ̌sẹ̌sal᷊ang|1|28486026
mẹ̌sẹ̌sal᷊apidě|1|29726014
mẹ̌sẹ̌sal᷊imae|1|25490020
mẹ̌sẹ̌sal᷊iwang|1|25640011
mẹ̌sẹ̌sampuhu|1|29777020
mẹ̌sẹ̌sasalu|1|24129005
mẹ̌sẹ̌sasasa|1|30159024
mẹ̌sẹ̌sasěngkilě|1|25288028
mẹ̌sẹ̌seke|1|29350005
mẹ̌sẹ̌sihing|1|29310019
mẹ̌sẹ̌sipirě|1|25624004
mẹ̌sẹ̌sulingu|1|25228017
mẹ̌sẹ̌sul᷊ung|1|28758010
mẹ̌sẹ̌sundal᷊ě|1|29310006
mẹ̌sẹ̌sunial᷊ě|1|29909016
mẹ̌sẹ̌sěbạu|1|23916018
mẹ̌sẹ̌sěding|1|27984017
mẹ̌sẹ̌sědingu|2|25938021 29186012
mẹ̌sẹ̌sěmpị|5|25491005 26690008 27689045 28287004 28522017
mẹ̌sẹ̌sẹ̌bạ|1|29943008
mẹ̌sẹ̌sẹ̌dụ|1|28058006
mẹ̌taghunalang|1|25721012
mẹ̌tahamawu|3|23307036 28160045 28191009
mẹ̌tahamawuko|1|23307040
mẹ̌taharorong|2|25624020 25724011
mẹ̌tahawerang|1|23509009
mẹ̌tahimokoin|1|28812046
mẹ̌tahiti|1|25514028
mẹ̌tahong|1|24283004
mẹ̌tahuntěndạ|1|23698005
mẹ̌tahutěndạ|1|26822023
mẹ̌tahutěndạu|5|24536004 25471026 25841016 29042010 29369054
mẹ̌tahuěllang|3|27123025 27124008 29010007
mẹ̌tahěndung|6|27264036 28275009 29563030 29715010 30105010 30999013
mẹ̌tahěndungkewelai|1|29635008
mẹ̌tako|12|23302019 23653014 23781017 24485016 24608015 25709014 26492005 27984021 28276011 29301003 29301007 29918019
mẹ̌takạewen|1|29389044
mẹ̌tampung|5|26938005 27073007 27293029 27635009 27695014
mẹ̌tana|3|26197018 27477007 29774022
mẹ̌tangkiang|22|23821015 24185018 24634013 24913009 25718021 26607004 26607025 27232018 28168011 28640005 28862028 29013019 29073020 29560012 29563061 29774025 29791026 29871007 30001007 30458014 30666004 30790015
mẹ̌tangkuang|3|28253006 28253012 28338013
mẹ̌tanạ|14|23718020 24558024 25343022 26021033 27165005 27578010 27670008 28783006 28784020 28880018 28915028 29385014 30351021 30900014
mẹ̌tatahamawu|1|28098029
mẹ̌tatahang|3|25324011 27015026 27847013
mẹ̌tatahangu|21|23582020 23694019 24009018 24532014 24551034 25326005 25547027 26018007 26038018 26760020 27437028 28497017 28581054 29490006 30419015 30420009 30439006 30514013 30728032 30729023 30740021
mẹ̌tatahino|4|26286014 28757010 29308011 29904020
mẹ̌tatahinong|1|24629003
mẹ̌tatahinowe|1|30639031
mẹ̌tatahutěndạ|1|26937043
mẹ̌tatal᷊ahino|8|23526014 23797021 24767025 26624010 28490009 29357017 30241039 30508022
mẹ̌tatal᷊ahinon|2|28088054 29707024
mẹ̌tatal᷊ung|1|30002011
mẹ̌tatal᷊ěntụ|1|27962007
mẹ̌tatamba|2|28589023 28589030
mẹ̌tatambang|1|28913019
mẹ̌tatanding|1|29833002
mẹ̌tatangkiang|37|23819020 23930009 24632020 25891024 25892031 26802017 26803003 26804007 27267015 27351008 27840016 28320007 28416021 28435005 28436004 28865029 29013002 29343007 29344022 29345007 29359009 29363026 29489057 29491006 29540003 29544012 29555013 29593016 29754018 29786011 29876032 30032012 30418007 30471023 30674021 30704010 30814026
mẹ̌tatangkiang'E|1|29971021
mẹ̌tatangkiang-Ku|1|26607012
mẹ̌tatangkiangu|2|28848010 29005007
mẹ̌tatangkuang|1|24574032
mẹ̌tatanạ|1|27548020
mẹ̌tatasibung|1|29832007
mẹ̌tatatilakehě|1|26432021
mẹ̌tatatědụ|1|29189007
mẹ̌tate|7|27954013 28081008 28128032 28871029 28908014 29992011 30940019
mẹ̌tatiaham|1|28630012
mẹ̌tatilakehě|2|24629018 26480012
mẹ̌tatokeng|1|28294006
mẹ̌tatul᷊a|1|25163012
mẹ̌tatul᷊ung|2|26695006 30258007
mẹ̌tatumanạu|1|23956025
mẹ̌tatěgehě|1|30495004
mẹ̌tatěngkasẹ̌llung|1|28124018
mẹ̌tatěno|1|30670008
mẹ̌tatěntiro|1|30104005
mẹ̌tatětol᷊u|2|25863009 30486024
mẹ̌tatětol᷊ě|1|23510015
mẹ̌tawakal᷊i|5|28751016 28902017 29495011 29580010 29932025
mẹ̌tawakal᷊iko|1|30026006
mẹ̌tawakal᷊iwe|1|29167004
mẹ̌teghang|2|27463044 28999054
mẹ̌teghangu|1|29800014
mẹ̌temang|1|29516002
mẹ̌tikị|4|24001024 24351004 24792018 25413026
mẹ̌tikị-tikị|1|24795022
mẹ̌tilakehu|1|27981022
mẹ̌timbul᷊eng|5|23697017 24535027 25325019 29435027 30151009
mẹ̌timona|1|26593018
mẹ̌timonạewe|1|27896038
mẹ̌tingkaị|1|27221017
mẹ̌tingkědang|5|23718024 25343026 26748013 29029026 30170004
mẹ̌tiwo|18|27288020 27479015 27941016 27944017 28326008 28327017 28782005 28784005 28816012 28817006 28828016 29037009 29043008 29045008 29416015 29589006 29654016 30265037
mẹ̌tiwong|1|28986005
mẹ̌tiụ|1|30834015
mẹ̌tobatě|8|23480024 25599011 27023034 27967034 30046044 30051019 30532038 30964029
mẹ̌tohạ|1|28935006
mẹ̌tonengu|1|24430032
mẹ̌totong|1|28784009
mẹ̌tulung'u|1|28663045
mẹ̌tul᷊a|1|30490034
mẹ̌tul᷊ung|20|24476010 24561035 25696025 27493033 27662023 28309013 28331015 28691034 28946054 28949013 28950021 28952045 28955031 28955039 28956015 28959008 29051011 29446012 29688018 30597015
mẹ̌tul᷊ung'u|1|27262022
mẹ̌tul᷊ungu|14|23502015 23923015 24054012 24919007 25693007 25694013 27253032 28331052 28941017 29422015 29780021 30028024 30294011 30667010
mẹ̌tumanạ|4|26078033 26685017 29252025 30759020
mẹ̌tumbahani|1|30579017
mẹ̌tumbahaniko|1|30031007
mẹ̌tumbal᷊ě|1|24746015
mẹ̌tumpaedě|1|29979009
mẹ̌tumpate|2|26404013 28055019
mẹ̌tumpěkuhě|1|23219018
mẹ̌tungketị|1|30011023
mẹ̌tungkětị|1|30022048
mẹ̌těghangu|1|27472032
mẹ̌těgạ|1|27800023
mẹ̌těllingu|1|27463018
mẹ̌těngkaghea|1|28493002
mẹ̌těngkahamụ|1|26970007
mẹ̌těngkahengke|1|28984011
mẹ̌těngkahinom|1|25393006
mẹ̌těngkahole|1|30430016
mẹ̌těngkakadodọ|1|28830024
mẹ̌těngkakadọdọ|1|28543014
mẹ̌těngkakalạ|1|25481013
mẹ̌těngkakoạ|5|23732006 24613019 26515030 28511021 28561007
mẹ̌těngkal᷊au|1|27616005
mẹ̌těngkal᷊aụ|3|24149017 29676028 29786020
mẹ̌těngkal᷊usị|1|30523023
mẹ̌těngkaobotě|1|29738013
mẹ̌těngkapia|1|27976005
mẹ̌těngkapěllọ|2|28515010 28886012
mẹ̌těngkapěllọu|1|26990022
mẹ̌těngkapẹ̌llọ|1|28882031
mẹ̌těngkarange|4|25703026 28441025 29030034 29666009
mẹ̌těngkarangẹu|1|23931003
mẹ̌těngkarani|1|24299012
mẹ̌těngkarau|1|30008026
mẹ̌těngkaraun|1|28465033
mẹ̌těngkaraung|1|29607011
mẹ̌těngkaruị|1|30035006
mẹ̌těngkarěmmasě|1|28707014
mẹ̌těngkasabarě|1|28446032
mẹ̌těngkasaghedě|2|25202030 29301013
mẹ̌těngkasal᷊amat'u|1|25685003
mẹ̌těngkasandigu|1|29264014
mẹ̌těngkasanạ|4|23931010 29518017 29773019 30471018
mẹ̌těngkasanạu|2|23732003 28704011
mẹ̌těngkasatia|3|29570039 29841006 30728042
mẹ̌těngkasikome|1|30033014
mẹ̌těngkasul᷊ung|1|28562008
mẹ̌těngkasuměllung|1|30430020
mẹ̌těngkasunsara|1|29391018
mẹ̌těngkasusi|2|30534017 30537022
mẹ̌těngkasěllahě|2|23819014 24632011
mẹ̌těngkasěllungu|1|28747020
mẹ̌těngkasěnaěngu|1|29770007
mẹ̌těngkatakidě|4|23768020 24596013 28485004 29336020
mẹ̌těngkatode|4|26617035 27617023 27840006 29657026
mẹ̌těngkatěntani|1|24439032
mẹ̌těngkawurẹ̌sing|1|30397014
mẹ̌těngkiwukang|1|30450027
mẹ̌těngo|1|23961021
mẹ̌těngom|1|28673004
mẹ̌těngon|12|24604007 25692021 25706005 27127023 28143032 28858006 29590021 30236027 30237004 30237014 30579018 30639008
mẹ̌těngong|8|27809021 27880015 28973026 29048040 29390010 29636027 30259028 30622037
mẹ̌těno|2|26646012 29686009
mẹ̌tẹ̌ngon|1|28291028
mẹ̌tẹ̌tahamawu|2|25011021 28098043
mẹ̌tẹ̌tahong|1|25145005
mẹ̌tẹ̌tahěndung|6|24549004 24942003 27940003 29365003 29563043 30495014
mẹ̌tẹ̌tako|1|27984027
mẹ̌tẹ̌tal᷊ahino|1|30506046
mẹ̌tẹ̌tal᷊eịen|1|25335007
mẹ̌tẹ̌tampung|1|29941005
mẹ̌tẹ̌tangkiang|6|25892016 28299003 28998004 29745003 29900007 29978018
mẹ̌tẹ̌tanạ|7|24368011 27266015 27478006 27608023 28882005 29700010 29882004
mẹ̌tẹ̌tasibung|1|29690026
mẹ̌tẹ̌tatahangu|2|23457003 23457011
mẹ̌tẹ̌tatahino|1|24924013
mẹ̌tẹ̌tatal᷊ahino|1|29912012
mẹ̌tẹ̌tatondong|1|29176031
mẹ̌tẹ̌tatuhụ|1|27526044
mẹ̌tẹ̌tatěntang|3|28252011 28354024 30457008
mẹ̌tẹ̌tatěntani|1|28760019
mẹ̌tẹ̌tatětehě|2|29099005 29434016
mẹ̌tẹ̌tatẹ̌tehě|1|29201013
mẹ̌tẹ̌tawakal᷊i|4|25126018 28601006 28889014 30524020
mẹ̌tẹ̌teghang|1|28999033
mẹ̌tẹ̌tikị|2|25334010 29319018
mẹ̌tẹ̌timona|3|27668021 27862010 29436007
mẹ̌tẹ̌tingkědang|1|28566008
mẹ̌tẹ̌tiněnna|1|27966020
mẹ̌tẹ̌tiněnnam|1|29453024
mẹ̌tẹ̌tiněnnan|2|25405011 28521009
mẹ̌tẹ̌tiněnnang|3|28437015 29148006 29412012
mẹ̌tẹ̌tul᷊ung|1|29828011
mẹ̌tẹ̌tumanạ|1|25125040
mẹ̌tẹ̌tumpaedẹ̌be|2|28906022 30010018
mẹ̌tẹ̌tungkětị|1|28174021
mẹ̌tẹ̌tungkětịu|1|28235042
mẹ̌tẹ̌těllạmaeng|1|25430010
mẹ̌tẹ̌těngkaambing|1|29003016
mẹ̌tẹ̌těngkakoạ|1|28563009
mẹ̌tẹ̌těngkarange|1|28440048
mẹ̌tẹ̌těngkasabarě|1|30532019
mẹ̌tẹ̌těngkasanạ|2|25287016 28997026
mẹ̌tẹ̌těngkasanạu|1|29513011
mẹ̌tẹ̌těngkasikome|1|29578006
mẹ̌tẹ̌těngkasul᷊ungu|1|28563028
mẹ̌tẹ̌těngkatode|1|24983006
mẹ̌tẹ̌těngkaudupu|1|29186007
mẹ̌tẹ̌těngkawurẹ̌sim|1|29849003
mẹ̌tẹ̌těngkiwukang|1|29629014
mẹ̌tẹ̌těngo|1|30673014
mạanuen|1|28685037
mạanuewen|1|27765038
mạanum|3|26019013 28437022 29715020
mạanun|116|23186051 23234002 23415027 23558005 23559011 23599012 23816013 23872023 23889035 23904011 23915005 24217005 24335015 24392006 24531015 24552027 24812011 24853007 24895010 24991017 25012016 25078019 25101003 25107006 25213003 25220016 25256013 25311029 25623012 25720025 25817015 26036027 26067025 26229028 26257019 26341007 26342009 26361011 26372007 26408005 26470013 26507028 26523023 26597038 26622015 26726023 26740013 26805009 26961035 27102022 27115014 27182014 27189010 27189020 27217020 27239017 27296024 27303005 27328021 27330003 27375024 27385023 27418027 27542060 27583006 27584036 27651040 27652014 27689035 27690021 27723025 27736033 27771036 27783014 27794034 27795013 27799017 27805015 27806027 27816014 27921018 27940039 27950005 27999013 28099021 28183005 28203027 28212026 28233002 28325013 28362020 28408009 28467022 28562035 28643023 28734013 28956021 28966009 28977010 28994016 29065011 29247009 29291026 29389012 29476028 29658020 29724018 29762034 29836009 29842010 29969035 29997016 30047015 30506044 30700015 30873012
mạanung|84|23193018 23467016 23641011 23714009 23972004 24125017 24339013 24422003 24470014 24688032 25007014 25304013 25313022 25332022 25348007 25560008 25637022 25832005 26006005 26409012 26649008 26745016 26752028 26818012 26923005 27595030 27795007 27840030 27847031 27931010 28024006 28148006 28304028 28322006 28323017 28368007 28370005 28397022 28449046 28465004 28814011 28837010 28864027 28865009 28865016 28889017 28931034 28960021 28970029 29071006 29074011 29109009 29223009 29256011 29286015 29337012 29411023 29471027 29546017 29569023 29598022 29683009 29868003 29917027 29949009 29990016 30019002 30022021 30047009 30068027 30135009 30135016 30141018 30180010 30386041 30500013 30542005 30577008 30607009 30634026 30635044 30676015 30678015 30699011
mạanungkeng|1|29260027
mạanụen|2|26458014 30440035
mạanụeng|7|24599014 26927036 26979012 27826019 29597038 30046013 30501017
mạanụewen|1|26631014
mạarěga|1|23502006
mạbadang|2|27991023 28876012
mạbal᷊ị|1|28111013
mạbangung|1|28683021
mạbatang|1|28285020
mạbawanggilě|1|29049014
mạbawengesě|1|30892029
mạbawingkahě|2|30864007 30870021
mạbawiting|3|24865002 27271015 27313026
mạbawohe|107|23151011 23157012 23214008 23216022 23220012 23497006 23744018 23869014 24079009 24086025 24220002 24551029 24552023 24658018 24776009 24782023 24855006 24997007 25030003 25072009 25074007 25076008 25384022 25390006 25650023 25778008 25902023 25974007 26019008 26036026 26038012 26118027 26289014 26367008 26399006 26516007 26517006 26595013 26725010 26772057 26850033 26862008 26877011 26940007 26944010 26944027 27159021 27784037 27933014 27948037 27976024 27978009 27987006 27996020 28002002 28011009 28020019 28026005 28041025 28046009 28098037 28173007 28189011 28200006 28202006 28204016 28207022 28212020 28218007 28236017 28244006 28265018 28292006 28307017 28308003 28313019 28314002 28325006 28404008 28430019 28575021 28594007 28722020 28773030 28848024 28848027 28966006 29109004 29113018 29113027 29115012 29116026 29119030 29125006 29153023 29154002 29159007 29162004 29162010 30141017 30178039 30399005 30403005 30406006 30435005 30928029 31051047
mạbawol᷊eng|1|29510035
mạbawuka|1|27535006
mạbawuni|8|23301021 24346002 25263003 27850049 28439032 29498014 30028006 30735024
mạbawunie|1|23287019
mạbaụ|1|28446004
mạbera|1|29535008
mạbohang|1|25086011
mạboso|1|23397025
mạbuang|1|24486001
mạbuhụ|1|26285009
mạbulun|1|27957030
mạběnsing|1|27417019
mạběnsingu|1|27961008
mạběse|1|23397019
mạdal᷊aụ|1|29578009
mạdal᷊ikụ|1|31022012
mạdal᷊ingu|1|25022004
mạdal᷊ingun|1|25021008
mạdal᷊ingung|1|26004030
mạdal᷊ingụen|1|25806023
mạdal᷊irung|4|25263010 25347014 25462010 29521010
mạdal᷊iwatedě|1|30881006
mạdal᷊iwungu|2|25847006 30705005
mạdal᷊uhe|2|28867009 31031003
mạdal᷊ěngkang|1|26908016
mạdal᷊ěnsung|4|23960029 24720025 25776019 25833018
mạdaniem|1|25202013
mạdarekeng|1|28447031
mạdaresọ|2|25458012 30379017
mạdariagạ|1|31066012
mạdariahi|2|28962036 30380028
mạdarol᷊ě|1|30236019
mạdarul᷊ung|1|30787011
mạdarěkạ|1|26704019
mạdarěpehě|1|28439043
mạdiadi|7|25309010 25858010 25902033 27072017 28712016 30176019 30220018
mạdihutu|1|28465019
mạdimạ|1|30810023
mạdiri|21|23188017 23666032 23742008 23932026 23956040 24569017 25273026 25458019 25617007 27573028 27962001 27968008 28238004 28588025 28607005 28862015 28981002 29203004 29636014 29953004 29953030
mạdirim|1|28580010
mạdirin|2|27156018 29637004
mạdiring|15|24060012 24096005 25441005 25911015 26141015 26621016 26814026 27086032 27885008 28272015 29539011 29587008 29738010 30654008 31004008
mạdiringu|3|24194012 24298016 30201019
mạdou|1|31060027
mạdoun|1|30402012
mạduata|1|27935003
mạdunia|9|26152025 28519009 28974037 28975021 29513024 29706033 29921023 29927023 30609008
mạděndung|1|26021025
mạeng|20|23502011 23639006 24109002 25516013 25786002 26320004 26471006 26536008 26680019 26698016 27607019 27795039 28635041 28817009 28817017 28973029 29522011 30259051 30342012 30622021
mạengbe|1|26506025
mạengbeng|1|26106015
mạengu|4|23307005 25569021 26406027 28535043
mạgaghantong|4|25975005 25981002 26858010 29116031
mạhandangenang|1|30456002
mạhaěngangbe|1|23433008
mạhene|1|28761015
mạherang|1|24992004
mạherangu|1|30451009
mạhibor'i|1|28921024
mạhibor'u|1|29598020
mạhiboreweng|1|28930025
mạhiborě|5|28924005 28930009 28930011 28930018 29393014
mạhimang|2|23373019 24365023
mạhimatụ|3|29292015 29912034 30450025
mạhondosě|3|25642009 30399026 30976012
mạhul᷊uasě|4|28050033 28261005 29447005 30383035
mạhul᷊ungkang|1|25298006
mạhul᷊ěge|1|25172017
mạhumbal᷊ụ|2|24656025 31009007
mạhumbisara|11|23704012 24543011 24858016 24877004 25832004 26961029 27497035 27638019 28705032 29571004 29575007
mạhumbisaram|2|28707008 30609004
mạhumbisaran|2|25332020 27230010
mạhumbisarang|7|26152022 27418015 27475010 27526026 29654010 29777028 30079026
mạhundal᷊eng|2|24650004 25579005
mạhundal᷊inaụ|1|25007009
mạhundal᷊oka|1|26214008
mạhundarisi|1|25334021
mạhundarisị|15|23536019 23799029 24646004 25756008 25971003 25985016 26851006 26935014 30791015 30820054 30822006 30826005 30830009 31011027 31051010
mạhundarisịete|1|23542021
mạhundingang|1|25207017
mạhundingangkewen|1|28133005
mạhunděnta|9|24261043 25033004 25250003 25865006 26523003 26557013 26829004 27076005 27930023
mạhunděsung|1|24548006
mạhunggunggui|1|31013019
mạhunggungguin|1|25963018
mạhungkaiang|9|23476015 23823008 24191008 25125018 25228007 25245004 25920016 26110020 26880012
mạhungkaěng|7|23996010 25138024 25141023 25680007 26281020 26659008 28538014
mạhungkaěng-sěngkakaěng|1|26992018
mạhungkaěngke|1|24081004
mạhungkaěngu|1|24466010
mạhungkiling|1|24856005
mạhungkiạ|1|31005008
mạhungkui|1|24020011
mạhunsake|1|31032010
mạhunsangị|6|24404014 24884019 25298004 25963016 26557018 28261012
mạhunsuě|2|23330018 30112011
mạhuntal᷊ang|2|24441029 28565013
mạhuntinamba|2|26997020 30271010
mạhuntinambang|5|23970003 27489005 27489013 28928035 29587033
mạhuntol᷊e|7|23356023 24621023 24868008 25205014 26486016 26509012 31032006
mạhuntol᷊ẹewe|1|30931019
mạhuntuhụ|1|31090038
mạhuntuwo|1|23311010
mạhuntěllạ|1|31035021
mạhěmpal᷊iu|10|24038015 24343010 25475030 26978017 28280017 28456015 28965023 29455031 29579022 29603011
mạhěmpal᷊iun|1|26033010
mạhěmpal᷊iung|2|24294016 29226007
mạhěngkiwal᷊o|1|26340014
mạhěnsinuang|1|25680010
mạhẹ̌gu|1|25967021
mạiang|35|23389016 23941022 23961014 24062023 24119020 24321006 24380014 24626026 24809018 24879021 25020018 25724010 25892008 26022003 26654006 27424003 28538030 30094017 30215060 30447013 30768023 30771022 30778016 30781011 30787018 30793030 30821018 30826028 30828006 30889010 30941018 30942019 30979025 31022023 31059005
mạiangke|3|24715002 26596010 27636009
mạkakauhě|3|28527006 29501018 30548022
mạkakomol᷊ě|2|25954004 26930005
mạkakěllung|1|30063026
mạkauhu|1|30604011
mạkibal᷊o|1|25020024
mạkoạ|2|28382015 29914004
mạlolang|1|30399022
mạl᷊aambung|1|23584014
mạl᷊aaresě|2|27797028 27801008
mạl᷊ahante|1|26810011
mạl᷊ahapusě|2|25535018 27917061
mạl᷊ahěmbung|1|25462003
mạl᷊ahěmbungu|2|30863014 30885035
mạl᷊aikị|6|23829018 24643026 24645012 25275030 25762024 28094008
mạl᷊awungu|1|29798010
mạl᷊aěmpahě|1|30063041
mạl᷊otahě|1|28904015
mạl᷊owokangbe|1|23787006
mạl᷊ua|1|23645011
mạl᷊unusě|1|28904017
mạl᷊ětạ|1|27999017
mạmaedě|2|25106037 26021006
mạmaehě|1|28273010
mạmaehẹ̌be|1|23725023
mạmal᷊idě|1|25938017
mạmal᷊u|1|23299016
mạmanda|7|23179024 23263010 24397006 25561003 26092003 26093028 26263005
mạmangung|3|25567005 28529034 30524021
mạmanikạ|2|29575018 30004022
mạmansagu|1|30894013
mạmansagě|1|24372006
mạmasaěng|1|25875014
mạmea|1|25328004
mạmepidě|1|24652017
mạmewẹu|1|30756012
mạmiahě|2|28040039 28810029
mạmile|1|30303006
mạminasa|1|30891052
mạmirahi|1|27571009
mạmisara|1|30710012
mạmitaugě|1|29170025
mạmohang|5|23196016 24219004 25030014 26068014 30934003
mạmohe|2|26388024 30564023
mạmokạ|1|30879018
mạmotọ|2|23934018 24767013
mạmunara|1|25688003
mạmungkalang|1|25659007
mạměllọu|1|24145012
mạměnsạ|4|24033033 24035030 25753024 25754032
mạměnsạe|1|23579019
mạměpidě|2|24255008 27298031
mạmẹ̌gong|1|26917014
mạnaghuang|29|23615005 25756021 26235018 26250015 26298018 26305005 27879017 27983022 27990018 28408014 28410003 28909034 29347034 29443027 29850022 30029020 30094009 30155008 30168034 30174006 30312043 30337003 30597004 30605014 30607020 30637003 30637006 30748017 31013035
mạnaghuangbe|3|27986007 30606032 30655020
mạnahaghe|2|23696020 23932016
mạnahiangkung|1|29529038
mạnahuntěngadě|2|27650012 27779012
mạnal᷊amạ|1|30915009
mạnal᷊endeng|1|30831005
mạnal᷊ěntihọ|1|25044004
mạnaněsui|1|26805004
mạnarakangkeng|2|27158019 28568004
mạnarakangu|4|26493009 28028010 30092015 30989017
mạnarimạ|2|25231012 28311020
mạnawo|1|29019011
mạnawụ|1|29040007
mạnengkelě|1|30767008
mạng'i|1|27103022
mạngadatě|2|24470028 30222021
mạngahạ|1|28839008
mạngakal᷊ě|4|29010013 29192014 30293014 30549015
mạngaku|3|24659031 29089008 30605012
mạngakum|2|23358005 28466015
mạngakun|3|23199003 26833018 30619003
mạngakung|3|28108018 29016039 30727030
mạngalimona|1|23179029
mạngal᷊ạ|4|23472017 25753015 27027021 29041023
mạngampal᷊ě|6|24869021 26802005 28140033 28788028 30134033 30694012
mạngansang|2|26990016 27889007
mạngantibě|1|27796006
mạngapia|1|30334010
mạngarěkilě|1|27648013
mạngatorě|2|25629024 28145007
mạngawasa|7|28098022 29135019 29505022 29729010 29992040 30155014 30716021
mạngawe|5|27954011 28251015 30775011 30874007 30941020
mạngekeng|5|23472004 28362024 28842039 28951023 30326016
mạngiaking|11|26992002 27982004 28808005 28987041 29822012 30002032 30054015 30054021 30184026 30192003 30676008
mạngiakingu|2|28828035 30260010
mạngikị|1|28094031
mạngimang|170|24173003 24563010 24641008 24891006 25246012 25697018 26119015 26154003 26235012 26367004 26550005 26754018 26757026 26768034 26899021 26951009 26991015 26994002 26997017 27013025 27027016 27055003 27071005 27072027 27073012 27074006 27107020 27178022 27180026 27181003 27219022 27238021 27253013 27258018 27259013 27283027 27303014 27305004 27309005 27310011 27327006 27332017 27334032 27401033 27417022 27424015 27435009 27443014 27444012 27446044 27448010 27454007 27465054 27475017 27476010 27479021 27485026 27486004 27488013 27488035 27499031 27518031 27529034 27530018 27533010 27534005 27536005 27558010 27566012 27566029 27576020 27585015 27585030 27587027 27604006 27612043 27629016 27657024 27672020 27687010 27710044 27743032 27784033 27791023 27830011 27914008 27915009 27947003 28014026 28018020 28019031 28020029 28022019 28022037 28032044 28034025 28034054 28036035 28039053 28041007 28043005 28047021 28050004 28155003 28186030 28188015 28189041 28193008 28278035 28317025 28339013 28342021 28344022 28344030 28352015 28385030 28479030 28668019 28701014 28701026 28812005 28825018 28873012 28873035 29056020 29098027 29105029 29109015 29110014 29112003 29114021 29117023 29127024 29129004 29222010 29226015 29238017 29269005 29361017 29431034 29444014 29469008 29554016 29681019 29754012 29774028 29791042 29892027 29897016 29899016 29932020 29944010 29945011 30169014 30270010 30295007 30308013 30311004 30313003 30313016 30317010 30382010 30383018 30397023 30492020 30620006 30626003 30635006 30651035 30731051
mạngimange|1|28673021
mạngimangu|3|25786020 27924003 29618019
mạngindore|1|27052008
mạnginung|4|25230009 26314006 27301021 28627008
mạngiral᷊ing|8|26003006 26029007 26169031 26883021 27434043 27511031 27815023 28387044
mạngiral᷊ingu|9|23290015 23603020 24457016 25379007 25743025 27055015 27869015 29815022 30532012
mạngoka|1|28567018
mạngokọ|1|23956029
mạngologě|1|30732040
mạngompeng|1|26027026
mạngonggọ|2|28309005 28644005
mạngonggọu|14|25448008 27418034 27549014 28201027 28643021 28644027 28645030 29284004 29684018 29691014 29946017 30135006 30632014 31099017
mạngoro|2|23770013 29691010
mạnguadipě|1|27388003
mạngukahu|1|25192004
mạngukurě|1|28984036
mạngumbala|5|28921003 28987046 29113004 30312007 30312013
mạngumbalang|1|27980022
mạngumbalawe|1|28961045
mạngumbele|4|30714003 30719013 30796014 30799026
mạngumpaedě|7|29262013 29868012 30730016 30733009 30977008 31025018 31028042
mạngumpaedẹ̌be|1|28905023
mạngělembo|1|28936013
mạngělemboe|1|30597006
mạngělikụ|12|23186040 23198012 23633021 24294006 24379016 24444022 24528010 25308006 27076009 27421021 27547006 30680010
mạngělikụe|2|25314045 26263007
mạngěllikụe|1|24414015
mạngěndung|2|26303025 26992007
mạngěnna|7|25478007 25996008 26660003 27833005 28295029 29192003 30163019
mạngěnnau|4|26797017 28452011 28981007 29956006
mạngěnsue|1|25526033
mạngěntud'u|1|24556012
mạngěntungu|1|26532012
mạngěpisě|1|25260030
mạngětạewe|1|28985020
mạnihasa|1|29424015
mạnihing|3|29004013 29005011 30848005
mạnitị|3|25154009 25154020 30437006
mạnodẹu|3|25243006 27096010 28018014
mạnoghasě|5|27239020 27437007 28157028 28683007 28805003
mạnogor'u|1|28210017
mạnokol᷊u|3|23362025 25351010 25420006
mạnokol᷊ě|2|23517006 23518005
mạnompol᷊u|1|30551014
mạnope|1|26485004
mạnualagě|1|31077015
mạnuhud'i|2|25380017 25380024
mạnuhud'u|1|26629003
mạnuhudi|1|30300018
mạnuhudu|2|29612003 29612008
mạnuhěse|1|28911016
mạnumbiagě|4|27339009 27712022 29081011 29161009
mạnumběka|3|27358035 27419010 27419016
mạnumbẹ̌ka|1|27558006
mạnumpang|1|28360008
mạnunggahị|1|27059035
mạnungkeang|2|27408018 27922023
mạnunsara|1|30860030
mạnuntụ|2|28552025 30334009
mạněbal᷊u|1|30385015
mạněbu|1|30207001
mạněgadě|1|30262031
mạněmba|10|26177006 26177022 26179005 26179016 27541015 28535014 28575034 28704014 29310026 29425016
mạněnsomahě|1|25339018
mạněntang|1|26755018
mạněntanudu|1|29032055
mạněntanudě|4|24960023 27126025 27298048 29057017
mạněntiro|31|23254036 23346004 23415019 24110030 24255012 24357005 24590037 24711033 24804005 25079003 25095016 25779004 26317010 26402012 26806016 26807017 27244043 27583012 27686012 27984003 27985003 28099018 28705024 29494018 29751003 29921004 30219004 30222014 30223008 30223027 30732029
mạněntiron|2|27693019 30610036
mạněntirong|2|23643012 23937003
mạněntirowe|2|23889032 24688029
mạněntirọewe|1|29874028
mạněpaseng|1|27592031
mạněse|1|25291028
mạnětạ|1|28849041
mạpadul᷊i|1|29514017
mạpahang|1|30938021
mạpahiạ|1|28522006
mạpakal᷊ahẹu|1|29896007
mạpakal᷊uasu|2|28306007 28601007
mạpakal᷊uasě|1|27432034
mạpakapian|4|23362031 25308014 26227013 27298037
mạpakapiang|1|28271010
mạpakapul᷊e|1|24453022
mạpakariadin|1|29645011
mạpakasamed'i|1|30051034
mạpakasukụ|1|30148008
mạpakasěmbaụ|1|29532015
mạpakaul᷊en|2|24291025 31083031
mạpakawala|1|29010004
mạpakaěng|1|27432030
mạpake|2|25637013 26517011
mạpakạbaụ|1|25341023
mạpakạpiang|1|29491009
mạpal᷊idě|1|30173009
mạpal᷊ěton|1|30686013
mạpanginung|1|24580004
mạpapadul᷊i|1|29276016
mạpapal᷊e|2|26894022 27083023
mạpapikung|1|24986011
mạpapěllọ|4|23939022 25641005 26102009 26874020
mạpapěnnisě|1|23575022
mạpararingihu|1|30701008
mạpasiala|1|29051020
mạpasusung|1|24735018
mạpasěnnangu|1|28860015
mạpatiral᷊ang|1|30044019
mạpelesa|1|29914001
mạpene|2|25192022 28006005
mạpenẹu|1|31010027
mạpiangbe|9|23734019 23773014 24172022 27040016 28514011 28607009 29032036 29067033 29309017
mạpěluhen|1|25947013
mạpěndụ|1|29019018
mạsahaghe|1|28326007
mạsakị|1|29787022
mạsangkong|1|26534007
mạsasadia|1|23203003
mạsasiladě|1|25110008
mạsasuagě|1|28522044
mạsasěllung|5|25204005 28001031 28011020 28561033 28561041
mạsasěmbaụ|3|26520034 26520041 26706005
mạsawuhě|1|29680015
mạsigěsạ|2|30166031 30167014
mạsingkạ|5|26785020 27780015 27981012 28615004 30526005
mạsongkahě|1|28097018
mạsue|2|26285007 27076025
mạsusa|3|25909004 26749010 28158004
mạsěllung|1|28116023
mạsěmbaụ|1|28118011
mạsẹ̌gadu|1|28775010
mạtakụ|24|23603013 23873012 24364012 24428018 24906011 24944010 24999017 25283019 25753003 25867019 26342014 26463014 26864029 26993015 27086028 27179004 27243020 27262003 27282017 27528017 27873019 28918036 29094042 30622036
mạtamba|1|29371018
mạtangga|1|28188029
mạtanạ|21|24999032 25017013 25273034 25523035 26083028 26525005 26686036 26771012 27119033 27486006 27603009 27677012 27686017 27818011 27946018 28427019 28487017 29269011 29363009 29386011 29891005
mạtarang|1|28784010
mạtatahang|1|29952025
mạtatahida|2|30864010 30864016
mạtatahungkụ|11|24048008 24052025 24053029 25082029 29274009 29358013 29546030 29553003 29561015 30245003 30444016
mạtatahungkụe|1|24145017
mạtatakạ|1|26568018
mạtatal᷊endeng|1|23609008
mạtatal᷊oara|1|27344019
mạtatampung|6|23914007 24808022 26580009 27350024 27595023 28621007
mạtatanạ|4|23971004 24720024 28884019 28999058
mạtatanạbe|1|26707010
mạtatope|1|28005006
mạtatětelě|1|27897010
mạtaumata|7|27934012 27997045 28110016 28116018 28381023 28751007 28894026
mạtoghasě|1|25863008
mạtuahě|3|23985015 25676007 28849015
mạtuhụ|2|28362011 28362028
mạtumang|1|29910010
mạtuntụ|3|28284015 28287034 29533006
mạtuntụe|1|28319005
mạtěntung|1|27621039
mạtětogě|1|24557020
mạul᷊ị|14|23675010 23687012 23687021 24223004 27296021 27353012 27583019 28597003 28789014 28890018 29440007 29475019 29749004 30187006
mạul᷊ịen|1|29597015
mạul᷊ịu|17|23685010 25520009 26196020 26244015 26304004 26422003 26740034 26975005 28438014 28465024 28530003 28651019 28778012 28924018 29517006 29569006 30186030
mạulịu|1|26132004
mạěllo|1|28279009
mạěndokangbe|1|28886011
mạěndokangbelai|1|24079024
mịdating|3|25143003 28676002 30101018
mịdatingu|1|30499036
naambang|2|27904032 30508006
naambangke|1|27901005
naasị|3|24328005 24329003 24332005
naawị|2|25736010 27638006
nabi|137|23175018 23193016 23247002 23252012 23329022 23332005 23337005 23459004 23459009 23459016 23469011 23469020 23473010 23557004 23575007 23597017 23603025 23687030 23831009 23853027 23873025 23913010 23948022 23949030 23950015 23953008 23956004 23969003 23982010 24111012 24412008 24423020 24423023 24529025 24673027 24740007 24964005 25010006 25088008 25170002 25173023 25212016 25222010 25222015 25235022 25310016 25310019 25388005 25453011 25454024 25455015 25456019 25547015 25552017 25553005 25637010 25650016 25652014 25720024 25786025 26011021 26017019 26019025 26036037 26070015 26090031 26176010 26201007 26272018 26303006 26369021 26381023 26434033 26435010 26458022 26980034 27018022 27019014 27019032 27020006 27021002 27021017 27022006 27154019 27159027 27165017 27169005 27211018 27303002 27335006 27364008 27369032 27390030 27390055 27403016 27458008 27475007 27675011 27784048 27846037 27851015 28013029 28363021 28663022 28664009 29250013 29284017 29586010 29715016 29762028 29906003 29965021 30205035 30365007 30385009 30387003 30499016 30502014 30517016 30525009 30605041 30608014 30609002 30869024 30883019 30884020 30885004 30891033 30961012 30968024 31014014 31018013 31038009 31038050 31049023 31087024 31090032
nabin|1|29905002
nabin'E|5|23167011 23185015 27015017 27933011 29257026
nabin'U|1|28213007
nabing|2|24970007 25321027
naběse|1|26942020
nadehọ|1|27876022
nae|1|27313022
naelọ|1|30529015
naensọ|1|26869024
naghagholang|1|23344016
naghagholangu|1|27897020
naghaghonaị|1|30296026
naghanape|2|26619002 26772055
naghanapě|5|26761016 26818005 26856013 28773028 30972024
naghea|5|24505007 25314020 26043012 29588011 29588016
naghehe|1|25114016
naghihang|1|24330012
naghoghahě|1|30974008
nagholọ|1|28729017
naghurangke|1|30282017
naghěde|1|26910038
naghěngging|3|26023015 27348037 31058031
nagěntud'i|1|27244009
nagạ|15|30895009 30899016 30900002 30905003 30906037 30907002 30908020 30910003 30911025 30913006 30920022 30968016 31041005 31042006 31042020
nahae|1|29912020
nahaka|2|23342018 27459018
nahakạe|1|23344012
nahene|3|27399027 27400018 30357005
nahengke|3|25027011 25747004 26984005
nahepesě|1|23562026
naherang|3|24832012 26004025 26184012
naherang-herang|1|30982025
naherangke|2|24871004 27148004
nahimang|3|23758006 26120006 27867005
nahiạ|5|28252005 28495016 28757019 28759012 30910032
nahiạeng|1|30788028
nahiạu|1|30777005
nahul᷊uasu|1|27474013
nahul᷊uasě|1|24952021
nahul᷊ěgen|2|24405004 25299005
nahul᷊ěgẹeng|1|27556017
nahul᷊ěngang|1|23611033
nahumbal᷊ụ|2|24025012 27062003
nahumbisara|4|24759009 25158015 25785006 27855006
nahumbisarang|1|27054023
nahumbisarạ|2|26364006 27904016
nahumpạ|31|24237006 24403004 24642006 24654023 24656005 24877030 25272010 25729016 25733004 25737004 25905002 25941025 25969002 26279021 26283023 26556005 26859004 26872018 26876006 27082008 27217029 27285004 27327028 27331005 27368002 27442002 27525015 27642011 27666030 27768007 28837004
nahumpạe|2|23374003 24163005
nahumpạen|9|23678006 24787003 26162004 26637004 27213004 27284006 27348014 27642029 27859005
nahumpạeng|6|27008015 27491002 27587016 27642022 27673009 27913031
nahumpạu|3|23828006 24104003 26202006
nahundal᷊eng|7|23411006 23883007 24528006 24977006 24990005 25018013 25308004
nahundal᷊engke|4|23883004 24420011 25354014 25878002
nahundarisị|2|25937004 30884026
nahundingang|2|27681010 28729051
nahundugě|1|29289010
nahunděnta|37|23171028 23198016 23221009 23234014 23635010 23646005 23664003 23674008 23725016 23766005 23841009 23896011 24296020 24302017 24309013 24400010 24465011 24504021 24512007 24590024 25125023 25126009 25164032 25165003 25165025 25265009 25281011 25590013 25807006 26263015 26543005 26858005 27024025 27066004 27537021 27810010 27923017
nahunděntạ|3|24953010 27909012 31039019
nahunděntạe|7|23236020 23610007 23610018 23802002 23803003 24102019 24437011
nahungkaiang|4|23588016 24448004 26952016 27377021
nahungkaiangke|1|24166004
nahungkaěng|13|23390026 23491020 23671004 23672005 24276024 24452006 24509015 25137018 25679004 26914004 27891030 27892009 28575028
nahungkaěngke|5|23618004 24450004 24509003 25319004 26269032
nahungkende|1|24200011
nahunsake|1|23369010
nahunsangị|1|27664007
nahunsuě|15|23181003 23378014 24019023 24183016 24879004 25279011 25354016 25432022 25995004 26814022 27416015 27691028 27820013 29860008 30677011
nahunsěbang|2|23380004 24653005
nahunsěbangke|4|24183003 24378011 25100027 30844006
nahunsěpụ|2|30502011 30569026
nahunsẹ̌bang|8|23375003 23405005 24635021 24882005 25105006 25220021 25221003 26594010
nahunsẹ̌bangke|5|23378009 23504005 23822005 25279006 25281005
nahuntal᷊ang|10|23379004 24111022 24204012 24379005 24554013 25279019 26872004 27327023 27602016 27697016
nahuntal᷊angke|2|23378024 25280013
nahuntamai|1|24221010
nahuntinambang|4|24974005 27134020 27248023 28043015
nahuntiạ|1|23802016
nahuntol᷊e|9|23235005 24185015 24276038 24296015 25119017 25904016 25963003 25985011 26084009
nahuntumpa|4|23378026 24378025 25110017 25279021
nahuntuwo|2|23547011 24329013
nahutung|6|23212020 23845010 24044005 24653011 25066027 28266006
nahuweka|1|27013020
nahěbi|3|24455002 26661017 27079002
nahěbịe|3|23621015 24075002 26887007
nahěgu|4|23847020 24330014 24661019 24662027
nahěgu-hěgu|1|30685062
nahěmpal᷊iu|1|30679007
nahěnge|1|25047021
nahěngisu|1|30964003
nahěngkiwal᷊o|2|24267011 26190006
nahěnsị|2|24106018 26796014
nahěpusě|2|27670003 29794010
nahẹ̌gu|2|23546013 25252012
nahẹ̌guete|1|23846040
nahẹ̌puse|1|28743004
naiakang|1|29765005
naiang|14|23542017 23663022 24325022 24574003 24721010 25111023 25232020 26163013 26583020 27359013 27497033 27814018 28709011 29094004
naiangke|10|23236017 24113022 25879010 26261007 26268016 26384019 26643015 26839017 27208022 27803021
naiangko|1|30146025
naikị|3|23937014 23937029 28098008
nailang|14|23349018 23739010 23740014 23740036 23741026 24258006 25593035 25595021 25598027 25613013 26209025 26772042 26795028 28004011
nailangke|2|23361008 29246018
nailasě|1|30089016
naintal᷊ě|1|25103017
naintol᷊angke|1|29967046
nairị|10|25808036 26206014 27121018 28094023 28095022 30121039 30122019 30443008 30443019 30839017
naiwantel'u|1|24951008
naiwanteleng|1|24981003
naiwantelě|2|24908015 29155016
nakaal᷊ạ|4|25113017 27872028 29434030 29435014
nakaambang|1|30180034
nakagholang|1|31020018
nakahakịewen|1|23899015
nakahaung|1|25265016
nakaherang|1|30983009
nakahombang|31|23356040 23594035 23594045 23596014 23846017 23921008 24654029 24810024 25081013 25525032 25646020 25938014 25940019 26025016 27307008 27385028 27494004 28456005 28648042 29418021 29983005 30184006 30186012 30208008 30340008 30341014 30457006 30517004 30625005 30770005 30813033
nakahombangke|12|23586005 24494009 24645008 24771015 25878008 26530006 26595003 27070024 27146029 27270018 28445007 30185015
nakahěngang|9|23563016 24125012 24823012 26745012 27349006 27390027 27926018 28929041 30113046
nakahěngangke|5|23505003 24154004 25293003 25625002 27503005
nakahěngangu|3|23997010 26280011 26659010
nakakahaka|1|30203006
nakakahaung|1|24265008
nakakal᷊awọ|1|29374015
nakakal᷊ěda|1|27621006
nakakanawo|1|30408009
nakakaontol᷊ẹ̌be|1|29996013
nakakapia|2|26226016 30424037
nakakaranin|1|29248024
nakakariadin|3|27612039 28178025 29967034
nakakariading|1|31013031
nakakarěnta|2|24105010 26608032
nakakasimbahě|1|23919004
nakakasingkạ|10|23177002 26160004 26344012 26642004 27130031 27792006 27975021 29415005 30522007 30650006
nakakasuě|1|23885011
nakakiral᷊a|11|23713015 24462009 26008014 26027020 26093005 26357054 26437005 26437020 26686026 27352004 29080013
nakakiral᷊ạe|1|26023002
nakakiwukang|1|30935019
nakakoạ|5|24427020 27088047 27186018 28119021 28167042
nakal᷊aherang|1|25087022
nakal᷊aherangkewe|1|27190023
nakal᷊ahimpulu|2|24430014 30508011
nakal᷊amuhụ|2|24479022 28918026
nakal᷊angị|1|27716007
nakal᷊awes'u|1|23374034
nakal᷊awesě|1|28426022
nakal᷊imona|2|26857038 26876005
nakal᷊iu|1|30202006
nakal᷊iwirě|1|30121047
nakal᷊iwung|1|23587014
nakal᷊iwungke|1|25114008
nakal᷊uasě|3|27163004 27446041 28795006
nakal᷊uhem|1|23312010
nakal᷊ukadě|1|24095034
nakal᷊ěsọ|1|26521013
nakamea|1|25536005
nakananiang|1|30459025
nakaonggọu|1|25605023
nakapahuntinamban|1|29376016
nakapamal᷊ị|1|30375006
nakapanarimạ|1|25755018
nakapanda|1|30618006
nakapangimang|1|28206005
nakapangirul᷊e|1|28922014
nakapangělembon|1|29376006
nakapanondan|1|27826012
nakapanuratě|1|28834003
nakapaněpasu|1|27863037
nakapia|6|23402021 23717014 24391013 25289028 26458016 27474015
nakapiang|1|23824020
nakapěhabaru|1|29145014
nakapěkoạ|1|24413006
nakapěmohe|2|28828006 28929029
nakapěndang|17|24788016 25066026 25138010 25292010 27347016 27374031 27639015 27780034 28438004 29151007 29258015 29423019 30199003 30403011 30622003 30676028 30905005
nakapěndangke|1|23212019
nakapěndangu|6|24394020 24395008 25667005 27736023 29398012 29435010
nakapěndoloh'i|1|29411012
nakapěngěntungu|1|26515012
nakapẹ̌bera|2|24319003 25275003
nakapẹ̌berang|1|28029010
nakapẹ̌biahě|1|28534047
nakapẹ̌bingọ|1|27467019
nakapẹ̌deạ|1|25314031
nakapẹ̌ganohạ|1|27467017
nakapẹ̌golang|1|29846009
nakapẹ̌gěgahě|1|27532006
nakapẹ̌gẹ̌gahě|1|30239006
nakapẹ̌kapura|1|25099034
nakapẹ̌kawing|1|23775020
nakapẹ̌koa|1|24557036
nakapẹ̌koạ|2|24669009 30201006
nakapẹ̌kělla|1|26462015
nakapẹ̌kěmming|1|23907012
nakapẹ̌pulu|1|27848025
nakapẹ̌senggọ|1|27864008
nakapẹ̌siliwirě|1|24247026
nakapẹ̌simokol᷊ě|1|24309022
nakapẹ̌sombang|1|30178022
nakapẹ̌sombangken|1|27914006
nakapẹ̌tambaweng|1|28553005
nakapẹ̌tatahangu|1|29837007
nakaral᷊eng|4|23465006 25218022 27009036 30967026
nakaral᷊inaụ|3|24615007 26107004 27045006
nakararagě|1|30279013
nakararisị|2|25532016 27846012
nakaratingu|2|27863021 28188005
nakareạ|10|24115005 25598005 25780003 26158008 26824026 26830028 27357014 27817005 27862005 30230034
nakariadi|3|28065044 28529026 29145009
nakariading|1|28119006
nakaringihe|24|23210002 23707006 23785002 24310013 24339023 24410020 24630011 24766006 24935004 26082007 26609005 26834004 27084011 27093005 27429006 27591004 27603013 30854011 30866013 30885008 30902003 30929003 30940003 30956003
nakaringihě|185|23173006 23192006 23345014 23356004 23392003 23462007 23465016 23559009 23599009 23611004 23646022 23788005 23817009 23823015 23842022 23872010 23880004 23895004 23906005 23907006 24120025 24143012 24177004 24278004 24297034 24334008 24385025 24403014 24424005 24434002 24437006 24489012 24501005 24519015 24613004 24636004 24655023 24659009 24686007 24691025 24702007 24813004 24819006 24862004 24871005 24872002 24885005 24907013 24938005 24952008 24960004 24992005 25007010 25085023 25092011 25199005 25205004 25218032 25233014 25258007 25259012 25260009 25261009 25296004 25309007 25614016 25635003 25712004 25715004 25725004 25936012 25942004 26085006 26149005 26158004 26160009 26199026 26204004 26236018 26310002 26318003 26361004 26369003 26391004 26473009 26476003 26481007 26528004 26544004 26590004 26593011 26599014 26610006 26697004 26807014 26838004 26839004 26906017 26956014 26961026 26987004 27027006 27047007 27065004 27065018 27071013 27113014 27116005 27129006 27146006 27148023 27151018 27171006 27183005 27191005 27207013 27221007 27230007 27238005 27255016 27304017 27309010 27315003 27326002 27411007 27467003 27522022 27535020 27537007 27556004 27588027 27612010 27614006 27677002 27685002 27686007 27707004 27712010 27714014 27751007 27762032 27838012 27915014 27922019 27939025 28619003 28901016 29071005 29105024 29108030 29220011 29222006 29254006 29469004 29471026 29472026 29475017 29944004 29981033 30012006 30017025 30021006 30022041 30232015 30366012 30498005 30607029 30708014 30791006 30793003 30795018 30797012 30799011 30800004 30801013 30841007 30960002 30962003 31019004 31024004 31024022 31057003 31089005 31089014 31098015
nakaringihẹ̌'u|1|23222002
nakaringihẹ̌be|3|27224012 30003016 30609012
nakaringihẹ̌ko|2|25569009 30998003
nakaringkau|1|29434008
nakarol᷊osě|1|23192014
nakarěntang|2|28102015 30883024
nakasahidi|8|26059014 26622009 26982015 27013008 27195003 27424011 30467028 30542032
nakasahidị|1|26859013
nakasame|1|25806011
nakasamedě|1|25451018
nakasara|1|29244022
nakasasẹ̌bạeng|1|27556006
nakasigěsạ|1|29039013
nakasilo|244|23165018 23172025 23179008 23181009 23200017 23209019 23226008 23228012 23231005 23301016 23391006 23402009 23403015 23465003 23512026 23612008 23624004 23633005 23701010 23704007 23709008 23799011 23827019 23842009 23846003 23847006 23884011 24046010 24047006 24048004 24053014 24126013 24183023 24184015 24213004 24226011 24232012 24235009 24266004 24275009 24277010 24371007 24380007 24381004 24387021 24407016 24441006 24442009 24457005 24458013 24466003 24525013 24543008 24553018 24554005 24577012 24641022 24654005 24720008 24822002 24824006 24866009 24879016 24885016 24888044 24896015 24906004 24916034 24991007 25004008 25022005 25096006 25110004 25116004 25117010 25120026 25128005 25135007 25209005 25240016 25274002 25280007 25282005 25334014 25345006 25345020 25351007 25382006 25387020 25444005 25666004 25704024 25732008 25735026 25739003 25794005 25828010 25829003 25923006 25944008 25985020 25991020 26008003 26015016 26016024 26029011 26063002 26077007 26081005 26083007 26095014 26184013 26202030 26217003 26248021 26272004 26294013 26298012 26304009 26304021 26438016 26439023 26451008 26462006 26478005 26514011 26555009 26556012 26557005 26569017 26626004 26626007 26676024 26678025 26678032 26724028 26812018 26861003 26874017 26876015 26880004 26882011 26886017 26888014 26893016 26897013 26919010 26927028 27000005 27006004 27007027 27009004 27013006 27083042 27148005 27151004 27173007 27216027 27224018 27229009 27235018 27244023 27252007 27263010 27271003 27299007 27313016 27314008 27318003 27321012 27331008 27408006 27426007 27493007 27493015 27511011 27547020 27692022 27694010 27697030 27714007 27723002 27741003 27822005 28542019 28653003 28845006 28925019 28970023 29111004 29414004 29805026 29864016 29865005 29986035 29987007 30005021 30196018 30200026 30383014 30383028 30543009 30616007 30770009 30781003 30782004 30786005 30791003 30795004 30803011 30806003 30812004 30813003 30841003 30863004 30884031 30895002 30910012 30920003 30928004 30933003 30948004 30949003 30949016 30952005 30968003 30979021 30982003 30982019 30995004 31012007 31029004 31029009 31035003 31037004 31040004 31043003 31043021 31050003 31051003 31055003 31076004 31089007 31089016
nakasiloko|4|26442007 27143004 27313011 27837012
nakasilou|3|23628006 24403010 24564004
nakasilọ|31|24526022 25732024 25773007 26263010 26277012 26282005 26852004 26869018 26873010 26953004 27141004 27183012 27257032 27341004 27354015 27540016 27612007 27620005 27668007 27895008 27895021 27904005 27906024 30069004 30291004 30710018 30715003 30771010 30842009 30944004 31056004
nakasilọ'E|1|26079004
nakasilọe|32|23236005 23360011 23364011 23380012 23382016 23388004 23389012 23759006 23796010 23865004 24063005 24133006 24559013 24708003 25235008 25338007 25395012 25531004 25644020 25914008 25921005 25983005 25984008 25991015 26074005 26084013 26832009 26908010 27172015 27287015 27375005 30830003
nakasilọete|1|24456003
nakasimbahě|1|25560005
nakasingkạ|1|25313005
nakasomạ|1|26902037
nakasue|1|25289019
nakasukụ|2|28275020 28277023
nakasusa|2|28925003 28925024
nakasuě|5|24261018 24330018 25127011 25269018 30029026
nakasěbạu|1|25817023
nakasẹ̌sui|1|27781004
nakatahěndung|8|23258015 23682010 24193006 24519018 24827013 26210007 26597023 27324004
nakatahěndungke|8|24130004 24662004 25926011 26000005 26113004 26118011 29815003 30974018
nakatambang|1|27968015
nakatarimạ|18|23285043 25646013 27194016 27588008 27921012 28331038 28368013 29259015 29267012 29280005 29489031 29553022 30054026 30060009 30182031 30206020 30241016 30735052
nakatarimạu|4|24029003 28160051 28506009 28508012
nakatatakụ|1|25269023
nakatemang|2|29458029 30050019
nakateěng|3|30016035 30049025 30360007
nakatoghasě|1|30378038
nakatokol᷊ě|1|24567021
nakatol᷊e|3|26874005 30935004 30936003
nakatualagě|1|30995021
nakatuě|1|26008009
nakaual᷊i|1|28848004
nakauhě|4|28295003 28899024 29086036 30620030
nakaul᷊e|2|27030017 30192022
nakaumal᷊ě|1|26905026
nakauntung|4|25479009 29510038 29879009 30728058
nakawaehě|3|23753004 23762017 25238005
nakawarạdosa|1|29099041
nakawasạ|1|27474005
nakawatạ|19|26760032 27586009 30066022 30206007 30520026 30564033 30565058 30608012 30725016 30729019 30744004 30752004 30768004 30768018 30785022 30796026 30949021 30949027 30949036
nakawawa|3|27085007 27921035 29281017
nakawera|7|23512024 24499015 24501033 24958007 25420020 26678040 30234013
nakaweran|1|30517012
nakawerang|2|23885027 24916010
nakawerạe|1|23413012
nakawinasạ|2|25679024 25681019
nakawisara|1|26958007
nakawodaị|4|26514032 26592004 28063026 29034013
nakawodaịewe|1|27390049
nakawol᷊eng|1|23743038
nakawualagu|1|29498005
nakawuning|1|24488038
nakawěbal᷊ě|1|29051043
nakaěbạ|30|24025014 24026012 24029027 24031028 24410036 24902008 24981024 25020009 25106031 25281020 25498012 25910014 25958016 25995013 26015003 26016010 26832039 26849023 26942006 27082015 27530007 27775004 27788009 27981003 28103006 28217008 28268016 29461030 29968003 30101006
nakaěbạe|5|23192031 24990007 25622021 26110008 28217015
nakaěnna|25|23497020 23650009 23682004 23902013 24482009 24518035 24522005 24571004 24837004 25024005 25347007 26284016 26409004 26434014 26597010 26877009 27142025 27151006 27294009 27390014 27421005 28208008 28244012 29472036 30176007
nakaěnnawe|2|23591004 26643025
nakaěnnạ|3|27007004 27036032 30015004
nakaěnnạe|5|23186004 23685006 23714004 23872017 27350002
nakaěpisě|1|25253017
nakaẹ̌bạe|1|24429004
nakaị|1|30064007
nakeke|8|24262011 24959009 26922002 27181006 29569010 29569033 30268009 30653006
nakilimad'u|1|26827011
nakilungguhu|1|27576038
nakilěsọen|1|24842011
nakipotọ|2|25616013 25619021
nakiral᷊uměmping|1|29004012
nakireạen|2|24871015 27917006
nakireạeng|2|23174004 25623004
nakisahani|2|25225027 27235027
nakisahanị|1|27189037
nakisame|1|23601010
nakisěbang|1|27094030
nakitamang|1|25789019
nakitamangu|2|23860037 24675052
nakitarimakase|17|23617026 23670012 24082010 24449018 24507019 24508012 24777012 25318018 25670009 25732016 25882013 25884010 26022012 26269009 27915046 28598028 28625005
nakitul᷊ung|1|23760024
nakitul᷊ungke|1|25102024
nakiwal᷊o|101|23174018 23177016 23668007 23686014 23725020 23726012 23729011 23749009 23766012 23799022 23847024 23850032 23885005 24141012 24151005 24279024 24293004 24354017 24432007 24481015 24518012 24521018 24524031 24550004 24560004 24567015 24591015 24599010 24606024 24683004 24690011 24709007 24774014 24815011 24816019 24829003 24831004 24836003 25038014 25040004 25156004 25215010 25255004 25276003 25291003 25320019 25389013 25393010 25537003 25539005 25542004 25557003 25615010 25672006 25707007 25715009 25725010 25729018 25797008 25807026 25821003 25834003 25929006 25939005 25942008 26010008 26070001 26083015 26184027 26209004 26283015 26286004 26443007 26456004 26460002 26656009 26691007 26790018 26793005 26815011 26819012 26823004 26824003 26841018 26883003 26915006 26916005 26916026 26919025 26920006 27118003 27207022 27278008 27588003 27698020 27713004 27715003 27732010 27769010 27817017 30824007
nakiwal᷊ou|1|23394015
nakiwal᷊ọ|10|24446004 24572014 24646006 24956005 25795014 26835019 26881004 26930012 27806013 27839003
nakiwal᷊ọe|18|23391009 23408017 23667005 23711004 23867003 23893004 23914011 24072018 24147009 24374004 24528018 24702032 24871019 26033017 26217019 26325005 26458005 26558004
nakiwawan|1|27823021
nakiwohe|1|24979003
nakiwusạ|1|25311010
nakoda|1|31011016
nakomol᷊ě|4|27821009 28276026 28332013 28342007
nakoạ|282|23170016 23225016 23360004 23494015 23541012 23592013 23684002 23764013 23856014 23869025 24003019 24085013 24188003 24230008 24245011 24251013 24332014 24488010 24596020 24652029 24684023 24721005 24752008 24765013 24771007 24781013 24899005 24920016 24933008 24934003 24976009 25027012 25028002 25106012 25151013 25163011 25207007 25256019 25400020 25436005 25510018 25541004 25602018 25699009 25744008 25789027 25797024 25889005 25912024 25918028 25993008 26105009 26109010 26147003 26160019 26180021 26187010 26200009 26204017 26578021 26582009 26583011 26787012 26815006 26869012 26937006 26950018 26998008 27034024 27050039 27125060 27126016 27127033 27139015 27144021 27152024 27152040 27155012 27182004 27200013 27204038 27218015 27237006 27239014 27243003 27243034 27255032 27301014 27310005 27333005 27334010 27350008 27380019 27394034 27414016 27414021 27440014 27446013 27463024 27467012 27472010 27492008 27495015 27497006 27524009 27526005 27534023 27559009 27570005 27580008 27619011 27621027 27629027 27640004 27655035 27681037 27731006 27732004 27733007 27744010 27745003 27751014 27771016 27775026 27780021 27781017 27797010 27836016 27907024 27940015 28026020 28034047 28035004 28045008 28086011 28087010 28096029 28106022 28115015 28126017 28140024 28160012 28222028 28225015 28238013 28276027 28290013 28320006 28320020 28365016 28369006 28387021 28432015 28442033 28449035 28462043 28474007 28475014 28479023 28484031 28485015 28502018 28502038 28502063 28586017 28647021 28729008 28764014 28820029 28823011 28823022 28838031 28864030 28883020 28895011 28906026 28995005 29034016 29059040 29062014 29074026 29075005 29075016 29076006 29079004 29084002 29091009 29091032 29100014 29127006 29129019 29140010 29144019 29146012 29155004 29157024 29187004 29220005 29244018 29250018 29251009 29258034 29259010 29279005 29284011 29284015 29284022 29284032 29286022 29288030 29303018 29307019 29328015 29328028 29342005 29343006 29347006 29358006 29399015 29434033 29484033 29489056 29491005 29510021 29514008 29544006 29562007 29565018 29568007 29585017 29586022 29604035 29651008 29700023 29713026 29790005 29811041 29821011 29823022 29881017 29881023 29881030 29927016 29949024 29971017 29971022 30032016 30036012 30040009 30042007 30054035 30064010 30065016 30081004 30086006 30087007 30092050 30097013 30106013 30120033 30121006 30144014 30190010 30262021 30326012 30394011 30407034 30408004 30410017 30413017 30418006 30431021 30447003 30461009 30480027 30589003 30680037 30836024 30893020 30958015 30959021 30996020
nakoạbe|4|27311008 28219010 28219016 29849019
nakoạe|2|23686003 24196004
nakětạ|1|28738007
nakạbasa|8|23493008 23495005 23767006 23843022 23869010 23904004 24286008 24700011
nakạdal᷊eng|1|27423020
nakạdangeng|1|26134004
nakạdingihě|6|26248018 28203025 28207009 28324012 28325011 28325024
nakạhombang|1|25205030
nakạhěngang|1|28863020
nakạkiral᷊a|2|28753019 30586022
nakạpate|2|27749032 27756038
nakạpuko|1|24460009
nakạpěndang|2|28789035 30622027
nakạpěnenggehu|1|26893046
nakạpěnuhing|1|26893035
nakạsahe|1|30669026
nakạsilo|5|24540017 25329020 26893028 26897024 30586017
nakạsuen|1|23441025
nakạumpaedě|1|27823006
nakạěbạ|1|25950033
nalolang|1|24330008
nal᷊ahe|32|25186018 25583003 25585021 26421025 26545017 27142019 27325002 27585052 27656004 27687013 27824017 27950010 28105045 28170013 28465036 28702032 28850001 28853013 28867023 28888002 28962041 28984002 29655005 29980015 30021023 30177027 30188015 30222035 30316003 30318002 31070022 31071007
nal᷊ahẹu|13|23520009 24280020 24684003 25652016 25793019 27996004 28037015 28185019 28222030 28734005 28955026 29739013 29742013
nal᷊ahẹ̌u|1|24352004
nal᷊amuhụ|1|29908034
nal᷊ene-l᷊enehě|3|23372031 24363021 25270039
nal᷊ikudě|1|24019013
nal᷊ikụ|2|24675034 25101012
nal᷊ikụe|1|25280023
nal᷊indung|1|27872006
nal᷊intụ|2|26662004 27580002
nal᷊iu|21|24197006 24875006 25531012 27015014 27018025 27290006 27431004 27450029 27604020 27781014 28017033 28095029 28464005 28943021 28959028 29025013 29158008 29492010 30166013 30450003 30489026
nal᷊iun|1|25020002
nal᷊iung|2|24262003 27067004
nal᷊iwirě|8|26235031 28240018 28241031 29023020 29163025 29164006 29625024 30521012
nal᷊iụ|2|30853003 31046006
nal᷊iụen|2|27642025 27794002
nal᷊oho|1|29283022
nal᷊ohosete|1|25625005
nal᷊ohosě|1|26948020
nal᷊ongge|1|29747005
nal᷊ědạ|2|24459012 27628006
nal᷊ědạe|3|23630012 24363017 25270034
nal᷊ěmbe|3|24680013 27460005 28445016
nal᷊ěsạ|1|30967017
namaehě|2|23758020 23805027
namaghe|1|24763014
namalan|2|27959015 28242004
namal᷊e|1|25544008
namal᷊intuị|2|23839019 24656033
namal᷊iu|1|27837016
namal᷊ěndihě|4|23372024 23719005 24363005 25357005
namal᷊ọ|1|24007009
namanda|5|24323005 25167003 25797004 25921017 30710007
namangka|1|24675039
namangung|4|23875012 24429016 25570013 30215014
namansage|1|27848011
namansagě|1|25097014
namantugě|1|26609014
namarikẹ̌sa|1|25950027
namaringang|5|23218004 23702006 23810015 24405018 25330010
namaringangken|1|23215003
namate|3|25465019 25955010 30305022
namatạ|5|28120022 29510008 29820022 30903009 31033013
namehọe|2|25077014 26391009
namekesě|1|27225006
nameru|4|24123015 26808010 26809025 27361008
nametọ|2|23207005 27899005
namiahě|2|28764025 30262005
namihětong|1|27861006
namikung|1|26933018
namile|11|24303004 24303015 25406010 26328007 26716004 26716010 26719021 27483004 27932023 28239005 29073009
namilị|4|24106013 24802011 25915005 26796009
namingkahě|1|25081009
naminsul᷊u|2|24864007 27065013
namisara|1|24458025
namitaugě|2|26633016 31049005
namohang|1|27169026
namohangu|1|29981025
namohe|16|24693012 25808006 26390009 26923014 27938004 28359002 28448003 28523002 28556014 28929006 28929010 29696008 30545004 30552006 30572003 30577002
namohẹu|2|24594003 30668004
namokạ|2|24533020 27627002
namol᷊eng|1|23695005
namombeng|1|25285018
namose|1|24758050
namoěngken|1|27923004
namoěngu|1|27555007
namuhang|1|24421011
namuka|1|30154004
namukạ|1|26037004
namukọe|1|23371006
namundal᷊ě|2|23860045 27581010
namuning|1|30196007
namurěsi|1|25398008
namurẹ̌si|2|29989003 30163034
namurẹ̌siwe|1|30548032
namusạ|1|24435023
namutusě|3|25353012 27607007 28826006
namuạ|1|27216014
naměbahě|2|27575011 27697041
namědi|1|26859025
naměgong|1|26635013
naměhạ|1|29036023
naměkisě|1|25398019
namělli|2|23584039 23586023
naměllịe|1|24873004
naměllọ|4|25073008 28421015 28422007 29430037
naměllọen|2|24873024 27903007
naměllọeng|1|24156004
naměllọu|1|24807005
naměmbingu|4|25242004 26584018 29930004 30578009
naměntung|1|27508021
naměpidě|3|23233005 27615005 27629003
naměsị|1|30774006
namětị|1|23343019
nanahionge|1|25617018
nanakal᷊ě|1|24361011
nanal᷊ukạ|1|25077005
naname|2|25962030 26798013
nanapuạ|1|25133011
nanarakang|6|24156015 26012011 26511005 27258028 28017003 29062011
nanarakangken|1|26842005
nanarakangu|1|30596016
nanarang|2|25445014 29301002
nanarangbe|1|28535013
nanarimạ|6|24033005 25313016 25738007 28034015 29425007 30021011
nanarimạbeng|1|27107004
nanarimạu|2|24026005 24052008
nanawo|17|25251010 25252003 25253004 25254005 25260002 25261002 25382009 26942015 27345041 28060024 28221007 28307029 29034038 30838014 30838018 30842013 30996015
nanawuhu|1|23565010
nanawuhě|1|23543017
nanawọe|1|30996010
nanawụ|2|24802007 26796005
nandụ|3|31070007 31070024 31070035
nanelohě|1|30908014
nanenggehe|2|23400038 23409004
nanenggeheng|1|23349004
nanenggehu|1|26373011
nanenggehě|16|23361004 23634017 23708006 23827009 24394003 24395027 24396022 24397011 24497024 25210007 25235033 25290009 25291006 25292007 25293030 25916009
nangaduhang|1|28212031
nangaho|1|23559023
nangahon|1|27777006
nangahạ|1|25065022
nangahạen|1|27514005
nangahạewen|1|25073003
nangakal᷊ě|2|31017038 31038029
nangaku|1|25454005
nangalembọ|1|29781017
nangalo|1|30909014
nangal᷊amatě|1|28239008
nangal᷊amona|1|25736005
nangal᷊ing|1|23611013
nangal᷊ạ|7|24507013 25002005 25151009 25349010 25989005 26022009 30872004
nangal᷊ạe|8|23617014 23670004 24081007 24082005 24160007 24189004 24778005 25318004
nangambesu|1|30943009
nangampal᷊ě|1|27906019
nangampung|1|24971015
nangangompeng|2|23617034 24449026
nanganoạ|1|30993006
nangantagu|1|25945005
nangasị|2|23564025 24033039
nangawasa|1|28062011
nangekeng|1|29367019
nangelọe|1|23997003
nangensọ|1|23778019
nangiaking|1|26327007
nangimang|44|24399012 24939005 25294010 26057010 26198006 26199010 26207014 26210031 26249013 26327005 26623010 26758010 26876017 26897010 26991003 27013031 27190005 27252017 27325027 27375011 27411036 27585067 27690012 27939032 28026008 28040031 28049011 28203011 28205017 28230013 28230022 28451044 28504009 28510006 28510021 28720027 28750027 29660029 29710031 30015019 30017030 30026036 30558029 30575012
nangimangu|1|29374019
nangimbu|1|25241015
nangindunụ|1|27863031
nangingkạ|1|25124005
nanginung|5|23478010 24007015 24164023 24850016 25147012
nangirul᷊e|1|30019021
nangkodang|1|27867010
nangoka|1|24820022
nangomol᷊e|1|27903003
nangomol᷊i|1|25720003
nangonggọ|12|24024006 24665020 25618042 26238004 27432006 28160030 29090005 29108003 29121025 29188005 30149010 30272035
nangonggọen|3|24208011 25303010 25885007
nangonggọeng|1|24070033
nangonggọu|35|23388015 23414013 23461005 23514026 23892015 24024014 24024024 24024035 24474005 24718021 24964010 24973004 25745010 25831025 26290017 26351004 26762004 28245005 28249005 28319019 28357004 28776012 28804027 28823014 28883014 29227011 29391005 29888010 29985015 30023007 30190026 30421026 30604035 30631037 30645013
nangoro|22|24425008 24447004 24669016 24752014 24752028 25113023 25301022 25344019 25729005 26223006 26385018 26827008 27038004 27308004 27506028 27533005 27550011 27617011 27698011 27778002 27814023 30942016
nangorongkon|1|26845009
nangorọ|3|26810005 27094027 27729007
nangorọe|3|23364018 23669004 24507004
nangu|1|28125011
nanguadipě|1|27363007
nanguhasě|7|24154031 24467025 25444010 26448018 26636013 26643004 30120040
nanguhasẹ̌be|1|26637015
nangukahě|1|23592023
nangul᷊uh'i|1|25127029
nangul᷊uh'u|1|23629006
nangul᷊ị|1|28186035
nangumbalang|1|27994014
nangumbele|2|30890023 30944020
nangumpaedě|3|23405017 24247012 24406003
nangune|1|24427008
nangunon|1|26456019
nangunong|1|24078006
nangunsịe|1|24022004
nanguruis'i|1|25969011
nanguruisě|2|24854007 26012021
nangědu|2|24497022 26447007
nangědọe|2|25077004 25112004
nangědụe|1|24122004
nangělembo|13|23192034 23272005 23741015 23803016 24108019 24760006 28051002 28088013 28447017 29072008 29758027 29772010 29973032
nangělembong|10|23531043 23532039 24223014 26095025 26169033 28063013 28064005 28065015 28853020 30600021
nangěllung|1|25336009
nangěmmụ|1|26074020
nangěndung|1|29454013
nangěndụ|1|23342004
nangěnna|1|24673021
nangěnnau|1|29709021
nangěnsue|1|23763003
nangěnsuen|1|23887004
nangěntud'i|2|23717004 26087004
nangěntud'u|4|24496005 24523011 26799004 26814007
nangěntuden|1|27195026
nangěntudu|4|27428009 27787013 30146020 30177006
nangěsọ|2|23980022 24738022
nangẹ̌do|1|25241014
nangẹ̌dung|2|25210011 25338004
nanigěsạ|1|26720018
nanilakehu|1|28167010
nanilakehě|1|30133004
naningkasě|1|24120006
nanode|4|26032006 27948009 28724015 28928049
nanodẹen|2|25069015 26888006
nanodẹu|2|25523026 27949006
nanoghasě|1|25908007
nanogore|1|24294030
nanokal᷊eng|1|30907004
nanoke|1|27088042
nanokolě|1|24678020
nanokol᷊'i|1|25093007
nanokol᷊eng|1|23413003
nanokol᷊u|3|24656021 25426004 25777009
nanokol᷊ě|2|23839011 24243025
nanokol᷊ẹ̌ko|1|24250013
nanonda|1|27539002
nanondan|1|24463012
nanondang|1|27247013
nanongkeang|1|27310013
nanope|6|27079008 27351014 27352018 27354012 28837016 29988034
nanowa|1|25755007
nanualagě|2|26019004 29407052
nanukạ|1|31071005
nanumbiagě|1|29428011
nanunatě|2|27125040 27125050
nanurantung|1|30558007
nanusi|1|27788017
nanuě|2|23758011 25046010
naněbal᷊u|3|26940027 26981015 30687012
naněbal᷊ě|2|26575021 26620014
naněbang|1|27380032
naněboh'u|1|24758054
naněboheng|1|24062028
naněbohu|1|26526007
naněbọ|1|23539005
naněbọu|2|26978005 28013006
nanědọ|1|25242014
naněgong|1|25084010
naněgu|2|26800007 26947006
nanělideng|1|30715019
naněllid'u|4|23778004 24413016 24497011 24524024
nanělliden|3|25532004 27194006 27366007
naněllidu|6|24526004 24605016 27229020 27234011 27592006 27908030
naněllịdu|1|29816022
naněmba|1|28214022
naněmpụ|1|24350004
naněngkul᷊ě|2|23480006 24888019
naněnsomahe|1|27682014
naněnsomahě|10|23380005 24047016 24205004 24371016 25241004 26544014 26553010 26594011 27285011 30066030
naněntang|24|23790009 23792003 23844005 24176025 24236012 24400019 24488005 24514004 24590005 24864010 24932024 24989004 25121022 26592008 27159005 27348038 27376018 27502049 27559005 27595043 27666014 27670013 28499006 29898002
naněntangken|15|23389006 23461016 23499003 23663004 23677039 24099005 24481005 24495005 24686038 25904003 27121005 27524005 27565005 27577007 27633012
naněntangkeng|3|23221003 23764009 27557004
naněntangkol᷊ain|1|27481015
naněntangu|40|23223003 23230004 23655006 23959005 24234005 24245006 24251009 24360012 24569006 24611012 24617010 24618009 24660008 24719004 24752005 24861022 25011014 25065013 25106008 25119013 25136007 25404024 25459005 25717009 25718008 26160015 26169007 26185005 26411014 26441018 26578017 27355048 27405007 28214010 29458015 29570026 29881007 29887019 30200006 30679014
naněntani|3|24886014 26857030 28760005
naněntanudě|1|26772012
naněntiro|25|23194015 23233010 23237005 23594012 23850013 23897009 24237023 24238013 24274019 24325004 24326015 24410008 24532006 24658005 25111029 25407029 25529007 25545020 25561016 25864003 26343013 26384022 27081022 27562009 29070017
naněntiron|1|25330004
naněntirong|2|24326004 24442029
naněntirọeng|1|23543004
naněpase|1|23609020
naněpaseng|7|25435013 27216035 27217014 27525005 27628033 27707020 27860006
naněpasu|3|27377005 27485003 27670017
naněsẹewe|1|24331016
naněsụ|1|26856004
nanětạ|74|23802005 23803008 23919008 23954017 24284017 24499013 24549013 24672011 24675005 24826004 25041007 25049005 25106021 25158013 25245008 25247021 25362023 25364008 25457001 25459023 25572007 25603016 25769019 25777008 25785004 25871006 25888004 25938004 26190004 26209012 26276004 26299004 26341004 26343011 26372004 26391016 26475019 26636011 26738006 26925020 26945045 26954010 27005008 27021010 27054020 27077014 27081020 27178016 27212006 27297012 27312014 27323005 27327011 27339008 27359018 27387004 27584007 27592022 27645028 27742012 27747006 27804020 27874011 27902029 27913016 28101013 28323026 28943028 29569002 29669006 30558028 30890028 30905017 30915004
nanětạe|56|23194014 23237004 23361013 23467011 23480005 23491016 23546009 23628018 23680009 23752004 23852023 24007008 24014011 24028011 24092016 24129004 24237022 24247025 24267010 24330007 24360038 24361010 24385006 24410007 24442028 24463011 24512013 24517007 24532005 24564008 24656020 24659015 24766020 24774013 24788015 24820004 25085004 25106004 25114015 25129008 25211007 25212008 25220011 25269017 25314003 25420019 25613020 25739006 26146005 26227006 26360006 26384021 26501010 26744009 27237012 28575027
nanětạewe|1|29475011
nanětạu|2|23543022 29368003
nanẹ̌bal᷊u|1|30386033
nanẹ̌bangu|1|26581014
nanẹ̌bọ|1|25365005
nanẹ̌pas'u|1|24569010
nanẹ̌pasen|1|25272006
nanẹ̌paseng|3|24495009 25837005 27439007
nanẹ̌pasu|1|27795005
nanẹ̌sui|1|24897004
naobotě|1|28529029
naopehě|2|27459023 30886013
napaghohě|4|25746013 30502003 30887005 30955024
napahiạ|6|24181009 24313005 25423018 25981009 27742018 30974005
napahiạ-pahiạ|2|23516017 25423038
napahuntinambang|1|24391016
napakaghěngging|1|27216017
napakahěkosě|1|26014010
napakaiangu|1|23617005
napakailangu|1|25103011
napakal᷊ahe|6|25425018 26766004 27451022 28405005 29257020 29981036
napakal᷊ahẹu|3|28150014 29255003 29820026
napakal᷊amuhụ|1|27776008
napakal᷊iwiru|1|29137005
napakal᷊iwirě|1|30506013
napakamean|1|28931015
napakanawọen|1|30922017
napakapian|11|23233029 23505026 23664026 23765009 23841019 24413011 25104030 25217005 25533008 25558018 26222006
napakapiang|1|28896014
napakapiạen|2|23612018 24250004
napakapul᷊e|1|25558021
napakarange|3|24946008 26135004 26410013
napakaraung|1|29094023
napakariadim|2|28394005 28746013
napakariadin|12|26237009 27121022 27655057 28022009 28022024 28160010 28746034 28747026 29482008 29986002 29988010 30790005
napakariading|11|27550007 28040012 28320004 28394030 28394040 29261021 29478010 29675047 29971013 30285007 30376058
napakasadiang|1|28883002
napakasahe|1|29966028
napakasal᷊amatu|1|30375016
napakasanạ|1|29985006
napakasarian|1|29774015
napakasingkạ|1|30699020
napakasusan|2|24761013 28830003
napakasusang|1|29656015
napakasusin|1|27452012
napakasěgadu|2|29982007 30062025
napakasěllahu|1|27380013
napakasěmbaụ|2|29244011 29246007
napakatarangu|1|28440013
napakateleng|1|24501024
napakatěntung|1|27305022
napakatẹ̌tog'u|1|24559018
napakaul᷊en|3|23512018 25313034 26352023
napakaul᷊ẹen|1|24299003
napakawala|3|24384006 28137017 29087006
napakawalan|12|24402010 24593004 24647015 24872010 25105028 26864036 27063013 27431008 27767004 27797026 27955006 29116015
napakawalang|6|23771006 23830020 24250021 26973027 27159009 30190032
napakawantug'i|2|26764003 26782005
napakawantugu|1|27010013
napakawatạu|1|29229003
napakawinasan|1|30507012
napakawẹ̌bahu|1|25099018
napakaěng|2|24046018 26289021
napakaěngu|1|24051009
napakěhagi|1|28949006
napal᷊idě|2|26376005 28539016
napal᷊intụem|1|27392016
napal᷊iung|2|23535033 29981005
napal᷊iụ|2|29199016 29884022
napal᷊iụewe|1|30261002
napal᷊usě|3|23987003 27267007 27865011
napararisị|1|23215011
napararisịen|1|27115004
napararisịu|1|23860030
naparaseheng|1|30373010
naparěntan|2|29820012 30506019
napasilon|2|26900005 27256030
napasuě|1|27694030
napasěbangu|1|27079013
napasěpụ|2|27386009 28866015
napasẹ̌bang|1|27157040
napatal᷊ang|1|27703015
napatarimakase|1|27891012
napatode|3|23218011 26913008 31082004
napatuwo|1|28418011
napatědọu|1|30961004
napaị|1|30839013
napene|28|23525015 23525032 23618018 23671020 23883025 23947020 25065003 25738010 25984016 26271009 26475007 26855006 26907011 26910017 26952019 27200009 27540021 27996008 30033006 30050022 30328017 30337024 30777015 30781018 30954019 30980026 31030010 31063012
napenẹ-pene|1|24451016
napenẹen|1|30955005
napenẹeng|1|23588004
napenẹu|10|23946028 25445026 26061003 27960004 27960009 29288012 29534005 29671019 29817021 30480005
napia|15|23503021 24258010 24260023 24260044 25294017 25667009 25669010 26210020 26220008 26224005 26225022 27032034 27037010 27045004 30921031
napiang|1|25335019
napihe|1|25314004
napiri|6|30708019 30770030 30830018 30834010 30834016 31016014
napirin|2|29620009 30841031
napirine|8|30835004 30836006 30838006 30840006 30842006 30854007 30869007 30888007
napiạ|2|24247020 25206015
napiạe|4|23359025 23634019 23662022 25344027
napohong|24|24866014 24871011 24871027 25982019 26856020 26859019 26927004 27816022 28056012 28151020 28296029 28387012 28397030 28539022 28722035 28893004 28893024 29203014 29203023 29400013 29618007 29632003 29987056 30254008
napong|1|27873025
napontodě|1|24394017
napotọ|1|25290018
napuko|2|25270023 27511007
napukọe|2|23169004 24363003
napulu|3|23806021 25225026 26088005
napul᷊e|22|23387006 23621004 23726009 23785007 24028009 24190034 24261004 24309005 24385004 24409006 24494004 24917015 24950014 25025005 25133014 25575003 25595003 25703007 25984013 26004027 26207024 27639005
naputusě|1|27857002
napuạ|1|30808003
napěkuhě|1|23510002
napěluhen|1|24047033
napěluheng|1|24052019
napěmunarang|1|28896020
napěngal᷊ing|2|27862016 29479011
napěnginung|4|24046025 24164006 30961021 30974026
napěnginungu|1|24051018
napěngědungke|1|27215004
napěnsạ|1|30943017
napěnumpang|1|24047020
napěpidu|3|25641013 30775032 30979034
napěpidě|5|25123007 27088033 27259005 27369005 30777010
napẹ̌bal᷊ị|1|30374023
napẹ̌bangung|5|27004014 28047025 28198024 30378028 30396014
napẹ̌batụ|1|27957011
napẹ̌biah'i|8|26974005 27012020 27033054 27300007 27393005 27396009 27397005 29235019
napẹ̌biahi|4|28734027 28734037 29507032 29508023
napẹ̌biahu|2|28482006 28874009
napẹ̌biahě|1|27555044
napẹ̌dal᷊ahaeng|1|24041022
napẹ̌dal᷊embon|1|28065035
napẹ̌damen|1|29246013
napẹ̌kakekeng|1|23633015
napẹ̌komol᷊u|2|27104011 27782012
napẹ̌konting|1|27063018
napẹ̌kěllan|2|25217014 26471015
napẹ̌kěmming|1|30206029
napẹ̌kẹ̌dom|1|29895021
napẹ̌sul᷊en|1|27476014
napẹ̌sěngkanaung|1|30993019
napẹ̌sěngkapian|1|28897012
napẹ̌tampungu|1|30971006
napẹ̌tanạu|1|30343021
napẹ̌tatal᷊ahinong|1|28653009
napẹ̌tungkětịu|1|28218013
napẹ̌těngon|1|27504003
naraiadi|1|25811004
naraka|19|23257036 23264028 23265027 23330010 23446025 23483021 23736035 23737025 23934043 23952019 24582025 24584032 24586030 25379021 25465027 29665033 30326026 30505018 30680035
narakị|1|24461002
narakịe|1|23632006
naral᷊akị|2|23842019 24063009
naral᷊eng|1|23467007
naral᷊inge|1|26873003
naral᷊ingu|4|23895009 24144012 25100003 25205003
naral᷊ingung|1|24414003
naral᷊uka|1|27510026
narangeng|1|25241019
narangengke|1|23403005
naranịeng|1|25614012
nararěnnạ|13|24128002 24361002 24502002 24825008 24918002 24933002 25923002 27186017 27479002 27675002 27810002 27870003 28818039
naratu|3|23192017 25747005 28442019
narekeng|5|23619013 27029019 28444009 29575028 30180055
naresọ|1|26249004
nariadi|91|23167003 23379011 23481018 23554030 23578015 23759009 23997013 24310015 24379026 24398007 24422007 24662007 24695016 24747011 24852003 24886017 24895015 24976005 24989028 25256038 25457011 25538017 25603007 25684004 25839005 25983008 25984010 26001010 26004034 26006010 26010021 26011009 26059004 26073004 26220020 26528017 26569019 26850028 27007029 27013010 27044033 27067014 27128006 27190021 27268009 27297007 27312011 27323022 27341031 27349010 27356017 27375007 27609009 27626005 27699032 27850043 27906032 27909004 27926029 27927022 28041018 28067006 28091011 28185025 28201003 28221010 28569012 28649007 28810012 28895025 28913022 29286007 29313014 29374011 29483004 29552037 29595031 29625028 29664020 29675039 29680023 29846022 29865017 30240010 30244017 30376044 30459024 30527035 30643010 30780034 31075005
nariadie|7|24184019 24204016 24207020 24381016 25280009 25281008 28579003
nariadiwe|1|28486015
nariadị|8|25302020 26795004 26818002 26862003 27015005 27603015 28574003 30899005
nariadịe|3|23185010 26457042 27356004
nariahie|1|24019022
narotong|1|28442015
narou|8|24044014 24046020 24051014 24053019 26366022 26854027 28266015 31098026
narwastu|1|26584009
narěndung|1|24175012
narěndungke|2|24860013 30965018
narěndungken|1|30843023
narěnta|24|24015011 24225007 24371010 24387004 24553009 24758005 25297002 25984004 26180007 26211015 26544009 26593006 26759007 27444006 27582011 27585046 27804013 27858007 28922005 29094020 29096021 30139007 30662014 30811004
narěntae|2|24462011 28924011
narěntingu|1|29146007
narěntạ|12|24276009 25402011 26541005 27008023 27081032 27085003 27447005 27563007 27675008 27682005 27916006 30669037
narěntạe|16|23390009 23536010 23725007 24019014 24102015 24523004 24572004 24635004 24652004 24702002 24798006 25200005 26887033 27577002 28064027 29827003
narěsungke|1|23347004
narěsungu|1|25395006
nasadia|2|23877021 25571024
nasaghedu|1|26163008
nasahampị|1|27864015
nasahani|1|29738007
nasahe|5|25397009 26167018 26369017 27872011 30016032
nasahengke|2|23546004 24330005
nasahiangkung|3|28276021 28648046 29177005
nasahing|2|24802017 25915014
nasake|1|23996021
nasakị|3|26526023 26527013 29145023
nasal᷊amatě|2|28569035 30825024
nasal᷊iawuhě|2|26364036 27097032
nasal᷊unsuhě|1|28818016
nasapuạ|9|24893010 26043008 26926006 26926013 26935024 26945051 27318014 29025028 29026020
nasaria|2|24351024 30197007
nasasạe|1|24353006
nasawehě|1|28162010
nasawuhě|17|23544006 23545003 23547004 23548005 23559003 23562003 23563004 24331007 24342003 24344004 25258002 25259002 27327017 27412006 29472005 30376010 31047010
nasigěsạ|5|28929023 29865011 29996008 29996026 30721007
nasihasa|5|25563031 27919010 28962054 28964014 30468031
nasiladě|2|27897004 29862030
nasingkạ|4|26199030 27769021 27901014 30050003
nasingkạe|1|26176004
nasingkạeng|2|24398005 25356012
nasongo|4|25616006 26939017 27083005 27645033
nasongọ|3|27319016 27645006 27804006
nasongọe|4|23534019 24320010 24869010 26584005
nasowa|21|23789013 24855017 25225003 26152018 26435023 26498010 26508009 26961012 27232032 27406023 28741006 28741018 29242019 29242025 29427031 29482021 29594027 29627009 29627022 29630008 30570058
nasue|31|23313009 23573032 24917009 24957017 24959004 25017002 25197003 25243011 25519015 25603004 26099004 26942024 27097031 27177022 27178028 27392005 27399026 27400017 27510015 27511038 27838005 27910017 28677044 29510017 29529007 30527023 30835023 30837011 31008016 31008025 31048030
nasuen|4|24391004 25187009 27605016 30915024
nasueng|9|23544018 25407011 25553011 26854008 28488009 28511012 28910023 30357010 31060007
nasuẹen|9|23345005 23764004 24056002 24328018 25443004 27139008 27663005 27769004 27896006
nasuẹeng|3|23593003 27054004 28626003
nasukụ|16|25877012 26150034 27110003 28676014 29434012 29911025 30040006 30093042 30120038 30292004 30322024 30616026 30621005 30622012 30622031 30749035
nasunsara|7|25645020 29655016 30448005 30462007 30463005 30466006 30508016
nasusa|4|24092017 24093009 24788017 24789003
nasusa-susa|2|23607008 26562004
nasuě|12|23351004 24237017 24809009 24899019 24934009 25001008 26874010 26876011 27067007 27070019 27320034 30065014
nasěbang|1|30942006
nasěgadě|1|24509029
nasěhụe|2|23575003 24855004
nasěmbaụ|66|23768026 26679011 26679019 26679038 26680008 26680016 26689015 26689020 26689027 26781015 26786035 28074005 28251022 28321005 28345014 28394011 28449030 28584020 28584044 28801007 28839021 28895004 29048033 29129011 29131028 29169006 29173019 29210024 29218031 29236005 29242008 29243008 29252004 29264007 29348020 29363014 29388015 29393007 29423014 29425035 29431003 29447011 29450019 29453006 29464009 29494046 29505004 29506002 29529044 29599018 29640023 29711032 29823027 29945026 30557008 30575037 30586005 30604016 30604028 30616020 30617021 30617030 30619014 30619023 30620038 30645027
nasěpụ|2|24226005 27216005
nasěsahe|1|23406004
nasěsahě|3|24211021 25078022 28456007
nasěse|2|24263018 28868014
nasẹ̌bang|3|26486006 26942025 30854013
nasẹ̌bangke|1|23756004
nasạdia|2|25861024 28462037
nasịal᷊ạ|1|24010019
nasịbawa|1|24013005
nasịdal᷊engu|1|23878011
nasịhaungke|1|23631008
nasịkiwal᷊ong|1|24077013
natagapi|1|30880005
nataho|2|23501019 28985035
natahungkụ|1|29818016
natahutěngadě|2|27494018 28525035
natakehě|1|27502018
natakụ|8|24034003 24882024 26834014 27264011 27734018 27745010 27795020 30234017
natakụe|1|23628014
natamai|16|24069015 24091005 24097005 24203023 24252007 24389005 25080004 25094011 25216006 25764006 26452027 26562009 26590021 27234006 27595047 30871005
natamaị|4|26212011 26226002 26273017 26871009
natamaịe|3|24197020 24645006 24884006
natamba|1|26991022
natampung|3|25250016 26894008 26956008
natampungke|1|24147006
natantu|1|26417006
natanạ|5|23223006 26197024 26338015 26530015 26544021
natarangke|2|26454006 27711008
nataraị|2|26383005 27798011
natatědụ|1|29151013
nate|174|23185008 23189004 23368013 23398032 23404014 23426005 23465018 23546015 23547018 23600021 23896023 23897035 23898016 23899005 23900008 23901005 23903005 23904013 23905018 23956016 24182009 24200016 24203017 24404018 24565033 24692023 24694010 24695010 24696010 24697005 24699005 24700003 24701006 25155016 25208016 25211002 25218034 25253019 25295023 25298020 25299016 25362005 25362010 25523010 25553018 25613006 25621015 25643005 25643021 25644005 25651016 25652024 25807023 25809016 25810010 25812005 25813005 25817007 25818007 25997024 26232006 26236009 26239016 26307014 26316025 26434027 26435006 26435013 26537009 26538015 26548016 26549010 26549029 26556037 26563012 26568006 26942017 26948027 26974011 26977014 26979023 26981041 27025026 27070009 27070028 27088052 27254011 27302029 27361026 27399004 27434049 27463033 27472020 27636054 27690051 27741057 27743009 27791026 27832018 28040041 28054011 28076005 28077005 28080009 28096018 28098015 28102004 28196010 28225030 28290004 28290022 28377009 28527015 28725028 28731020 28732004 28734043 28735004 28737009 28739015 28741005 28748003 28748016 28748029 28748043 28751032 28754009 28755022 28761005 28771027 28810031 28892018 28892030 29101005 29116030 29203042 29231005 29319025 29508004 29515004 29521005 29632021 29770012 29839010 29846018 29872015 29987031 30047019 30123024 30177038 30178008 30186007 30208014 30320011 30320021 30452021 30453014 30715015 30716011 30716026 30726020 30748042 30837002 30859005 30891021 30940017 30958019 31044006 31044013 31051006 31051040 31052008 31052021 31052030
naten|1|23368017
natimbuhung|1|28856006
natimbuhungke|1|23706010
natimu|8|23390016 23598009 24018017 25427007 26439013 27110014 27635012 28401010
natimụ|2|27913023 30805017
natimụe|5|24953004 24980008 24995002 24996003 25016007
natingkasě|3|24181008 24865008 25981008
natoghase|1|27004024
natoghasě|6|24974008 25014007 27013018 27236006 27915053 28807024
natol᷊e|3|24245022 25018007 26280037
natontong|1|27235011
natope|9|23209014 24226013 27173009 27271005 27348023 30770015 30892008 30952010 31029007
natuahě|2|25160005 27711017
natuhụ|4|26595010 27159019 28928014 30376048
natuhụe|1|23554004
natukusu|3|25120017 30110019 30358006
natul᷊i|1|26281010
natumpa|3|24462004 25273005 27798005
natumpạe|3|23612004 24367004 26908004
natuntụ|2|28273024 29084020
natutung|1|30835025
natědụ|2|23258020 27171014
natěllang|1|29494041
natěntang|1|26391024
natěntani|5|24621036 26779009 26875014 28247031 28428018
natěntung|16|24226019 26077011 26299019 26300026 26308007 26309005 26316005 26894027 27195018 27304010 27323017 30498009 31040007 31048022 31056012 31064031
natěpasu|2|27580019 27666023
natěpu|2|27463034 27472021
natẹ̌be|1|30106016
natẹ̌pasu|1|28207036
natạdise|1|23188025
nauadipě|5|23877034 24770016 28327010 28988024 30018049
naukahe|1|25009006
naul᷊e|12|23350025 23350045 24294034 24399019 25122027 25122048 25218028 25248009 25293035 25671022 27013042 30912015
naul᷊uhě|2|27271012 27313023
naul᷊ị|14|23687003 23694007 26538006 26731023 26733011 27130012 27186030 27757013 28058029 28193016 28898016 28961040 29488015 30691004
naul᷊ịeng|2|25575006 27571003
naul᷊ịu|1|28399017
naundang|1|26106018
naung|278|23382032 23383007 23434020 23524025 23555029 23559029 23560016 23562029 23604020 23642016 23652010 23853019 24063010 24267014 24269021 24339035 24341008 24430015 24434011 24470034 24483008 24485007 24611017 24666007 24900022 24945014 24960009 24988015 25009009 25009017 25259017 25259026 25385051 25511002 25519012 25521015 25523021 25636024 25841004 25910022 25984015 26024009 26030014 26202015 26249006 26253015 26279003 26621007 26633018 26707013 26711014 26733005 26747021 26749007 26749032 26760025 26786030 26987007 26996018 27107005 27127015 27163005 27171015 27214011 27331035 27343017 27347025 27417015 27432035 27494020 27535017 27614008 27646004 27795009 27797018 27878011 27881007 27902019 27940035 27950013 27955011 27967012 27977022 27978011 27978016 27979027 27992019 28026023 28034021 28045012 28046006 28047015 28053009 28086021 28140014 28143038 28144008 28177015 28190016 28199002 28218014 28249030 28254034 28254062 28259022 28262009 28272022 28298028 28299011 28311013 28317014 28331003 28335024 28336012 28355016 28370012 28397008 28457007 28522056 28707024 28777023 28792026 28795013 28805004 28806021 28813007 28823019 28824026 28826017 28827008 28827019 28829024 28830004 28844015 28856011 28862031 28866021 28884004 28889036 28891022 28905004 28905007 28905011 28909002 28910018 28911005 28911019 28912011 28919008 28922033 28923023 28925004 28925025 28925031 28926008 28926016 28927003 28927009 28927022 28928012 28929048 28930004 28930021 28962048 28971009 28973038 28978010 29030036 29043026 29138018 29173029 29186001 29189010 29269014 29275003 29275010 29276004 29288011 29296003 29304005 29305004 29343024 29344032 29345013 29360018 29366014 29395022 29421006 29437013 29437022 29450013 29461055 29497006 29502029 29513012 29518019 29530031 29530033 29534012 29534043 29539013 29540037 29567022 29575020 29588023 29597042 29598031 29600006 29601012 29604006 29617024 29636017 29684019 29702012 29702017 29716011 29725013 29732014 29741007 29750006 29757011 29758016 29763008 29774038 29799032 29800039 29801004 29813008 29823003 29908028 29926023 30004005 30022050 30103034 30120042 30150030 30156008 30156020 30168025 30169006 30204025 30216022 30224014 30259048 30260011 30271005 30288014 30288020 30333020 30346025 30429009 30429013 30433024 30440004 30441008 30441014 30446041 30467005 30468023 30471026 30485006 30486023 30509018 30515032 30524024 30537019 30551031 30565051 30575019 30600011 30621014 30621025 30639007 30658023 30669029 30720030 30721011 30993007
naung'E|25|24294010 24969007 26557019 26652006 27457015 27967026 28029023 28032040 28034069 28036047 28247036 28248029 28313012 28964025 28966020 29237025 29254012 29476013 29611025 29678038 29928013 30031014 30366039 30510013 30602023
naung'i|9|23561008 27244041 27452013 28926027 29678018 30218026 30363009 30599018 30648008
naung-Ku|10|23210015 23489019 23508013 24227019 25048033 25510009 26113015 27385040 30172020 30738007
naungang|1|28659013
naunge|89|23240005 23243004 23258021 23263026 23607009 23653005 23785009 23832013 23864021 24006014 24428029 24707011 24923013 24993011 25025023 25138011 25192009 25192021 25192035 25235017 25261016 25281038 25397017 25477007 25478013 25505010 25606005 25609020 25712010 25713008 25909005 26004029 26150019 26367016 26562005 26658013 26748007 26916021 27293020 27332007 27498027 27535007 27540011 27800004 27907019 27915054 28232031 28282022 28303025 28440050 28453029 28518009 28522004 28525010 28525038 28596031 28670011 28704006 28804018 28827023 28832024 28862052 28887010 28924020 28930024 28964007 29448010 29716021 29735011 29850037 29853006 29858007 29908008 29908013 29918009 30008015 30272037 30334007 30344040 30346030 30372013 30436018 30471045 30486028 30555026 30635017 30683020 30695005 31001028
naungi|8|24343017 24343028 25258018 25381009 30499045 30549026 30601008 30649025
naungku|26|23706030 27678017 27736032 27786009 27835020 28100016 28114002 28157020 28528017 28558003 28597018 28795007 28824012 28827016 28828031 28829007 28973023 29019015 29138022 29369007 29394007 29420028 29814017 29826009 29864037 29959013
naungkue|1|28158005
naungu|100|23304010 23555002 23754013 23910009 24108003 24704007 24842005 24900006 24924015 25130019 25391009 25494007 25696018 26121017 26229005 26458013 26948013 26997009 27063017 27198015 27264025 27291019 27341010 27437008 27446042 27451009 27621007 27746017 27806007 27880020 27992010 28025016 28028033 28063050 28172018 28195027 28197018 28198018 28255004 28296009 28306008 28406005 28406025 28439046 28520031 28521018 28593017 28595038 28597005 28597009 28597025 28601008 28611006 28805029 28845041 28861010 28900027 28923011 28967025 28971018 28993005 29068026 29068030 29073004 29109032 29225008 29234005 29235030 29307026 29315007 29405016 29533014 29538023 29541010 29575010 29575015 29583028 29605020 29608014 29662020 29720006 29754031 29768044 29814006 29832019 29916023 29953024 29987025 30027039 30115024 30175008 30178053 30179010 30251022 30258016 30287011 30386024 30397039 30665025 30741022
naupu|1|30837013
nawahani|1|27054022
nawahansangke|1|27892006
nawahẹ̌ta|1|29813013
nawal᷊ue|1|25011003
nawal᷊ị|4|24632007 25619017 29597007 30066018
nawal᷊ụ|1|27064015
nawantel'e|1|23157037
nawantelě|5|23170023 23172012 23173013 24985008 26823025
nawatang|5|24559025 27065011 27712004 30935009 30935015
nawatungke|2|27276012 27873004
nawawa|1|27162006
nawawěllọe|2|24248002 24443002
nawawẹ̌ka|1|24181023
naweho|1|24877037
nawinasa|1|30529017
nawingkahě|1|30111024
nawohe|3|25849018 29119019 31054004
nawoko|1|23645003
nawosọ|1|25145026
nawualagě|1|29788011
nawuang|17|23263020 23267016 23267037 23772012 23772023 24600017 24601015 25639013 25639023 26385015 27985011 28095017 28095042 28477032 30246030 30305019 30740017
nawuhị|1|25621023
nawukạ|1|24499004
nawuntiling|1|30497022
nawunạ|3|27192006 27861015 27913010
nawunạe|1|24366007
nawunạu|1|23673016
nawurěsi|2|25431010 30156022
nawurẹ̌si|1|26641005
nawuta|3|26444006 26454022 27716004
nawị|1|24265013
naěllo|1|27895003
naěnsạ|6|25523017 25798004 27070007 27221003 27513017 31089020
naẹ̌dung|1|27313032
naụe|1|24356029
naụng|1|31000007
nehengetang|1|24527004
nelehě|1|30947017
nempẹ̌bawa|1|24647017
nempẹ̌bera|1|26370012
nempẹ̌halě|1|23805010
nempẹ̌sěbang|1|27184010
nendoloh'i|1|29041004
nene|1|29815011
nẹtul᷊ang|1|24308007
ngae|83|23281015 23326004 23395005 23463003 23468012 23483009 23513012 23682007 23729014 23749031 23766019 23867016 23869011 23952012 23961042 24080013 24345008 24354026 24538003 24551020 24589011 24683006 24697011 24877011 24960016 25041020 25131003 25222011 25523003 25537018 25539016 25542010 25557020 25588009 25623010 25659020 25793011 25834009 26011004 26066013 26091007 26168023 26186023 26263026 26355024 26360029 26364049 26365004 26377002 26449019 26669005 26930022 26958002 27167005 27211024 27730022 27763009 27989024 27997025 28001004 28032025 28151002 28170011 28176019 28208009 28467031 28470025 28483016 28538049 28542007 28551004 28587003 28705009 28715018 28754014 28840053 28843016 28997046 29001013 29012013 29038032 29041030 29099044
niaho|1|30897021
niahạ|3|23211005 27209013 30012020
niahạu|1|29393022
niakal᷊eng|2|28624026 28919022
niaku|1|28849054
niakun|1|26285036
niakun'E|1|30219016
niakung|1|27152009
niakuwe|1|30581012
nial᷊amateng|7|24043015 24936007 27674008 28222016 29112007 29472022 30072007
nial᷊amatengu|1|24922012
nial᷊ing|1|28082032
nial᷊ạ|7|23573018 24115012 25540005 26870021 27138010 30815024 30816005
nial᷊ạu|2|23571022 24355015
niampangeng|1|25286010
niampungang|16|23382039 23385008 24266020 24270007 25128024 25131010 25243012 25244013 28030005 28030010 28835026 28835035 29480015 29995037 30152011 30563012
niane|1|26378019
nianeng|2|24662023 29116017
niantehe|1|23835022
niapaawị|1|25767025
niapaelehě|1|25885029
niapahombang|1|29030025
niapahungkaiang|1|23669007
niapakaiang|3|23913012 24507007 26983003
niapakaiange|1|25195011
niapakakauhi|1|28822004
niapakakoạ|8|23864009 27385011 28147017 28394021 29229016 29883005 30178013 30704005
niapakakutu|1|24050016
niapakalang|1|27899026
niapakal᷊ahe|3|28363010 28384027 30543004
niapakal᷊ahẹu|1|30613004
niapakal᷊iu|1|29480007
niapakal᷊iwir'i|1|28016025
niapakal᷊iwirě|2|30930043 30931036
niapakanandu|1|27576044
niapakapate|2|28075011 29101008
niapakapene|1|26103017
niapakapia|1|25282018
niapakapiane|1|25916014
niapakapiang|1|23234039
niapakapul᷊e|2|25790029 25791021
niapakapuạ|1|29026011
niapakaral᷊ung-dal᷊ung|1|25195009
niapakarangẹ-dange|1|29401009
niapakarani|1|29243019
niapakariadi|3|23555019 26203016 30621004
niapakasal᷊amat'u|1|29404038
niapakasal᷊amatě|1|30506038
niapakasapuạ|2|30178011 30178030
niapakasaria|2|27364028 27708021
niapakasikilě|1|25185020
niapakasingkạ|2|24989030 28363012
niapakasukụ|3|29230007 29285009 30236045
niapakasusa|2|28827027 28926011
niapakasěllahu|1|31035031
niapakasěmbaụ|5|28072014 28072024 28096023 28648031 29245024
niapakatanạ|1|27916015
niapakatoghasě|1|28808033
niapakatěntani|1|24497006
niapakaul᷊e|2|27184020 27909021
niapakaul᷊en|1|24421017
niapakawala|10|24657005 25896006 27710040 27859015 28901012 28901035 30914014 30916004 30924004 30963015
niapakawalan|1|27231010
niapakawantugu|1|26368035
niapakawantugě|5|26662015 26662019 26663005 28849056 28875026
niapakawiran|1|30825037
niapakawurěsi|1|30148013
niapakawurẹ̌si|1|30489029
niapakawuạ|1|29817005
niapakaěngu|1|24044008
niapal᷊iu|1|27242017
niapamaehě|2|25238013 25239010
niapangal᷊amona|1|25365017
niapangal᷊imona|2|25354006 25761016
niapanginungu|1|24044017
niapangěntudě|1|26810008
niapanutung|1|23880023
niaparal᷊eng|1|31004034
niaparamahi|1|27282010
niaparangeng|1|25297013
niapararisị|6|23730008 26385022 27258011 27286008 27735047 29332007
niapararisịe|1|25349015
niaparěllị|1|25920007
niaparěluse|1|24946004
niapasilo|1|28996018
niapasusun|1|25965019
niapasuě|4|26835014 27026009 27087004 27283007
niapasěbang|7|24524011 27514007 27574007 30012023 30102020 30265015 30902062
niapasẹ̌bang|6|23719012 24243028 24405012 25275012 26042008 27038009
niapataking|1|29041018
niapatol᷊e|2|24402013 25962040
niapatumpa|1|27899023
niapatědọ|1|24779016
niapělukadě|1|25604017
niapěmasaěng|1|24848008
niapěname|1|26374007
niapěndiagạ|1|27342018
niapěngal᷊imona|1|24218022
niapěngal᷊ing|1|27121024
niapẹ̌bal᷊ị|1|30425018
niapẹ̌bangung|12|23710030 24087005 25816022 26118007 26590039 26598016 26913017 28048015 28074027 28151026 29519005 30443044
niapẹ̌bangung'E|1|26582020
niapẹ̌bera|1|25105030
niapẹ̌biah'i|1|29059066
niapẹ̌biah'u|1|27400006
niapẹ̌biahě|13|26982005 27090009 28096035 28735013 28739006 28739019 28893026 29227006 29484024 29571019 30703012 31044018 31045006
niapẹ̌komol᷊ě|1|27735036
niapẹ̌kui|1|24320019
niapẹ̌sul᷊ěgihě|1|27159011
niapẹ̌timona|1|28307024
niapẹ̌těngon|3|26799007 27030005 27503029
niasị|2|25753028 29196009
niator'i|1|26519008
niatorě|2|28778017 30112006
niawa-Ku|2|26496032 26499008
niawane|3|23821018 24634017 29422013
niawang|1|27866038
niawengang|1|27956005
niawengangu|2|24847011 30143029
nibawasa|1|27378011
nibawera|2|29029047 29835004
nibawerang|1|30690013
nibawunin|1|25723013
nidaroloh'u|1|24428034
nidating|2|24100023 24729021
nidatingu|2|27915025 29878010
nigaghěllị|2|25637003 31001015
nighanap'i|1|28193003
nighantong|3|26857057 27090004 28377010
nighantonge|2|26857010 26857035
nighausang|2|25402023 26098006
nighausange|1|27284028
nighausangku|1|29960018
nighepe|1|27256035
nigheserě|1|27100008
nighinggọu|1|30807013
nighoghahě|1|29100010
nighuanting|1|28850011
nighělikangu|1|23803021
nighělirang|1|27705005
nighělirangken|1|30830017
nighělirangu|6|28407006 29030014 29264012 29505010 30831018 30842021
nighěllikang|1|23807021
nighěllikangkem|1|25081002
nighěllirang|2|26972018 29260016
nighěllirangu|10|27326032 29987043 30084020 30796017 30798014 30798028 30805005 30844017 30874004 30906006
nighěllị|8|25070022 28050047 28053028 28086027 28226017 29280010 29456005 30844021
nighěllịu|1|29349005
nihabar'E|1|24202012
nihabar'u|2|24991014 26742015
nihabare|1|30869019
nihabareng|2|23876010 24246023
nihabarenge|1|23876016
nihabari|2|28703024 28731002
nihabaru|4|26090029 27015010 28399009 30499014
nihabarě|18|23465025 24729029 24741008 26036014 26768004 26928036 28323022 28722003 28820010 29069010 29458023 29471036 30017005 30160010 30400014 30453008 30525018 30558021
nihae|3|25896012 25896018 30376062
nihaene|1|25720008
nihal᷊ě|1|26195014
nihampasě|2|25394019 25400026
nihantene|1|31041020
nihanạ|1|24490019
nihapusě|1|29837011
nihata|1|28462051
nihaungange|1|25396015
nihaungangken|1|23374014
nihaungangu|2|24367009 25273009
nihawengangu|1|30850004
nihaěngang|1|31027012
nihengetang'u|1|23185012
nihengetangu|1|23167008
nihengke|12|25882007 26950017 28365087 28802024 29025015 29059048 29284030 29467028 29748043 29811040 30032010 30091035
nihino|21|23527017 24470010 24706010 25239017 25392003 26194005 26430009 26809020 26857036 26950011 28303023 28304031 28480012 28628017 28830011 28830016 29581010 30044021 30490016 30592034 30642004
nihinowe|1|30641046
nihipe|1|31049025
nihombangengu|3|25394016 28063029 29455005
nihukung|3|24133011 28066011 30180045
nihukungu|2|24134017 26139015
nihundugě|2|24467031 24770015
nihung|2|23205004 25043005
nihěgọen|1|23866004
nihěping|1|27695036
niingkạ|1|23184015
nikaal᷊ạu|1|23728017
nikaese|1|30833014
nikahaluaseng|1|27331021
nikahiwu|1|26849036
nikahombangeng|3|28773041 28805018 31018010
nikahombangenge|1|24795012
nikahombangengu|1|29585032
nikahuntikilangke|1|24014014
nikahěnganeng|4|26071018 27951022 30244023 30677003
nikahẹ̌gong|1|30542036
nikaianenge|2|26725024 28019014
nikaianengu|1|30773021
nikailangengu|2|25597012 27865016
nikakakompenge|1|25884011
nikakawusang|1|28946035
nikakawusange|1|25603018
nikakawusangu|2|25900024 30309013
nikakiral᷊ang|1|28259019
nikakoạ|8|23863016 25377016 25750016 25778024 25989025 26186011 26821027 27698032
nikakoạ'E|1|24297039
nikakoạe|1|26142018
nikalakě|1|27821017
nikal᷊aedang|1|25172005
nikal᷊unusang|1|27270004
nikanoakeng|3|27054014 27107026 27722016
nikanoakengu|1|27172004
nikaonggọ|1|25618028
nikapate|1|30204011
nikapateng|1|30861006
nikapile|2|27107033 27842044
nikaraghusang|1|29104015
nikaringih'i|2|27043013 30750016
nikaringihu|1|30359030
nikarol᷊ě|1|30984040
nikasame|1|25117014
nikasangkonang|1|30408007
nikasetangeng|1|23478019
nikasiladeng|1|29015014
nikasilo|1|27043011
nikasilone|2|25396012 28141033
nikasilong|5|25387022 25609017 26933024 26935022 29392020
nikasilonu|2|24524036 27234023
nikasilọ|1|30892011
nikasueěngken|1|27876023
nikasueěngu|1|26099014
nikasuěkang|2|24311012 25273012
nikasuẹ̌kangu|2|24248016 24300005
nikatangkạ|1|26385014
nikatarimạ|3|25747024 28308016 29452008
nikaugě|2|23573023 28461020
nikauh'u|2|23769018 24598004
nikauntungang|1|30071017
nikawitaugang|1|28993022
nikawuakengu|1|30073005
nikawusangu|1|24286032
nikawẹ̌gaěnge|1|25017022
nikaěbakengu|1|23584019
nikaěbạ|1|29107008
nikaěng|3|25251020 25319015 26316011
nikaěnnaěngu|1|25723004
nikaẹ̌bakeng|1|26386010
nikedon'E|1|30484020
nikinạe|1|26035007
nikiwal᷊ongu|1|25401004
nikoateng|1|24844012
nikongke|1|26447013
nikoạ|72|23483028 23483033 23848020 24288011 24438023 24658037 24758035 25087026 25150011 25454012 25456016 26196025 26272007 26284022 26638014 26643032 26646018 26724031 27014012 27014024 27022018 27088024 27165008 27212015 27396004 27426010 27442017 27447033 27455030 27553030 27612014 27612028 27822009 27830014 27834007 28387027 28588002 28596013 28766006 28767010 28768011 28830007 28849006 28897027 28989018 29042039 29120011 29241036 29303012 29380009 29706008 29848011 29884027 29907013 30093039 30102007 30107015 30113041 30117043 30121052 30262034 30318014 30398014 30523002 30592024 30710022 30762005 31006029 31069009 31073015 31075012 31075020
nikoạ'E|2|24501016 30099022
nikoạe|1|23481016
nikoạu|1|24385015
nikuiang|10|24811003 24843016 27100005 27460020 27772005 27937017 28509006 29176004 30121016 30674007
nikuiang'E|2|28180005 30990019
nikuiange|1|28512011
nikuiangu|6|26989024 27932014 28365012 28388006 29274024 29533019
nikunsị|1|24019033
nikuruis'i|2|24168010 26986016
nikuruisě|11|24174004 24201019 24859025 24880018 26844006 26844012 26846014 29048007 29101020 29203015 29203024
nikědo|4|27395015 27527043 27586034 30191021
nikědom|1|30279030
nikědon|16|26989003 27182020 27527017 27563034 27847008 30025007 30026013 30057026 30060012 30121027 30181022 30182011 30206023 30212019 30299028 30626011
nikědon'E|6|27386016 28044010 28821014 28823034 30016038 30058019
nikědong|3|28962020 30018010 30199014
nikědọ|2|27015023 27102035
nikěllọ|1|27690052
nikěllọe|1|23756024
nikẹ̌dom|1|23174026
nikẹ̌don|11|23929020 25000024 26041011 26981020 28037013 29117007 29117031 29132021 29258042 30536007 30573016
nikẹ̌don'E|2|29220040 30532009
nikẹ̌dong|1|30576005
nikẹ̌doěng|1|28992026
nikẹ̌kahombangeng|1|24737012
nikẹ̌kahěnganeng|1|27547035
nikẹ̌kasingkateng|1|28235024
nikẹ̌kasingkatengu|2|28396020 28435019
nikẹ̌kaěbakeng|1|27782003
nikẹ̌kiwal᷊oěng|1|29788006
nikạsilong|1|28142011
nikạěnnaěng|1|30683011
nilaakun|1|29303010
nilaburě|1|23946019
nilaehe|1|24178011
nilaehě|1|26855014
nilahabarě|1|25218042
nilahe|14|25385040 26062017 26972053 27275011 27935013 28020008 28192033 28409013 29114014 29237028 29492022 29741017 31099043 31100020
nilahẹ'E|3|28018023 28156029 29819034
nilahẹu|2|23485030 29237021
nilahukung|1|27741048
nilahěkutang|1|27637016
nilaikị|1|27730007
nilam|1|31073024
nilangingu|2|30183009 30496023
nilanisangu|2|25234032 27050038
nilaonggọ|3|26696012 26696016 28016009
nilaukangu|2|24164010 30125030
nilaụ|1|25540010
nilese|1|30923033
nilimad'i|1|25791014
nilimad'u|1|25792012
nilimadě|2|23862014 27507004
nilingkuwangu|1|25439009
nilintukang|1|25430035
niliu|1|29515009
niliwirě|3|23755010 28087004 28091007
nilohoěng|1|28053013
nilohoěngken|1|25078012
nilohoěngu|2|30708007 30771004
niluheěngken|1|24161012
nilukane|1|27735042
nilukạen|1|24645020
nilungguhě|1|28606044
nilěbing|4|26979026 27070041 27133011 27399006
nilěbinge|1|28763003
nilěgahu|1|25832010
nilěhabe|1|24246005
nilěngkang|1|27651019
nilěngkange|1|25594013
nilẹ̌bing|8|23584022 24437016 25643025 26558011 28073007 28722040 28761010 29507010
nilẹ̌binge|1|28762005
nilẹ̌gaheng|2|30980013 31056027
nilẹ̌gahengu|1|31073007
nilẹ̌haesang|1|28463013
nilẹ̌hanạ|1|30075006
nilẹ̌onggọ|1|26368029
nilẹ̌toěngkem|1|30957013
nilẹ̌uhasě|2|24468012 24469024
nimbụ|1|30793017
nimbụe|5|28020002 28186002 29774033 31018017 31081012
niměne|1|25213008
niměnggạ|2|26319020 28387020
niměnggạu|1|23646021
ninang|26|23147016 23360013 23537011 23768015 23814002 23814010 24186010 24247007 24321017 24405020 24436025 24867027 24875013 25023009 25023018 25266010 25297022 26002021 26184033 26461002 26463002 26464005 26938019 27350013 29154012 29158014
ninang'E|13|23181016 23183037 23184014 23190020 23536012 24320004 25022009 25265003 26099007 26108010 26851013 26852007 26852017
ninang-Ku|3|23538008 23539017 25267023
ninange|36|23147029 23147034 23151017 23163009 23439028 23453012 23453019 23455007 23595013 23606003 23609024 23638020 23775016 24432009 24432017 24474022 24476015 24596009 24618021 24730021 24954003 25017021 25025020 25211015 25513015 25513026 25513028 25513041 25580012 26125025 26748023 27485021 28350006 29336018 29706039 30068018
ninangi|2|24246002 24874010
ninangku|6|23540021 23639021 24323018 24324022 24475020 28350013
ninangkue|1|24322008
ninangu|22|23638011 23782006 24186017 24474013 24608026 24937008 25007005 25008011 25383015 25553031 25709024 26097016 26101003 26851008 26853011 26853019 29154021 29340006 29538018 29766009 29815016 29914006
ninawo|3|24339002 24340004 31051037
ninawonu|1|30962016
ninawoěng|1|28810005
ninawoěngu|1|31052032
ninotě|7|23877016 23878005 23881017 25562004 25562024 25571015 25578011
niogore|1|24863027
niogorě|1|26855026
nionganenge|1|23416012
nionggol᷊ang|1|25508023
nionggol᷊angu|2|24335010 30911024
nionggotang|1|25256007
nionggotang'E|1|26057015
nionggotang'u|1|28663038
nionggotangu|9|23551010 24415015 25383006 25801005 26983008 28645057 29528009 30739003 31043013
nionggọ|59|23329016 23609013 23913004 24449032 24477006 25748010 25750011 26162017 26291004 26295004 26657030 26766014 26768012 26769018 26771034 26772023 26782012 26784031 26797029 27092021 27122012 27451036 28039023 28092021 28179010 28252015 28421004 28616009 28740019 28980015 29054044 29117011 29120017 29122009 29122039 29124020 29125027 29369033 29489026 29533009 29541003 29560008 29711026 29762012 29776010 29823009 29829006 29838023 29968011 29968021 29991027 30076013 30218010 30344008 30538036 30634021 30676045 30875015 31026006
nionggọben|1|28962047
nionggọe|2|26022019 28980024
nionggọi|1|29495019
nionggọu|8|28132004 28249036 28763023 28813056 28850006 29054037 29291013 30949046
nionode|1|27888015
nioro|4|24216008 24677015 27507017 30874012
niorom|1|28897037
nioron|3|23833010 24074007 28842028
nioron'E|1|26101013
niorone|1|30923024
niorong|1|24140014
nipagarenge|1|24675033
nipahangeng|2|24677011 29014005
nipahiạ|1|26849016
nipahumbisarane|1|26923025
nipahěkutangu|1|27873011
nipahị|1|30125048
nipakaghea|1|27754010
nipakaghoghahě|2|27959019 28075027
nipakaghěang|1|28159019
nipakahimatụ|1|27955008
nipakahupadě|1|28137006
nipakal᷊ahe|2|28479014 30543037
nipakal᷊iu|1|30083009
nipakal᷊iwirě|3|28017013 28510013 28510018
nipakameang|1|25791017
nipakang|1|28849008
nipakange|2|24190015 24873030
nipakapia|1|28186040
nipakapul᷊e|1|24509036
nipakariadi|1|30040004
nipakasal᷊amatě|2|28221027 30445040
nipakasanạ|1|29987015
nipakasapuạ|1|30178047
nipakasingkạ|1|29111027
nipakatoghasě|1|28806024
nipakatědọ|1|30237016
nipakatěntungu|1|30284012
nipakatěpasě|1|27490023
nipakaul᷊e|1|25091022
nipakawala|3|25297010 25306005 30846004
nipakawatang|1|26612014
nipakawinasa|1|30684032
nipakawurěsi|1|30136011
nipakawuta|1|23555016
nipakawěgan|1|27554006
nipake|4|24684017 24844020 26828013 27034016
nipakeaneng|1|24045004
nipakihapusě|1|23601014
nipakikinạ|1|27361021
nipakisunatě|1|28033015
nipakitahungkụ|1|23601017
nipakiwal᷊oěng|1|27030008
nipal᷊andaěng|1|29036007
nipal᷊idě|1|29927008
nipal᷊oho|1|26155014
nipal᷊ohong|1|27116025
nipal᷊ohoěngben|1|29870008
nipamětikang|1|26116013
nipanda|1|28409037
nipanuratě|1|30478006
nipaněmbang|1|29409012
nipapěllọe|1|24981013
nipapělokangu|1|24853005
nipararisị|2|24575010 29250004
niparentang|1|26700022
niparentaěng|1|30873005
nipasuě|1|27041008
nipasěbang|1|27257006
nipasẹ̌bang|3|25093009 25547033 30409031
nipatal᷊ang|1|30319035
nipate|10|24682006 27096034 27725008 28578017 30443039 30731031 30789025 30982010 31018024 31039025
nipatene|7|23500008 23503009 24290014 24292008 25153019 27250011 30185011
nipateng|2|25453015 31039006
nipato|1|30070008
nipaul᷊i|2|26715032 30569009
nipaul᷊ikang|2|25943002 27041009
nipaul᷊ikangu|5|27765004 30180006 30591006 30815003 30857003
nipaul᷊ị|12|23445003 24994024 25571011 25878012 26664021 26695033 26731031 26966006 27676026 28399003 29184023 30651027
nipaul᷊ịu|2|24139006 24771018
nipeose|3|23352012 23382007 27423012
nipeosě|1|25132029
nipi|2|23165011 24149030
nipikunge|1|26866013
nipikungken|1|24873015
nipikungu|2|24189007 25989013
nipile|5|26941013 27154023 28952010 30032004 30376043
nipilen|7|25971034 26948038 27301011 28215010 29634026 30299015 30395003
nipilen'E|1|28212010
nipotọ|5|25872016 30115016 30786031 30792014 31043027
nipoěng|3|25039011 27359005 27923013
nipoěngu|3|28985025 28987017 28987034
nipul᷊aho|1|25176018
nipěha|1|30947005
nipěhanạ|6|26127005 26127014 26440014 26460007 26461023 29160013
nipěhanạe|1|26075022
nipěhengetang|12|24706016 25317008 25635006 26369005 26402004 26507007 26818008 27018016 27385018 27662028 30677053 30993037
nipěhengetang'E|2|26118020 27881028
nipěhengetangu|5|23214022 30635040 30725007 30735007 30747007
nipěhěmbung|1|24806008
nipěhěndingke|1|27125022
nipěhěping|1|24873045
nipěllokangu|1|28189020
nipělloěngu|1|24196011
nipěllọ|10|23587010 25991026 26870033 26881029 26883052 27044022 27046006 27254017 27392024 30406018
nipěllọe|1|24345018
nipěllọete|1|25989020
nipěllọu|1|28324024
nipěluntingih'u|1|24939007
nipěluntingihe|1|29748032
nipělọ|1|29696017
nipěměbahě|1|24160012
nipěnambusě|1|30119013
nipěngal᷊amatenge|1|28946026
nipěngiloahě|1|30805013
nipěpẹ̌duangken|1|24637003
nipětị|3|27161021 30977037 31068004
nipẹ̌bangung|4|23904014 24548030 28073018 31044008
nipẹ̌banuangu|1|24368004
nipẹ̌baweho|1|30808012
nipẹ̌bera|1|26294005
nipẹ̌beran|1|28529015
nipẹ̌beraěng|2|23760009 24564018
nipẹ̌bewẹeweng|2|31051041 31052034
nipẹ̌biahě|7|27301026 28096041 28734047 28735007 28736007 28761019 29507020
nipẹ̌binsị|1|26718012
nipẹ̌bisaran|1|28706023
nipẹ̌dal᷊ahabarě|1|27928024
nipẹ̌dal᷊ahaedewe|1|28646012
nipẹ̌dal᷊aěntungang|1|27175009
nipẹ̌dal᷊aụ|1|23573024
nipẹ̌dal᷊embon|1|29711005
nipẹ̌dal᷊embone|1|29215015
nipẹ̌gaghaghehe|1|27602030
nipẹ̌gagholọ|2|24063017 24759019
nipẹ̌gaghěllịko|1|26586019
nipẹ̌hengetang|1|26795009
nipẹ̌kahimběsọ|1|24565008
nipẹ̌kakakompeng|1|24520004
nipẹ̌karadiahang|1|27992020
nipẹ̌karadiahangengu|1|26954005
nipẹ̌karadiahangu|1|24710006
nipẹ̌kawasaěng|1|28242007
nipẹ̌kawasaěng'u|1|27031004
nipẹ̌kawasaěngu|5|27500025 28062026 28089010 28123004 28123013
nipẹ̌kědone|1|30902040
nipẹ̌pakasingkạ|1|29257008
nipẹ̌pake|1|26867019
nipẹ̌papahiạ|1|24449046
nipẹ̌parikẹ̌saěng|1|27521018
nipẹ̌pohiama|1|25433019
nipẹ̌pẹ̌pohiama|1|24995027
nipẹ̌sakaeng|2|23620008 24453009
nipẹ̌saken|1|26583005
nipẹ̌sal᷊a|1|23495030
nipẹ̌sombangeng|1|26554016
nipẹ̌sěngkapia|1|28147019
nipẹ̌sěngkapian|2|28065048 28147026
nipẹ̌tahuěllangu|1|28089005
nipẹ̌tampung|1|27473021
nipẹ̌tatahinong|1|23186043
nipẹ̌tatude|1|30856011
nipẹ̌těngon|1|23752013
nipẹ̌těngong|1|27823023
nipạdul᷊iange|1|25398039
niraekang|1|30301009
niral᷊engang'E|1|28079019
niral᷊engu|1|24495018
niral᷊ing|1|30937012
nirarisị|4|23342021 28425003 30095020 30108003
nirasehang|1|23344003
nirasehangu|1|30835008
nirekenang|1|23448007
nirekeng|3|24855015 25902013 29429017
nirenọ|1|30523020
niresọ|1|25752011
niriadi|18|26046007 26048003 26048015 26055007 28402025 28534038 28609005 28609012 28610006 28610012 28613006 28769011 29211004 29297007 29481026 29482035 30329021 30917021
niriadin|3|29751016 29752003 30761023
niriadine|2|29240008 30528022
niriading|1|30176012
niriahi|2|30856010 31056022
niriahiang'u|1|30686031
niriahin|1|30379010
niriahin'U|1|25005005
niriahinu|1|25480028
niriandin|1|27933004
niriandin'E|1|26928032
nirianding|3|25322023 26983018 26986024
niriandinu|1|23268020
niringanengkeng|1|27794008
niringọ|1|28845017
niriạdi|1|29730004
nirohon|1|29461017
nirokateng|1|27010030
niroloh'E|1|30387047
niroloh'i|6|23423006 26357038 26763026 27277015 29417012 30618017
niroloh'u|7|24102031 24438004 26069004 26123020 26287018 27152036 27367003
nirolohe|2|25604012 29724006
nirolohu|2|24798027 26789023
nirolohě|19|23658006 24642023 24687010 24921003 25354012 25790028 26149015 26374006 26518024 26651013 27082005 27319013 27338012 27366018 27465021 27473006 28204010 29811047 30786050
nirol᷊ohě|1|25206004
nirorokangu|1|24256002
nirul᷊ung|1|30808006
nirul᷊ungke|1|27873032
niruị|8|24003016 25502010 27655034 30076051 30081003 30085022 30086005 30096005
nirědasě|1|23760018
nirěmme|12|23588032 24682008 27138005 28225005 28230007 29527014 30901004 30901028 30905011 31038052 31053009 31054013
nirěmmẹu|1|30404016
nirěnguange|1|25234030
nirěntaěng|1|27530054
nirěntaěngken|1|25679021
nirěntaěngkeng|1|24328011
nirěntaěngu|2|25413005 25664009
nirẹ̌dasi|1|29245013
nisadia|7|25372018 25563019 25564027 28481012 28595021 29258022 29471015
nisadiam|1|29542012
nisadian|6|23247021 28134023 28134037 29225038 29478016 30898015
nisadian'E|2|29139028 29240025
nisadiane|1|31000036
nisadiang|1|29434021
nisahani|15|23209002 25047007 25047010 26991011 27190008 27193017 27499007 27499009 27517031 28072010 28377017 28380028 28570010 28748012 29130005
nisahaning|2|27589004 28648024
nisahanị|1|27591009
nisahe|1|29212005
nisaheng|1|27525009
nisahẹu|1|30408026
nisahing|1|26812011
nisakeěnge|1|26595008
nisakeěngu|2|23622003 25097008
nisal᷊ukateng|3|25066004 29996010 30030022
nisal᷊ukatengu|1|24229009
nisame|5|24682004 26909013 27078004 27698008 27776014
nisarakang|24|23487008 24214018 25386004 25885023 26297015 26762023 26767009 26784009 26795019 26973018 27010023 27441017 27857020 27917060 28048005 28554027 28625021 29717017 29896014 30134008 30142036 30394014 30469009 30916025
nisarakang'E|3|26191020 26233013 28149006
nisarakange|1|24842025
nisarakangke|1|25961021
nisarakangu|1|30468011
nisarul᷊un'E|1|25002009
nisasindoěng|1|23267033
nisasunatě|1|29204004
nisawelangu|6|23412010 25092008 25158010 26434021 26502009 26503008
nisawuh'u|1|25538009
nisawuhě|3|23559026 23560003 24339032
nisawụ|1|27210007
nisegelange|1|31042018
niselohu|2|26974014 30202022
nisewaěng|1|26495013
nisewaěnge|1|26494002
nisiang|1|25463014
nisigẹ̌sạ|1|30423016
nisihasa|3|28525018 29085011 30517018
nisihasang|1|25962034
nisihing|1|23587007
nisiliwirě|1|25371010
nisimbah'i|1|25804015
nisimbahengken|1|30865019
nisimbang|1|26091015
nisimbange|1|26393003
nisimbangi|1|25113003
nisindoěng|1|23770022
nisindoěnge|1|25639021
nisuang|4|23647008 24355018 28227039 30338010
nisuange|1|23571025
nisuangu|2|28756003 30288016
nisuhudu|1|27619018
nisuhudě|1|30230018
nisukunge|1|31042014
nisukạ|1|27884029
nisunate|1|24995009
nisunatě|12|27989023 27990025 27990036 27991016 27991021 28034003 28506004 29427002 29506010 29508015 29529016 29529019
nisunggahị|1|26947011
nisurateng|1|27690018
nisusuang'U|1|25433021
nisusụ|1|26860006
nisusụe|1|24863021
nisuě|1|23609007
nisěbang|1|25248029
nisěbangengu|2|25281023 30714009
nisěbạ|10|23443018 24138010 26892003 26901008 27334039 27427005 27427013 28032027 29241016 30317034
nisěbạ'E|1|29992004
nisěding|1|27100010
nisěhụ|3|23193011 26859024 28824017
nisěhụe|5|23187002 23224007 23363010 23507004 24139003
nisěllunge|1|28747006
nisěmba|7|27690036 28532008 28535033 28538045 29461047 30732047 30738038
nisěmpikang|1|23783006
nisěngkul᷊ang|1|25045007
nisěnsomaheng|1|27447011
nisẹ̌bangeng|1|25284003
nisẹ̌bangengu|1|31033003
nisẹ̌bạ|2|23170026 29122030
nisẹ̌ding|1|26475025
nisẹ̌sakeěngu|1|25762029
nisẹ̌sunatě|2|27989008 28506027
nisẹ̌sẹ̌suiang|1|27730031
nisạdiang|1|25993016
nisạdiang'E|1|28179019
nitaghuaneng|1|27062007
nitahangeng|1|27026023
nitahidang|1|25251015
nitaho|4|23588022 24873035 27342006 27507010
nitahoěngu|1|30833009
nitahungkụ|11|23222006 24045014 24230004 25955003 25961012 27078008 27085014 27521029 27920020 29253007 29375014
nitahuntěngareng|1|29118022
nitahutěngadeng|2|25231007 29120013
nitahutěngadengken|1|27125007
nitakatengu|1|24345015
nital᷊ung|1|28999023
nital᷊ěntukang'E|2|28149004 28179014
nital᷊ěntụ|1|29710018
nitamba|1|29122015
nitambaěngu|1|24306013
nitampạen|1|26868019
nitanata|1|24211012
nitanatang|1|24647007
nitanggaěngkol᷊aing|1|23342010
nitanggaěngu|2|23716009 27908013
nitangkianeng|1|28946064
nitangkianengu|1|29813007
nitani|3|28479022 29251012 29267016
nitantu|1|27979008
nitantun|1|25851025
nitantung|1|29668016
nitanurangu|1|28569031
nitarimạ|28|25372012 25374012 25703014 26062005 26500026 26741016 26742020 27099033 27152014 27264027 28026017 28029019 28032034 28034031 28034062 28036041 28045005 28046002 28090007 28230018 28502007 28502027 28722014 29109025 29461051 30177018 30318008 30319010
nitarimạ'E|1|26059019
nitarimạbe|1|30315010
nitarimạu|2|28441017 29752019
nitatan'E|1|24524010
nitatěntiron'E|1|26198013
nitaweng|1|29281019
niteled'i|1|25792017
nitialaěngu|2|30815011 30949031
nitilakeh'E|1|28147010
nitilakeh'i|2|23816035 26247018
nitilakeh'u|2|23774017 27017031
nitilakehu|3|28416038 28495029 28505009
nitilakehě|1|27365033
nitimbuhungang|1|28860009
nititan|1|24260031
nitiukangu|1|30518013
nitiụ|1|30685037
nitode|3|27161031 29614006 30098056
nitoghaseng|2|28807018 30700020
nitoghasengu|1|30707049
nitokol᷊u|1|27162032
nitol᷊eěngken|1|23347010
nitol᷊eěngu|2|23505020 27406012
nitonda|1|30897030
nitongkạ|3|30253025 30713005 30736027
nitopẹeng|1|27083036
nitualagě|2|26925010 29104026
nituhe|1|26855019
nituhukang|2|24609011 25710006
nitumanakengu|1|24961007
nitumbal᷊ungang|1|23423009
nitumbiageng|1|23247010
nitutung|1|28840011
nitěbal᷊u|7|23224009 23554006 23575006 23641008 27390053 27458006 27846035
nitěbal᷊ě|3|23474017 24109012 31091013
nitěbọu|1|28952012
nitěgone|1|24081023
nitěndakenge|1|23860020
nitěnehi|1|29244030
nitěntang|4|23534015 23898021 29884012 29891012
nitěntangken|1|26905022
nitěntani|2|30091029 30409015
nitěntiro|7|24898012 28354028 29677018 29868017 29902011 30578037 30750007
nitěntiro'm|1|23574002
nitěntiro-Ku|1|26703008
nitěntiron|3|24438025 25801021 26631017
nitěntirone|1|29502025
nitěntirong|2|26925015 29677013
nitěntiroěng|4|23843036 27708027 29294014 30224030
nitěntiroěngu|3|27583003 29613023 30738031
nitěnto|1|28227016
nitěntong|1|24649015
nitětạ|3|24218003 25941017 28943016
nitẹ̌bal᷊'i|1|24470012
nitẹ̌bal᷊'u|1|23187005
nitẹ̌bọu|1|30414007
nitẹ̌gone|3|24436011 24507032 25399010
niual᷊i|1|29373010
niuhasu|1|25398012
niuhasě|1|26456026
niul᷊uhě|1|29023007
niul᷊ịu|1|30098023
niumbala|3|28558021 29809004 29824023
niumbalane|1|29822028
niundangeng|1|24045009
niundangengu|1|25398015
niuno|2|26657010 31031009
niunone|1|26657025
niurung|1|24225019
niusu|1|27751008
niusě|1|28387030
niwaehang|1|27133015
niwahung|3|23866006 30836017 31049009
niwahungang'u|1|29015009
niwahunge|1|31015017
niwahungke|1|30946020
niwahětang|2|23951014 26195008
niwala|7|25394027 26981034 27873037 27916014 28137005 28677046 30914004
niwalan|2|23869021 25797018
niwalang|1|30099035
niwal᷊intụi'E|1|26111025
niwal᷊iuang|3|23234027 23362009 24489008
niwal᷊iuangu|9|23374016 23379018 23656022 24319011 24380010 24383011 24556021 26430020 26431007
niwal᷊ị|1|27133006
niwal᷊ụ|3|27064009 27068012 28106021
niwanggo|1|24679029
niwangung|1|25195034
niwanikateng|2|28935004 30720049
niwantelu|1|29136013
niwantelě|2|26058002 29073014
niwantugang|1|29403018
niwantughangken|1|26597017
niwatukangu|1|23407011
niwawa|4|24161019 24847018 26454024 27256015
niwawan|3|25093013 25968011 30955017
niwawane|1|26796007
niwawang|4|23681019 26374028 27623005 29796004
niwawạelain|1|25962004
niwawạen|1|26842019
niwembang|5|23151008 23157005 23162019 23162032 30707038
niwera|18|23496004 25801019 26564010 26649004 26679024 26679030 26720005 26746017 26794003 26807026 27398007 27846026 27940020 28001019 28708016 29986009 30022032 30082007
niweran|8|23193014 23356006 25007012 25764013 27118009 27779015 29906002 30866021
niweran'E|2|25086003 25998015
niwerane|2|28681024 28692023
niwerang|16|23169010 25463002 25695008 25842022 25935016 26000007 26017017 26991006 27019031 27146009 27183027 27317011 27403014 27925029 28688031 30003004
niweranu|5|24119005 24141020 24829015 25939020 28695050
niwẹbuka|1|30114026
niwimbonge|1|27277003
niwingkahě|2|31051020 31051026
niwingọ|2|27356014 28868018
niwisara|1|26806038
niwohe|14|23175015 25720021 26848010 26899005 28551012 28579016 28716027 28798007 28845023 29078004 29200006 29255016 29423027 30559006
niwohekangu|2|30910039 31068015
niwohẹu|1|24111010
niwol᷊eng|1|23588007
niwontol᷊ě|1|25654012
niwu|2|31008026 31055019
niwuhan'E|1|26447017
niwuhane|2|24178024 26452012
niwukang|1|26963015
niwukangke|1|28622021
niwukangu|1|30982007
niwul᷊e|3|23678018 24515007 27432005
niwul᷊eng|4|29453032 30291012 30292029 30489022
niwurungangken|1|23606002
niwurěsin'E|1|29989016
niwurěsing|1|30156030
niwurẹ̌si|1|30144030
niwěbahu|1|29015003
niwělliang|1|24468002
niwělliangu|1|30789041
niwěmbing|2|26983035 30571013
niwěnta|2|28191018 29125021
niwẹ̌bohe|1|26898018
niwẹ̌ke|1|26468007
niwụ|1|30840024
niěbạ|2|29885010 31000010
niěbụ|1|30685059
niěllụ|1|30872028
niěmmụ|2|26526014 26584027
niěmmụe|1|25240044
niěmmụeng|1|26636018
niěmmụeweng|1|25234026
niěmpaheng|1|24648009
niěmpahengu|1|23834012
niěmpahu|1|29847004
niěndungang|1|29452004
niěntud'i|1|24808003
niěntud'u|1|25643007
niěntude|1|23512002
niěntuden|1|23633028
niěntudě|4|23412013 24849003 25919007 25931018
niěntungangu|2|23862021 23956013
niẹ̌king'i|1|30393017
niẹ̌ntudě|1|25398034
nopehě|1|25196027
notě|1|28686016
notẹ̌ko|1|23882008
nubuetě|1|29664022
nul᷊e|12|23402028 23465013 23719021 24394024 24399029 24526018 24641014 25157022 26207011 26208017 26209013 27908037
nupu|1|31048031
něbangungke|1|23184003
něbaraguna|1|29414010
něbera|3|23797002 27388007 30770033
něberan|1|27628029
něberau|1|25430028
něberạ|1|27645011
něberạe|2|23649004 24662013
něberạeng|1|27576014
něbiahẹ̌be|1|29879028
něbinsị|1|26724040
něbua|1|24332017
něbuạ|5|24675064 27435023 27495004 27579033 27913007
něbuạe|1|23183006
něběke|1|25186004
něběkẹen|1|30700004
něběkẹeng|1|27447029
něbẹ̌buan|2|30332009 30332016
něbẹ̌buạ|1|25745003
nědalọ|1|27326016
nědeạ|2|24091009 29827010
nědiadin|1|28899010
nědẹ̌darulung|1|23996006
nědẹ̌dorong|1|26751008
něgagheange|1|29404027
něgara|3|24726012 30789037 30882004
něgarang|1|27521015
něgěllị|1|29401011
něgěllịe|1|23617040
něgěllịu|9|24799005 24916017 24934013 25894005 27936006 28847021 29439012 29573035 29709010
něhabar'u|4|23227006 24230012 24533005 24961015
něhabaren|1|27768013
něhabareng|1|24263025
něhabaru|22|24884007 26774004 26820018 27021005 27436007 27440005 27461003 27520005 27522006 27539016 27652013 27751020 27771032 27815006 27825022 28396012 28558014 28734021 29597010 30125005 30444010 30933014
něhabarě|23|23759014 23983007 24103008 24621038 25029022 26226006 26527004 26603013 26697006 26886006 27182009 27352023 28160038 28722027 28924026 29595015 29597026 29610021 29667006 30387008 30494020 30496005 30662016
něhabarẹ̌ko|1|27696014
něhal᷊ě|7|25604005 25992024 26495009 27561007 28729028 29556009 29834004
něhampasě|2|25258014 27623016
něhamụ|2|23561005 24341005
něhanggosě|1|24435005
něhapus'i|1|27734024
něhapusě|4|24132003 24801013 26798016 30679020
něhaweng|1|23548022
něhaěngke|2|27283004 27499013
něhengetang|351|23210006 23229003 23356019 23359004 23384010 23386021 23389026 23404003 23409008 23417004 23467012 23487004 23515011 23549007 23554011 23592004 23597012 23629013 23638005 23644008 23666008 23677034 23681012 23723011 23731004 23768006 23810027 23816003 23818012 23840004 23840019 23874005 23881009 23891011 23904019 23917003 23920004 23960004 24056012 24065009 24076007 24081028 24086028 24091016 24093003 24100013 24110004 24130010 24205009 24233003 24271024 24323013 24333007 24337005 24348006 24359007 24364004 24373008 24395023 24399004 24401010 24406008 24418004 24439022 24473006 24478011 24482004 24484006 24491003 24493005 24498013 24502025 24535018 24558004 24574015 24575021 24578006 24600003 24603010 24605003 24610009 24612008 24613013 24628009 24631010 24638006 24658012 24658023 24674012 24675024 24700035 24708015 24710014 24712003 24761005 24773008 24777027 24779006 24782004 24787012 24793004 24796015 24803005 24827018 24893005 25028018 25048021 25085005 25087004 25107004 25112005 25121009 25128013 25130010 25132026 25135020 25152004 25157008 25167007 25205010 25209014 25210015 25220012 25225011 25227004 25236004 25237003 25240011 25244004 25246004 25254023 25267004 25271004 25292003 25294003 25296008 25298014 25316012 25323004 25324003 25325005 25345027 25350004 25361004 25364002 25380004 25385017 25387010 25408004 25411002 25423010 25433004 25445005 25461020 25475010 25480005 25482004 25482013 25514003 25533018 25559005 25570004 25579012 25587004 25600003 25611008 25622003 25630005 25636004 25653003 25666009 25669005 25671004 25674005 25691003 25695004 25705009 25711005 25713013 25715007 25720010 25731004 25744003 25760004 25778014 25788004 25803012 25822013 25830004 25832022 25835003 25880004 25882017 25884021 25885014 25890002 25900005 25905006 25911004 25913004 25916004 25917005 25926014 25982015 26009004 26017004 26030004 26032003 26036005 26038004 26087017 26088016 26095003 26096003 26103003 26104005 26112005 26191004 26205004 26210015 26225014 26228005 26264011 26270006 26278006 26290005 26301004 26311004 26323004 26366019 26391007 26394005 26403005 26405005 26410005 26424004 26447002 26470009 26476022 26480003 26481010 26489004 26501004 26514005 26516015 26528009 26531007 26564003 26588003 26604003 26611004 26614003 26617025 26620017 26625004 26642016 26652004 26652015 26659015 26746014 26761003 26761011 26792005 26795002 26797004 26853005 26884003 26886023 26887040 26888002 26889005 26890011 26894033 26895005 26897004 26904003 26905003 26909003 26911004 26914008 26914041 26915033 26916056 26918021 26933004 26967003 27022029 27148026 27150004 27203008 27206005 27227018 27228004 27232004 27279017 27324009 27365013 27397032 27410012 27567010 27723007 27852005 27926004 28040005 28163013 28168005 28169009 28171004 28173011 28181010 28383008 28700010 28821008 28866005 28901009 28915024 29969006 29969032 29970015 29971008 29972006 29974004 29977006 29990003 29991004 29991016 30006009 30018042 30036024 30037009 30059003 30086016 30098041 30101014 30139013 30142005 30142030 30143005 30149019 30151005 30164013 30191004 30247020 30305004 30305010 30983004 31059011 31059022 31060004 31098009 31101010
něhengetangke|30|23382025 23662004 23679003 23697005 23786004 23854016 23858025 23869004 23886004 23894008 24050004 24086004 24095021 24107003 24266011 24269013 24345004 24412004 24655004 24717009 24889004 25118019 26207004 26219004 26362003 26413005 26643020 26658017 26662008 26854023
něhengetangken|1|26357012
něhengetangu|3|26412005 26722008 26856011
něhengke|12|25828007 26042016 26220011 27127030 27385008 27438010 27636045 27718026 27932025 29401006 30704002 30867012
něhengkẹen|1|27825019
něhinakang|9|24120012 25129020 25975007 26515021 26518010 27623027 27986014 30163040 30915006
něhino|1|25801023
něhipen|2|24135003 25795004
něhipeng|1|31042005
něhipẹen|1|27894007
něhiud'i|3|27503025 27615029 27695021
něhiude|1|27530013
něhiuden|1|27175003
něhiudě|1|27434037
něhukung|6|26392017 26738007 27342030 27390041 28017047 31014021
něhukungu|2|30392019 31020027
něhumpạu|1|31101004
něhundugě|1|28659021
něhědang|1|23844016
něhěgo|2|23629009 23756021
něhěkadě|1|24241005
něhěmbung|2|24546005 28864007
něhěnding|1|28166006
něhěndingken|1|30897005
něhěndingu|1|30905024
něhěngisě|3|31003028 31012013 31021014
něhěsạ|1|30946011
něhẹ̌puse|1|27492004
někakakempangke|1|25318027
někal᷊iomaneng|1|23485006
někawinge|1|28517020
někoạ|2|25538025 26107011
někědo|1|29340015
někěllạe|1|23410005
někětạeweng|1|25977006
někẹ̌kawing|3|23163022 28496005 28513005
někẹ̌koạ|1|30682008
někẹ̌kui|1|26093021
nělahe|10|25817004 26575005 27288033 27950021 28160017 28240013 29070025 29074003 29084010 30041006
nělahẹu|9|23690014 26063019 26107025 26786005 28056004 29723024 29748014 29820008 29928009
nělahěkụ|1|25609027
nělanda|1|25003009
nělandang|1|29776008
nělanging|4|25584010 29251005 29999016 30180027
nělanisě|1|25082011
nělaporu|1|27082027
nělekese|2|25127025 30843005
nělekesě|1|24265015
nělikụ|2|27837022 30773002
nělimadě|3|25790022 25928009 25929013
nělimbolong|1|30773003
nělingkạ|2|23222009 27421009
nělinsumagě|1|30715010
nělintụ|1|24873011
nělintụeng|1|27070034
nělinuhe|1|30806011
nělinuhě|6|24181017 27510002 30833026 30886005 30892031 30973013
něliun|1|27127003
něliung|3|29506024 29923016 30703034
něliwir'i|4|24962014 26974019 30118043 30502050
něliwiri|1|28811005
něliwirě|5|24476005 28028016 28119015 29116004 29164011
něliwuahě|1|26111008
něliwung|7|24157021 27220017 27711020 27804017 30772017 30863020 31066004
nělliung|1|29479004
nělohos'i|1|27385004
nělohọe|1|26103016
nělome|2|28042038 30225007
něluhen|6|23884019 23885020 26643012 28773016 30296024 30980004
něluheng|2|27346017 28773005
něluhẹem|1|27359008
něluhẹen|1|26906026
něluhudě|1|29240016
něluka|2|24644012 25763009
nělukadě|1|26772031
nělunggin|1|24873042
nělungging|2|24190023 24198013
něluntingih'u|1|27177018
něluntingihu|1|25982004
něluntingihě|8|24936002 25300010 26622003 27177007 27317005 30865016 30996006 30998008
nělurangken|1|25115029
něluạ|1|26635010
nělěbạe|1|23344005
nělěngkangken|1|25127015
nělěsọ|1|25961002
nělẹ̌kabe|1|30829007
nělẹ̌linuhě|1|30973018
němaehě|1|28511006
němahiạeng|1|27638011
němahětạeng|1|28939012
němahẹ̌tang|1|28944026
němalan|1|27957009
němal᷊ango|5|24461009 26281012 27668026 27911025 27912004
němal᷊iansang|1|27629009
němal᷊isě|1|30423009
němal᷊ui|2|26203014 28818006
němal᷊ěndihě|2|25105023 25270025
němanda|4|24534007 24610003 25240005 27718031
němandạ|8|24525003 27264003 27372014 27424031 27736004 30796003 30799018 30820004
němandạe|2|23789003 24612004
němangka|2|23860023 24027011
němangung|8|24247015 24566010 25195006 25196014 25201011 28421026 28421042 28423002
němansag'u|1|24637015
němansagě|2|24239016 25274008
němaringang|13|23535006 24092004 24788004 25312020 25432006 27334007 27363016 27482016 27543004 27639004 27697005 28568032 31064012
němaringangi|1|24541007
němaringangke|2|27208016 27753003
němasaěng|1|30424005
němate|16|24679012 24834007 26973022 27141022 27145013 27169041 27238018 27299028 27511024 27725026 28103010 29187012 29586005 30592020 30804029 31020033
němatụ|1|24456026
němekese|1|27257029
němetọ|1|27491020
němiah'i|1|28128022
němiahě|1|28128006
němihing|1|28416025
němile|24|27023006 27107016 27154032 27232014 27298010 27380005 27450033 27465032 27719017 28216003 28391006 28391021 28392004 28822016 29211009 29218018 29530012 29565015 29631004 29675031 29973021 29998008 30406013 30409024
němilạu|1|25767016
něminsul᷊u|1|24180008
němohang|1|27387011
němohe|15|24895007 24896003 24957008 27585021 27760004 28194004 29054006 29561007 29664038 29811007 29894008 29940031 30467012 30538025 30538031
němohẹu|1|28365078
němol᷊eng|1|26905028
němol᷊engke|2|24533014 26910010
němosọen|6|30957006 30958005 30959006 30963006 30965005 30967005
němosọeng|1|30972006
němou|1|24556019
němoěngu|1|26931008
němpahul᷊uasě|1|29946027
němpahul᷊ẹ̌ge|1|25635012
němpahumbisara|5|23680010 24681005 25869007 26600006 26956018
němpahumbisarang|1|24517008
němpahumbisarạ|2|25271022 25794013
němpahundal᷊eng|1|24894004
němpahunděnta|1|27915023
němpahuntal᷊ang|1|27511039
němpamaehě|1|30359004
němpamahiạe|1|23670032
němpamalan|1|27958008
němpamamědi|1|26858007
němpamanda|2|24197022 24379023
němpamandạe|1|23709004
němpamansagě|6|24153011 24840003 26826004 26832014 27614018 27620016
němpamate|6|23879014 23949028 23950013 25454022 27012003 28213005
němpamatungke|1|27869027
němpameru|3|24122014 24820029 26829018
němpamikung|1|27066006
němpamile|1|23588017
němpamilạ|1|24649003
němpamilạe|1|23835005
němpamilạem|1|25768011
němpamoso|1|25148016
němpamuko|1|25270008
němpamul᷊angeng|1|24159029
němpamurungke|1|27113006
němpamurěsi|1|27517015
němpamutusě|2|24819022 27465011
němpamuạ|1|25119006
němpaměbahě|1|24678014
němpamělli|3|24875019 26164010 28518021
němpaměllọ|1|25828012
němpaměnsạ|1|23491017
němpaměntul᷊u|1|27885015
němpanadiạe|1|24771025
němpanahowong|1|24838006
němpanakạ|2|24820011 25929003
němpaname|1|27615013
němpananingkasě|1|27429016
němpananoi|2|24148023 27126007
němpanarimạ|4|23802012 29146023 29146029 30212016
němpanarimạbeng|1|29146020
němpanawuh'u|1|23481040
němpanegelě|1|24196007
němpanelorě|1|30683008
němpanenggehě|1|24464040
němpanentangu|1|24805005
němpangakal᷊ě|1|23186012
němpangaku|1|23950004
němpangakung|1|24221016
němpangalape|1|25115005
němpangal᷊ạ|8|24310020 24437012 26441005 26513006 26594004 26849011 26866004 27242008
němpangane|1|30966005
němpangemongke|1|24136004
němpangikị|1|30965022
němpangimang|27|23859053 24885022 24887017 25259031 26107030 26196008 26360007 26412012 26413012 26524005 26569010 26592012 27027012 27109024 27329011 27416032 27436013 27448021 27452018 27528003 27536017 27588016 27685031 29581015 29751027 30021019 30481007
němpangimange|2|30018005 30515019
němpangimangke|1|26118022
němpangimangu|1|27189030
němpangindore|1|27044016
němpanginung|3|25679006 30978012 30997006
němpanginungke|1|24778026
němpangoka|2|24122008 24820014
němpangomol᷊en|1|24509023
němpangomol᷊eng|1|25319012
němpangomol᷊ě|1|23618011
němpangonggọen|1|26034005
němpangonggọu|1|23181032
němpanguhasě|2|24466018 30825033
němpangukahě|1|23181025
němpangul᷊uh'u|1|24265026
němpanguruise|1|24165005
němpanguruisen|1|24851004
němpangutang|1|25237007
němpangědu|2|24820005 24846012
němpangědọ|1|27697039
němpangěmmung|1|30358027
němpangěmpah'u|1|24649013
němpangěndung|1|30742015
němpangěndụ|1|23948015
němpangěntud'u|2|23664006 24602005
němpangěntuden|4|23362005 24112006 24559003 27665024
němpangěntudě|4|23234019 24248010 25104009 27910018
němpangěntungu|1|27434032
němpangěpisě|1|23547013
němpanipo|1|24284019
němpanokol᷊ě|1|24421006
němpanondang|2|23664017 27523015
němpanondạen|1|23382005
němpanontong|1|27414005
němpaněbọeng|1|23959016
němpaněgu|1|27868017
němpanělidu|1|29762020
němpaněnsingke|1|27174004
němpaněnsomahě|3|24010023 24554014 26202012
němpaněntang|4|23895013 24204006 26324009 30570011
němpaněntangken|2|24295005 27929009
němpaněntangkeng|1|23611025
němpaněntangu|6|23232005 24111023 24441009 26187006 26391012 27175017
němpaněntiro|1|27444010
němpanětạ|1|29106010
němpanẹ̌gon|1|25972010
němpanẹ̌gọen|1|24690004
němpanạdia|2|25878017 25992007
němpaul᷊ị|1|26570012
němpaul᷊ịe|1|25214006
němpěberang|1|30823003
němpědeạ|1|24659016
němpěgěllịu|1|24311022
němpěhabar'u|1|24207017
němpěhabaren|1|27368007
němpěhabaru|3|24894006 27170005 28711011
němpěhapa|1|24166005
němpěheang|1|27727018
němpěheghesě|1|23404022
němpěhukung|1|30361003
němpěhunụ|1|26804013
němpěhěgo|1|23879005
němpěhěkadě|1|23824006
němpěhěngkasewe|1|27506018
němpěhěsạ|1|27888006
němpělenga|2|29703005 29846004
němpělikosě|1|30677010
němpěliwung|1|23542005
němpěliwungke|1|27256024
němpělokongu|1|24159003
němpěluheng|3|24844004 25377041 30824012
němpělunggịen|1|26565004
němpěluntingihu|1|29762029
němpělutu|1|31013015
němpěluạe|1|24161007
němpěluạeng|1|24847007
němpělěbing|1|27179008
němpěmansage|1|27360006
němpěmaringang|1|26188006
němpěmaringangken|1|27584023
němpěmate|2|27169017 30361005
němpěmewẹen|1|27896025
němpěmihu|1|30539032
němpěmukọe|1|24362015
němpěmunara|2|29002026 29446020
němpěmundal᷊ě|1|27376009
němpěmutus'u|1|28331006
němpěměbahu|1|24846003
němpěmělli|1|24019008
němpěnadia|1|24074015
němpěnahowong|1|27505004
němpěname|4|23862006 26940035 27114024 27695017
němpěnampungu|2|23883012 27605010
němpěnarakang|3|24148015 24828033 27446030
němpěnarakangu|1|28088021
němpěnarimạ|3|26057006 27902014 28720025
němpěnawuh'u|1|25377045
němpěnawuheng|1|31013004
němpěndal᷊ingu|1|26105025
němpěndarangke|1|26804019
němpěndariha|1|23879012
němpěndekengke|1|24070023
němpěndikọ|1|24016006
němpěndingọ|1|27750013
němpěndohon|2|28796027 28797008
němpěndohong|1|29459014
němpěndohongbe|1|29056022
němpěneledu|1|30779031
němpěngaduhang|1|25938006
němpěngalakě|1|27815014
němpěngalipe|1|27728006
němpěngalo|1|30850020
němpěngal᷊ạ|4|23610008 26849028 26881019 27766011
němpěngal᷊ạe|1|26842014
němpěngalọ|1|27529030
němpěngampal᷊ě|1|24320013
němpěnggaghohaeng|1|27700015
němpěnggoghahě|1|28213009
němpěnggohaeng|1|30684034
němpěngindore|2|27747008 27748008
němpěnginung|2|28572012 28575030
němpěngomol᷊'i|1|30969024
němpěngomol᷊e|1|23671012
němpěnguruisě|1|26849005
němpěngědụe|1|24160003
němpěngěnsil'i|1|27765031
němpěngěntudě|1|23776003
němpěnulu|1|30891006
němpěněntangken|1|27925012
němpěněntangu|1|27101004
němpěněntani|1|23702015
němpěnẹ̌nenggehě|1|30931014
němpẹ̌baheaun|1|24859031
němpẹ̌bal᷊ị|2|24207013 27082024
němpẹ̌bal᷊ụ|1|27126013
němpẹ̌bangungke|1|24016004
němpẹ̌bansagě|2|24841014 25957004
němpẹ̌basa|2|24684006 26846005
němpẹ̌bawa|13|23680024 23834003 24012010 24157006 24515008 24828029 24996017 25126010 25520021 25704004 26789034 27766016 27812016
němpẹ̌bawadang|1|27426028
němpẹ̌bawal᷊uang|1|27048030
němpẹ̌bawawe|1|24012005
němpẹ̌bera|92|23413017 23414005 23478015 23479014 23513006 23528012 23567012 23613008 23646007 23711012 23777004 23949004 24046004 24090025 24136008 24171021 24177008 24243009 24310002 24311008 24321012 24362020 24396004 24410030 24446021 24501012 24517013 24672019 24688009 24786029 24825013 24856012 24987015 25086016 25100005 25129009 25134018 25138015 25141004 25149006 25212014 25245010 25270013 25314015 25315015 25421004 25424021 25550014 25757005 25770003 25771010 25782002 25801008 25819005 25914014 25935004 25938011 26015012 26015022 26026004 26116005 26199003 26300003 26318014 26344006 26354009 26360011 26369013 26439005 26449015 26450003 26457009 26464011 26502004 26503004 26506014 26536006 26561007 26756007 26834007 26847004 26893008 27238010 27353023 27542049 27552029 27599035 27685016 27694003 29081006 31004013 31008004
němpẹ̌berae|1|24116004
němpẹ̌berang|3|26355013 26581003 30351006
němpẹ̌berau|9|23576017 23631015 24529006 24529013 24529020 24565029 25229016 25230013 27115020
němpẹ̌berạ|10|24285005 24638020 25356017 25657003 25796021 25936004 26221007 26332009 26811011 27543016
němpẹ̌berạe|15|23492009 23568015 23773005 23843003 23865011 23889018 24017006 24184022 24253010 24365006 24443008 24989016 26404006 26560005 26580017
němpẹ̌biahě|3|23247004 30360004 31043069
němpẹ̌bingọ|1|25996007
němpẹ̌binsị|2|26724035 26774013
němpẹ̌bisara|3|26954012 26954020 27416020
němpẹ̌bisarạe|1|26850004
němpẹ̌bua|1|25093005
němpẹ̌buheang|2|25459016 27429030
němpẹ̌buạ|4|23548010 24440004 25268027 26025007
němpẹ̌běke|5|24438017 25312008 25338021 25520006 26208012
němpẹ̌běkem|1|23379008
němpẹ̌běken|1|24379007
němpẹ̌běkeng|4|25280015 26001007 26002004 27442026
němpẹ̌běkẹeng|2|24991012 27446021
němpẹ̌bẹ̌bera|1|23383004
němpẹ̌bẹ̌ke|1|25282008
němpẹ̌bẹ̌kẹen|1|26027010
němpẹ̌dahěmbung|2|24386014 24564010
němpẹ̌dalo|5|25134008 25212009 25732032 27685010 29082004
němpẹ̌dal᷊ahintau|5|23888008 24059003 24208004 24672013 24828022
němpẹ̌dal᷊ahurị|1|26850045
němpẹ̌dal᷊eng|1|24686037
němpẹ̌dal᷊engke|1|23179002
němpẹ̌dal᷊inaụ|9|23906011 24273017 24407021 24410027 24613003 25086009 25134006 25345005 27238004
němpẹ̌dal᷊inge|2|24045017 24197021
němpẹ̌dalọe|2|23388009 24273020
němpẹ̌darekeng|1|24028012
němpẹ̌darendehě|4|26146006 26310006 26372006 26501011
němpẹ̌dariahị|1|30834013
němpẹ̌daringihě|1|24221011
němpẹ̌darisị|3|27744014 27804016 27854013
němpẹ̌deạ|3|24252008 26282028 28209019
němpẹ̌deạbe|1|23873004
němpẹ̌dingang|1|27363021
němpẹ̌dohang|1|26469004
němpẹ̌dorong|7|23634004 23657014 23674017 24377004 24835006 25277006 25283008
němpẹ̌dorongke|2|23380017 25278018
němpẹ̌dosa|11|23749015 27975005 27975019 28064026 28068024 28068032 28069011 28221022 28232026 30551008 30552020
němpẹ̌děndilě|2|25259040 25291012
němpẹ̌děnta|11|23200007 23394009 24263004 24297025 24311005 25123015 25550009 25917019 26506006 26569006 27814007
němpẹ̌děsungke|1|26274009
němpẹ̌gaghighilě|2|27069011 28330009
němpẹ̌gahutụ|1|25739007
němpẹ̌galundung|1|26299006
němpẹ̌gausě|2|30340034 30341007
němpẹ̌gioewe|1|31021006
němpẹ̌golang|1|24403012
němpẹ̌gěllị|1|27910003
němpẹ̌habar'u|1|23610019
němpẹ̌habaru|2|24887006 27202007
němpẹ̌hanạ|1|25965016
němpẹ̌hapusě|1|24828025
němpẹ̌haung|1|25972008
němpẹ̌haungke|8|23550005 23657010 23720006 24072013 24128010 24380003 24567010 25314011
němpẹ̌heang|1|27530036
němpẹ̌hipe|1|27875007
němpẹ̌hunụe|1|27902021
němpẹ̌hěgo|1|27692039
němpẹ̌hěkosě|2|24879026 24882012
němpẹ̌kaiangke|1|24075012
němpẹ̌kakekeng|1|24420015
němpẹ̌kakereapa|2|26571010 27038017
němpẹ̌kakire|1|23504010
němpẹ̌kakělla|2|24446017 25281006
němpẹ̌kal᷊iaesě|1|26576021
němpẹ̌kal᷊iasě|1|27178029
němpẹ̌kal᷊imbuhung|1|27618011
němpẹ̌kal᷊iomaneng|2|27108019 30874024
němpẹ̌kal᷊iomanengke|1|23377006
němpẹ̌kal᷊iwo-woěngke|1|27695012
němpẹ̌kamonaěng|1|24448005
němpẹ̌kantarịeng|2|24781004 30950004
němpẹ̌kantarịu|1|24085005
němpẹ̌karadiahangke|1|27766005
němpẹ̌kawing|3|24697022 25679008 25813020
němpẹ̌kawinge|2|28498005 28516025
němpẹ̌kaěng|3|23619002 26284029 26289007
němpẹ̌kibal᷊o|3|23172003 24277026 26481015
němpẹ̌kinạ|1|31039022
němpẹ̌kiwal᷊o|6|23635016 23770004 24469011 24669003 24767021 26987016
němpẹ̌kiwal᷊ọ|1|26374019
němpẹ̌kiwal᷊ọe|2|23550007 25689004
němpẹ̌kiạ|1|24458004
němpẹ̌komol᷊ě|10|24438011 25931013 26025023 26887013 27008025 27028016 27455006 27497040 27917016 31037016
němpẹ̌koạ|15|23713021 23799036 24074005 24507044 24552014 25114004 25317005 25662009 26828004 26850054 27158025 27392006 27957003 28188010 30519004
němpẹ̌koạbe|3|23492020 29144026 29582007
němpẹ̌koạe|1|23833008
němpẹ̌kuị|2|24638013 27278004
němpẹ̌kuịe|1|23823024
němpẹ̌kědo|1|24766010
němpẹ̌kěmbuni|1|29086012
němpẹ̌kẹ̌konti|1|30932002
němpẹ̌langehě|2|24602028 24759007
němpẹ̌lintụ|1|27426024
němpẹ̌liwung|1|31048011
němpẹ̌luasě|1|24766004
němpẹ̌luhẹen|1|26828023
němpẹ̌lutu|1|23481038
němpẹ̌luạ|1|24158003
němpẹ̌lěbingu|1|27069022
němpẹ̌lẹ̌bạ|1|26275007
němpẹ̌name|1|24112003
němpẹ̌narimạ|1|26517025
němpẹ̌ndoloh'u|1|26361024
němpẹ̌pangaduhang|1|27770018
němpẹ̌papahiạ|1|24851007
němpẹ̌papahiạen|1|24165009
němpẹ̌papahiạu|1|26850042
němpẹ̌papandạ|1|26653003
němpẹ̌paparingang|1|27595048
němpẹ̌parenta|2|30988014 31043072
němpẹ̌pědu|4|23776024 23842008 24760024 25728006
němpẹ̌sahiding|2|24812008 27175014
němpẹ̌saka|1|26579016
němpẹ̌sake|4|24511008 26275004 26282019 26902028
němpẹ̌salu|2|27747011 27756028
němpẹ̌sal᷊a|3|28222005 28928040 29784003
němpẹ̌sal᷊aị|1|28575032
němpẹ̌sal᷊iawuhě|2|27096038 31048005
němpẹ̌sangị|1|31013017
němpẹ̌sasahawụ|1|24990004
němpẹ̌sasinggata|1|23852024
němpẹ̌sasěsilě|1|29854005
němpẹ̌simbah'u|1|23514009
němpẹ̌simbahě|2|26430004 30794005
němpẹ̌simbang|12|23800003 23826004 23868003 24053005 24121011 24134022 24573004 26349004 26375004 26515004 26532003 26816003
němpẹ̌simbangke|1|24155004
němpẹ̌simbangu|1|26833004
němpẹ̌sohọ|2|26792017 27734013
němpẹ̌sohọe|1|23888006
němpẹ̌sombang|1|27029003
němpẹ̌sombangu|1|26197007
němpẹ̌songkangke|1|23566009
němpẹ̌songọe|1|23567004
němpẹ̌sowa|1|28792017
němpẹ̌suba|8|23631010 24205021 24213010 24846016 26044004 30779018 30794012 31022019
němpẹ̌subạe|1|23181021
němpẹ̌sul᷊e|9|24438008 24887004 24994004 25013018 25017008 26025009 26044009 27046008 27671019
němpẹ̌sundal᷊ě|2|30978004 30997013
němpẹ̌suě|1|24378016
němpẹ̌sěding|1|27616017
němpẹ̌sěmpị|1|23878008
němpẹ̌sěmạeng|1|24162006
němpẹ̌sẹ̌bạ|1|24995013
němpẹ̌tabeạ|1|24845005
němpẹ̌taghunalang|1|24161002
němpẹ̌taghunalangken|1|24159033
němpẹ̌taghunalangu|1|24847002
němpẹ̌taho|1|24718006
němpẹ̌tako|1|24209016
němpẹ̌tal᷊ang|2|24378023 24882010
němpẹ̌tal᷊eing|1|25208036
němpẹ̌tal᷊ipurung|1|24590027
němpẹ̌tamai|1|26339007
němpẹ̌tamaịe|2|23798004 23833006
němpẹ̌tampung|10|23542004 23907021 24058013 24112026 24263007 24590026 27050012 27072031 27618036 28796021
němpẹ̌tampungke|1|24249006
němpẹ̌tangkiang|2|23221010 30409010
němpẹ̌tanạ|5|23898008 25306006 26108020 26955015 27418007
němpẹ̌tatumẹ̌gal᷊ě|1|28186016
němpẹ̌tingang|1|25222006
němpẹ̌tiụ|1|30841030
němpẹ̌tobatě|9|23204011 23481032 23531023 25034011 25377035 25438021 27590017 27844012 27844035
němpẹ̌tol᷊e|11|23230007 23827025 24236029 24389011 25991004 26600022 26907004 27097019 27661019 30236003 30516017
němpẹ̌tuhụ|1|25313011
němpẹ̌tul᷊ung|1|24868010
němpẹ̌těngkal᷊aụ|1|29086026
němpẹ̌těngkasanạe|1|23181019
němpẹ̌těngkasarakang|1|28792027
němpẹ̌těngkasumage|1|30788023
němpẹ̌těngkasumagě|5|30779009 30794011 30822022 30889020 31022017
němpẹ̌těngkasusịen|1|27691017
němpẹ̌tẹ̌tahamawu|1|26415015
němpạnarimạu|1|31043055
němuka|1|27442032
němukul᷊ewe|1|27871002
němul᷊aho|1|27162022
němul᷊angeng|5|24256014 25906014 27177005 27257011 27670047
němul᷊angengke|2|27663010 29266006
němunara|3|28346010 29226006 30737039
němundal᷊e|2|27576026 27666042
němundal᷊ě|3|27495010 27633010 27672005
němungkalang|1|25364009
němuni|2|24027016 27063026
němuning|1|24034008
němurẹ̌si|1|25240037
němurụ|1|27494023
němutusu|3|26973007 27630032 27822034
němutusě|4|27477005 27643004 28950029 29216017
něměka|6|30795008 30797006 30799005 30801006 30803006 30806007
němělli|3|25572018 25573008 28488004
něnadiang|3|25240027 27518012 28402014
něnaghuang|2|25757010 30638016
něnahabě|1|31048026
něnahani|17|23199010 23852003 24221023 24225016 25784004 26143021 26144011 26158010 26522016 26929006 26945046 27215023 27324014 27590007 28378005 28379008 28380011
něnahanị|1|23208025
něnahionge|1|27358023
něnahowongke|1|27692033
něnahungkụ|1|27834022
něnahusu|1|30905019
něnakạ|1|27374037
něnal᷊amat'i|1|30698006
něnal᷊iawuh'u|1|24945007
něnal᷊udě|2|28159015 28899012
něnal᷊ukạ|4|23207004 27491008 27776007 29589014
něnamba|1|25088004
něnambang|1|25046006
něnambusu|1|30127009
něname|9|24105017 24677006 24801009 25919003 26402027 27026004 27503018 27575004 31041004
něnampungke|1|27611006
něnampungken|1|27628012
něnantu|2|27051022 27409038
něnantạ|1|25234016
něnanẹ̌sui|2|27087014 28405015
něnapuạ|1|31015007
něnarakang|14|24031017 24132012 26500009 26766029 26821011 26837031 26997025 27462020 27483018 27768021 30092036 30092046 30190007 30315022
něnarakangke|1|25211013
něnarakangu|20|24029011 24029018 24134010 24837009 26137013 26156008 26496031 26499007 26634010 27469008 28628028 29422012 29723007 29923004 30120028 30144011 30146007 30423025 31052006 31052018
něnarimạ|29|23560014 24139012 24340015 24411032 24576013 24576030 26056010 26279007 26661004 26853017 27155033 27191012 27451017 27531005 27907020 28140020 28284031 28513014 28554011 28823007 29130014 29461003 29956023 30073023 30177032 30317020 30319023 30571007 30635012
něnarimạbe|1|25259015
něnarimạbeng|1|30204023
něnarimạu|11|23426021 24025004 24027004 24031004 24044026 24576019 24576025 26254011 29105012 29567021 30244027
něnasa|3|25438030 27406030 27686032
něnata|1|27225021
něnawong|3|25960004 28458022 31020009
něnawuhu|2|27088029 28552005
něnawụ|1|24106010
něndal᷊aị|2|24799002 27169039
něndal᷊engkeng|1|27081035
něndal᷊engu|1|29108024
něndal᷊ingu|1|26636005
něndarang|1|26804027
něndarisịu|2|24675045 27164005
něndenọe|1|26641003
něndesọ|3|24993005 25261013 26106028
něndiadi|20|23767020 24595009 24595016 24737017 27047026 27167006 27430047 27548003 27951006 28246004 28534015 29966019 29974014 29986014 29988005 30018053 30528014 30780022 30868012 30934027
něndiahing|5|27680012 28967003 28967008 30139029 30189038
něndikọ|1|24345010
něndingọ|3|27337023 27644005 29962014
něndingọen|1|27131005
něndoho|1|27466007
něndohom|1|28796006
něndohon|3|29557008 29939008 30479014
něndohong|5|27389021 28360027 29465013 30659012 30673030
něndohọen|1|28360003
něndoloh'i|15|24218020 24259004 25090008 25304005 25365012 25943014 25951011 26716014 27247018 27268012 27282029 27534009 29360005 29593027 29596005
něndoloh'u|35|23458019 23462015 23673005 24298008 24428006 24913017 25311008 25314024 25350035 25790009 26078012 26138005 26191013 26235015 26241031 26247026 26296017 26297006 26302010 26315006 26345014 26357042 26358018 26362028 26398019 26400015 26424039 26566030 26625023 26626010 26630012 26768040 27320006 27519010 29970006
něndolohen|7|24405010 24768004 25215002 27129014 27191022 27330017 27793004
něndolohi|5|28451007 29551002 29883003 29936005 30669066
něndolohu|28|25746016 26064005 26234029 26244004 26248006 27081049 27255028 27293007 27341023 27349025 27357004 27378016 27554014 27560036 27608004 27737010 27745024 27757023 28381003 28951008 29022017 29041011 29491003 29593004 30613010 30614021 31087027 31097007
něndolohě|1|26347018
něndul᷊ung|1|25084005
něnduị|6|25474007 27144018 27152021 29821007 30036008 30036019
něnduịu|1|25398026
něndědasě|1|30143022
něnděmmasu|1|25338016
něnděmme|1|24639005
něnděmmẹu|1|28211006
něndẹ̌dasem|1|29509022
něndẹ̌dasě|1|29509002
něnenggehe|1|24257009
něngahạ|7|24228007 25001005 27157036 27517011 27700004 27716013 30102017
něngahạe|1|25069003
něngahạen|1|27518005
něngakal᷊ě|1|28103008
něngaku|3|26065003 29091013 29801032
něngakung|2|30720039 30738019
něngakuwen|1|27980014
něngakụen|1|24398022
něngalembo|12|23469016 25039007 25634014 27409002 27584033 27781008 27823028 28553017 28691018 29419029 29955013 29960029
něngalembom|1|28495002
něngalembon|2|23385002 26713003
něngalembong|20|23824022 23863008 25042024 27535005 28552026 28851012 29228005 29387023 29430022 29481021 29979008 30080006 30084023 30091039 30099032 30199005 30237020 30344012 30382028 30521037
něngalembọ|4|27230013 29382026 29426029 29903007
něngalembọete|1|29955031
něngalembọewe|1|30500002
něngal᷊amatě|10|23778013 24605022 25008003 26042020 27331013 29210014 30066032 30071021 30072016 30194012
něngal᷊amatẹ̌be|1|30366028
něngal᷊embom|1|30672011
něngal᷊i|1|25195008
něngal᷊iaesě|1|24945011
něngal᷊imona|3|24203024 27632003 27640011
něngal᷊ing|5|26883040 27119023 27121011 27357031 30594014
něngal᷊ingke|1|26617029
něngal᷊ạ|19|24137008 24178007 24273006 24449005 24575005 24863008 25884005 26657021 26864043 26912008 27086011 27086021 27138015 27676007 27891007 30125017 30513026 30787009 30833005
něngal᷊ạe|8|24154021 24339028 24777008 26269005 28113003 28147029 28624030 28626006
něngambang|5|27762026 28394047 29571027 29865038 29929003
něngambesu|1|30946005
něngampal᷊ě|4|25077019 27632009 27814012 30060003
něngampung|2|28729021 29508030
něngangangompengke|1|24507026
něngangempang|1|24521005
něngangempangke|2|24081017 27891024
něngangiọ|1|27345020
něngangompeng|1|24777018
něnganoạ|1|28053021
něngapelě|1|27818006
něngaresě|1|27508010
něngasa|1|27511021
něngasị|1|24035035
něngasịu|1|24327006
něngatorě|2|27640028 29615021
něngawasa|1|28109012
něngaweng|1|27797007
něnggaghinggọ|1|24242006
něnggaghohaeng|1|27504028
něnggal᷊isị|1|29860007
něnggeang|2|23565018 26273021
něnggeangke|1|23593013
něnggeangken|1|23576005
něnggohaeng|1|25955005
něnggohaengke|1|27529024
něnggolang|1|28540019
něnggonggọ|1|30481023
něnggạ|3|28063034 28551031 30995017
něnggạe|6|26267015 28065018 28066007 28066022 28123007 28618016
něnggạeng|1|29662018
něngiki|1|27903031
něngikị|2|27346020 27676016
něngindore|1|30423021
něngingkạe|1|23192040
něnginung|2|23479010 25545012
něngiolabě|1|24014012
něngkadiri|1|23876018
něngkagholang|1|29862023
něngkaghěngging|1|31055015
něngkaherang|8|23345013 23373005 23513004 23847013 24243005 26344004 26350014 27009016
něngkaherangke|1|23413015
něngkahondosě|1|30807003
něngkahutung|1|25168005
něngkahědạ|1|29716028
něngkailang|2|23424009 29529009
něngkairị|6|29617020 29618028 29619033 29620033 30088017 30527024
něngkakalạ|4|28942036 30997020 31009005 31013039
něngkakoạ|19|23467021 24511011 24876014 25358005 26143008 26164007 26282025 26570006 26590015 26599006 26601004 27081014 27129024 27328015 27604004 27749003 28164007 30321019 30969015
něngkalolang|1|23546010
něngkal᷊aedě|8|23618006 23671007 24450006 24509005 25319007 26270003 26284032 27894004
něngkal᷊amuhụ|1|30696035
něngkal᷊enehě|1|27248009
něngkal᷊umu|2|23555007 27927008
něngkal᷊unusě|2|24286030 25150021
něngkal᷊ěmisě|1|23378034
něngkal᷊ěmmisě|1|25279029
něngkanawo|1|29860017
něngkaobotě|1|28452007
něngkapal᷊idě|7|23658016 25742008 29703010 29779008 30425007 30516013 30519022
něngkapande|1|28529023
něngkapate|2|30013027 30958021
něngkapaten|1|30886020
něngkapene|2|27408013 27415009
něngkapia|3|23665015 24464042 25165027
něngkapuko|1|25334012
něngkapul᷊e|7|23182021 24989008 25859016 25992005 26382005 26878008 27132020
něngkapěndụ|1|30721016
něngkaral᷊ingu|1|25271018
něngkararirihě|1|26192023
něngkarěmmase|1|27455002
něngkarěmmasě|3|24293034 27224008 27705022
něngkarěndung|1|27952032
něngkarěntạe|1|24020008
něngkasaghedě|1|23488008
něngkasangkong|1|30408014
něngkasingkạ|1|29751029
něngkasumagě|1|23707015
něngkasusa|5|23724017 23759012 24077007 24774009 26733008
něngkatakụ|22|23372005 23624021 23707013 24184011 24380031 24621027 24882014 24959005 25212005 25271020 25281044 25336015 25997003 26029005 26030008 27065022 27071016 27084024 27522034 27603020 30884035 30886029
něngkatakụe|3|23388007 24365004 26277026
něngkatanạ|2|25432029 26084026
něngkate|2|23190012 28576021
něngkateng|1|28577021
něngkatope|3|24182003 27510016 27511016
něngkatětị|1|27614012
něngkaul᷊e|1|25666025
něngkawal᷊ị|6|25206006 25312005 26001002 26015010 26184009 27069026
něngkawal᷊ịbe|1|25381007
něngkawatang|3|26792020 27838006 30986009
něngkawintogě|3|24200007 24458019 24983021
něngkawul᷊usě|1|24378034
něngkawunsal᷊ě|1|24378030
něngkawěhạ|1|23488010
něngkaěnsu|1|29510018
něngkiwukang|1|30978010
něngkạherang|1|27007024
něngoka|1|27144004
něngomol᷊'i|1|31047023
něngomol᷊em|1|24190004
něngomol᷊en|1|25949003
něngomol᷊eng|1|27442007
něngomol᷊ě|1|26271004
něngondọeng|1|27792013
něngonggọ|18|26912014 27091006 27127013 27384012 27432017 27451026 27662008 27710025 27865032 28040023 28487026 29378020 29612017 29689012 29973025 30378022 30617006 30636009
něngonggọi|1|29229011
něngonggọu|15|27298016 27383022 29091017 29220030 29254014 29259004 29281022 29305023 29605009 29711012 29802020 29806029 30069025 30954009 31087020
něngongke|2|26452009 26454009
něngoro|16|25111012 25216015 26222010 27234036 27257003 27302004 27476018 27699039 27770029 27794021 27803027 27899020 28557018 29007012 29089026 30201010
něngoron|1|25728008
něngorọ|1|30945022
něngukahu|1|27457013
něngukahě|1|25399004
něngul᷊uh'i|1|27242012
něngul᷊uhen|1|27884004
něngul᷊uheng|1|27886014
něngul᷊uhě|2|23503016 25157017
něngumbele|4|27004005 27225018 27754003 29091027
něngumpaede|1|27258005
něngumpaedě|4|24524004 24566005 25121005 25300005
něnguruis'i|1|27033045
něnguruisě|2|26973031 27299026
něnguserě|1|25217009
něngutang|2|23752010 25237014
něngědo|2|27679012 29044037
něngědu|1|24524019
něngěndung|1|30039013
něngěnggahu|1|30865004
něngěnna|1|27694025
něngěnnau|1|27101014
něngěnsil'i|1|27772010
něngěnsue|1|25619006
něngěnsuẹeng|1|25400005
něniatạ|1|27581011
něnida|3|27379008 27705016 27780004
něnidang|1|27355003
něnidạ|1|26655006
něnidạeng|1|27619026
něnihasa|1|24848006
něnihasạen|1|24162015
něnilakeh'i|1|27410016
něnilakehu|2|28663011 30022005
něnilakehě|2|27550021 28555006
něnimbạ|1|26164019
něningkasě|1|24818005
něniụ|1|26890005
něnode|8|27300013 27451013 29920005 30114008 30902026 31064021 31087029 31089027
něnogor'u|1|24436021
něnokol᷊i|1|27574005
něnokol᷊u|2|24564014 24883026
něnonda|2|27538010 27670032
něnondan|1|27446004
něnontongu|1|27564016
něnope|1|30755031
něnotě|5|25232008 25235005 25443009 25563005 25570017
něnualagu|3|27516006 27811011 29084026
něnualagě|2|26990005 27312005
něnuhud'i|1|27144009
něnukạ|1|31070014
něnukụ|1|29230011
něnul᷊ada|1|26646002
něnul᷊ẹeng|1|24133018
něnul᷊ěntang|1|30065004
něnunaten|1|27125025
něnunatě|1|27487013
něnuntụ|1|28897023
něnuratě|2|28829003 30565015
něněkạ|1|30705019
něnělid'u|1|25104025
něněntang|2|27409056 30570045
něněntangu|1|28185013
něnětạ|1|23801019
něnẹ̌nialan|1|30814020
něnẹ̌pasu|1|27767008
něnạdian|1|30518020
něnịdan|1|24916019
něpake|1|27911032
něpakẹeng|1|29215018
něpapanganghidě|1|25427006
něpětịe|1|25211004
něpẹ̌tịe|1|26392004
něral᷊ahintau|1|27468007
něsal᷊a|2|23806015 28438025
něsěbạ|1|25160023
něsẹ̌sal᷊a|1|30322016
něsẹ̌sěbạ|2|30079018 30205020
nětanạ|1|27565008
nětimona|1|26275010
nětěngkaghea|2|25312027 25396022
nětěngkasilo|1|25310009
nětěngkasumagě|1|26044003
nětẹ̌těngon|1|27813023
nẹ̌baheaun|3|25635013 25971011 25972004
nẹ̌bal᷊ikěkasě|1|24178005
nẹ̌bal᷊ui|6|23703008 24541028 25331009 27906038 29044034 30958014
nẹ̌bal᷊ị|4|23715008 27767018 27787011 29083008
nẹ̌bal᷊ịe|1|24095005
nẹ̌bal᷊ụ|5|23586017 25602012 26105008 27061015 30229023
nẹ̌bal᷊ụen|1|23584032
nẹ̌bangung|31|23361011 23387004 23600017 24182011 24183010 24194028 24202009 24203013 24251006 24407005 24566014 24880028 24883004 25103025 25133005 25301017 25310022 25321031 25998009 26004004 26553008 26555012 26945015 27251022 27256005 27283014 27345026 28078009 28225031 30446056 30884025
nẹ̌bangungke|4|23191003 23405022 27235023 27435012
nẹ̌bansagě|1|26567006
nẹ̌banua|2|29269025 29504007
nẹ̌barauntu|2|23743034 27826011
nẹ̌batụ|4|23182023 23765003 25919015 26269033
nẹ̌batụe|1|25602025
nẹ̌bawa|23|23191006 23678019 24062012 24132007 24436005 24758028 25001020 25233028 25767005 25937007 25950007 25993011 26042005 26190011 26789010 26802022 27114028 27836008 28449044 29083014 30118020 30118034 30979013
nẹ̌bawako|1|26385011
nẹ̌bawal᷊ikẹ̌kasě|1|27256004
nẹ̌bawal᷊uang|2|27171019 30909003
nẹ̌bawilowoi|1|30999006
nẹ̌bawạ|2|26839010 30953005
nẹ̌bawạe|2|24497003 26104020
nẹ̌bengelě|2|23555011 27168018
nẹ̌bera|374|23183019 23200033 23213005 23219003 23348017 23398028 23402013 23503005 23539010 23602007 23606007 23676007 23680016 23695011 23696006 23705004 23716002 23855029 23857012 23916026 24080009 24104014 24116008 24117007 24118012 24123002 24124016 24126017 24128014 24129007 24148003 24193002 24193019 24194020 24201003 24209002 24214007 24256016 24257013 24268005 24288005 24292003 24294022 24373003 24404007 24422023 24424009 24433011 24517016 24525008 24534011 24544005 24577004 24617004 24624014 24710011 24719011 24792014 24800012 24813007 24822016 24824010 24826008 24862007 24880003 24882018 24907005 24919003 24922007 24924004 24932005 24940003 24954005 24961020 24984004 25008007 25033013 25033024 25042007 25211008 25216011 25266004 25274015 25291016 25295015 25309019 25310004 25310012 25311005 25335014 25335044 25359010 25361015 25363005 25399016 25404016 25407019 25433013 25451006 25455008 25473007 25478009 25571018 25572012 25573004 25574005 25575017 25576004 25577003 25595015 25598017 25601003 25606007 25623007 25626017 25627011 25628005 25628025 25652004 25717004 25737012 25739010 25748005 25750005 25751006 25752006 25754003 25756004 25765010 25822005 25825010 25876009 25921022 25922007 25923010 25924009 25950002 25958008 25964008 25971014 25973002 25975012 25976006 25978004 25983017 25997013 26028013 26074014 26078020 26081011 26086014 26090007 26095010 26101006 26106002 26123011 26128005 26147008 26149008 26182003 26185015 26229037 26266018 26272013 26299013 26300022 26379022 26386002 26389010 26392006 26404018 26406004 26437016 26450024 26463007 26465011 26467005 26469008 26518013 26535011 26540006 26552004 26556022 26565015 26567002 26573012 26585016 26587003 26602007 26610020 26615004 26637008 26677005 26744019 26803008 26808014 26812015 26817003 26823018 26824019 26830009 26832024 26836004 26840018 26847018 26852015 26870015 26882002 26884015 26896004 26906006 26922022 26963009 26964019 26964029 26981030 26984012 26984016 27001014 27003004 27019006 27025009 27039003 27068004 27069004 27079022 27088003 27104017 27116008 27120002 27125002 27144014 27154008 27157003 27196002 27214003 27251003 27257023 27264014 27273005 27281007 27286012 27291009 27294004 27306019 27311003 27312019 27315006 27321019 27323006 27326022 27346005 27346028 27349014 27355030 27373002 27379012 27425007 27448013 27450013 27456008 27479008 27499019 27502024 27504017 27514009 27520012 27521004 27542016 27542035 27546016 27556022 27564028 27572009 27579013 27579029 27590004 27601005 27611020 27612020 27621013 27637020 27665009 27676022 27702010 27705035 27712013 27718013 27719005 27724003 27726005 27730014 27731012 27733004 27736011 27737004 27739007 27741031 27742004 27746013 27749016 27752009 27753011 27757003 27758013 27795025 27805007 27809008 27819004 27821004 27825004 27856004 27877020 27880003 27889016 27906044 27917021 27921004 27928005 27929004 28000030 28029037 28183003 28185004 28195018 28205012 28208019 28209009 28210007 28212040 28376022 28480003 28481004 28626011 28650004 28818041 28846004 28959020 28960037 29001003 29067005 29096014 29434004 29905009 30141004 30164026 30573008 30682042 30709003 30715026 30779041 30785007 30797015 30799014 30801017 30814003 30855004 30866017 30868022 30870013 30871027 30940007 30960007 30962007 30972022 30977016 30991004 31015021 31027004 31028014 31063024 31087004 31090005 31091004
nẹ̌berako|1|31027023
nẹ̌berang|3|24081010 27891002 27925019
nẹ̌berau|12|23534005 24173008 24319008 24431014 25351003 28219004 28415012 28625015 30624003 30641080 30687018 30795024
nẹ̌berạ|19|25235013 25526004 25740009 25793005 25940005 26263021 26319014 26434005 26674004 26831018 26883030 27063005 27095005 27201004 27211004 27738004 27770004 27887005 30825013
nẹ̌berạe|43|23165023 23190003 23200023 23207010 23216003 23365010 23367005 23537006 23600005 23626005 23784003 23789007 23790004 23791003 23801006 23809004 23846029 24031012 24033011 24070003 24120009 24134003 24143005 24335004 24363008 24430024 24706005 24818008 24866018 25022010 25067002 25073019 25112010 25116016 25155012 26068003 26099008 26164023 26640004 26939027 27213014 27288005 27345031
nẹ̌berạete|1|27275004
nẹ̌berạewe|1|24839004
nẹ̌berạu|1|28376032
nẹ̌biahě|49|23465020 23949009 24422030 24424031 24885010 25218035 25309026 25613008 25621019 26026010 26315011 27025017 27056011 27258033 27828023 27829025 28049018 28083012 28101015 28126005 28126011 28290006 28723004 28724011 28731010 28732015 28733008 28754021 28763014 28839020 29048020 29136017 29228031 29228037 29242037 29618010 29836021 30556023 30557007 30586004 30617020 30617029 30619013 30619022 30726022 30780036 30984006 30984067 30987011
nẹ̌bihu|10|24395017 24534005 25205008 25387004 25926003 25964004 26083003 26884009 26919005 27502022
nẹ̌bihụ|1|30710003
nẹ̌bihụe|3|23402007 23696004 26882006
nẹ̌biling|1|25357003
nẹ̌bilingke|1|25579010
nẹ̌bimbong|2|25309014 28043008
nẹ̌bingọ|2|24906009 27084018
nẹ̌bisara|5|24675007 26802015 27212007 27705008 27705027
nẹ̌bisaran|2|25313020 27244034
nẹ̌bisarang|1|26927034
nẹ̌boang|1|25681015
nẹ̌boangke|1|26860016
nẹ̌bua|5|24331021 25254012 27642007 27914021 30081016
nẹ̌buku|1|31070004
nẹ̌bungang|1|25487006
nẹ̌buạ|30|23206006 23399008 24275037 24978005 25080025 25136005 25155028 25389007 25544006 25609005 26280028 26339016 27367013 27367021 27473008 27483008 27524030 27638029 27640009 27641016 27666021 27667018 27673005 27680017 27858012 27858038 27911008 28039005 28295016 30181031
nẹ̌buạe|2|23389034 24117005
nẹ̌běke|9|23564003 24333002 24385007 25293022 27244017 27268003 27321006 27355012 27684009
nẹ̌běkem|3|25254018 25476004 25592005
nẹ̌běken|8|23573003 24312010 25144004 25525005 25743012 25856004 26488003 27457004
nẹ̌běkeng|3|23571003 25698004 27046018
nẹ̌běkẹeng|1|27442014
nẹ̌dalo|5|24958009 25012010 25532019 25629010 30886037
nẹ̌dal᷊ahabar'u|1|23411007
nẹ̌dal᷊ahapị|1|25948017
nẹ̌dal᷊ahikingu|1|25010025
nẹ̌dal᷊ahintau|2|24295009 27809002
nẹ̌dal᷊ahipen|1|27905006
nẹ̌dal᷊aụ|2|24204024 30949010
nẹ̌dal᷊ewang|1|24814007
nẹ̌dalọ|1|25002013
nẹ̌darae|1|26953010
nẹ̌darakị|1|28065007
nẹ̌daral᷊eng|1|26330005
nẹ̌darekeng|1|23752005
nẹ̌darendehě|3|24512014 27482006 27742014
nẹ̌dariahi|3|25507009 27204005 27494011
nẹ̌darěke|1|29845005
nẹ̌deạ|8|23878021 25871008 26086006 26204010 26476018 26870005 27215016 27355052
nẹ̌dingang|1|27631008
nẹ̌dingangu|1|27771019
nẹ̌dorong|11|24188008 24869050 25284009 25342004 25572009 27163009 27331026 27384005 27753021 27818005 27822023
nẹ̌dorongke|4|24383014 24957003 27513004 27523004
nẹ̌dosa|8|23743005 24134007 25607013 25610009 26443023 28015005 30355019 30584003
nẹ̌dumating|1|28950031
nẹ̌dung|1|25729003
nẹ̌děhing|1|27927013
nẹ̌děndilu|1|25899020
nẹ̌děndilě|4|24127006 24823005 24825005 25922004
nẹ̌děndil᷊ě|1|24125004
nẹ̌dẹ̌dorong|1|23291018
nẹ̌gaghal᷊ědụ|1|30866006
nẹ̌gaghelar'u|1|24752021
nẹ̌gagholọ|1|25602027
nẹ̌ganohạ|2|27695007 27744002
nẹ̌gul᷊ewasu|1|27816004
nẹ̌gěllị|4|23419013 27628017 27684002 28069019
nẹ̌gěllịeng|2|27580011 30373015
nẹ̌gěllịu|12|23182005 23850046 24416003 24963003 25782023 26348006 26926025 27112016 28498017 29214015 30067004 30913012
nẹ̌hanạ|1|29159015
nẹ̌hengetang|1|26201005
nẹ̌kakal᷊iu|1|25606004
nẹ̌kakal᷊ěkad'u|1|23755005
nẹ̌kakal᷊ẹ̌kaden|2|25397019 25609022
nẹ̌kakanoạ|3|24935015 24938014 27077016
nẹ̌kakeke|1|24244008
nẹ̌kakeken|1|24896024
nẹ̌kakiwal᷊o|1|26744010
nẹ̌kakiwal᷊oe|1|24615013
nẹ̌kakuwal᷊ị|1|27276004
nẹ̌kakěllạe|1|23467027
nẹ̌kalulu|1|27870017
nẹ̌kal᷊iomaneng|27|23621013 24094014 24097006 24099010 24251021 24490002 24777011 24778011 24790011 25124006 25330020 25700008 25897005 25906016 25910002 25970004 26787005 26948004 27257014 27366004 27663017 27670049 27781021 27908028 30038011 30194022 30373006
nẹ̌kal᷊iomanengke|1|27047013
nẹ̌kal᷊iomanengken|1|27192010
nẹ̌kal᷊iomanengu|1|24794005
nẹ̌kal᷊itota|1|26276006
nẹ̌kapapuěng|2|24425035 28456020
nẹ̌karadiahang|8|25385012 27304012 28642005 28892005 29405004 29495024 29669007 31064006
nẹ̌karadiahangke|2|24935022 26658010
nẹ̌karadiahangu|1|26679044
nẹ̌katạ|4|27473002 27666004 27671006 28838023
nẹ̌katạeng|1|27628026
nẹ̌katạu|1|24454003
nẹ̌kawasa|4|27063015 27592014 28112018 29350031
nẹ̌kawing|11|23169018 23772016 23775006 23775030 23898012 24694008 25809009 25810003 26175006 28526004 28526012
nẹ̌kawinge|6|28489015 28498029 28515006 28516006 28522041 28527005
nẹ̌kawingu|3|24695004 28501008 28525030
nẹ̌kilạ|2|30833023 30892021
nẹ̌kiwal᷊o|1|25888006
nẹ̌kiạ|5|24176008 24180005 24563006 24861008 27512006
nẹ̌kiạe|1|25727005
nẹ̌kiạen|1|30804003
nẹ̌komol᷊ě|6|23810019 24157020 24502011 24835004 26928007 27449008
nẹ̌koạ|81|23224004 23341014 23598006 23601020 23798020 24065021 24425017 24761018 24763006 25022018 25446011 25456004 25506022 25507013 25782016 25789014 25951021 26111003 26234003 26514014 26571030 26588013 26599019 26912021 27030032 27032010 27062020 27064026 27158007 27341017 27399013 27430006 27472044 27487018 27526037 27529017 27551004 27703010 27802024 27855014 27919022 28064015 28121004 28160024 28176029 28400002 28458039 28486023 28516019 28525006 28897020 28925012 28962024 28997030 29046009 29108009 29108019 29116012 29117003 29171004 29215003 29245030 29331003 29486029 29488010 29543004 29774007 29774035 29885007 29929012 29974020 29982011 30106009 30122014 30123010 30144005 30298008 30422004 30443026 30922004 31038012
nẹ̌koạbe|3|27764006 27918020 27977027
nẹ̌koạe|1|23169007
nẹ̌koạewe|1|24211009
nẹ̌koạko|1|25137006
nẹ̌kui|29|23231035 24574007 25705004 25745006 26465005 26552009 26598009 26819008 27041005 27735026 27753017 27838014 28147005 28373012 28390015 29073016 29171010 29583036 29611005 29646006 29661034 29801025 30390014 30409028 30421009 30434022 30476039 30483026 30813026
nẹ̌kuing|1|29676006
nẹ̌kurate|1|24513003
nẹ̌kuị|6|24535005 27258015 27267011 27473015 27752004 27758005
nẹ̌kuịewen|1|25728015
nẹ̌kědo|12|23605004 24431004 24967011 25870006 26980005 27122033 27688014 28036020 29121019 30058005 30059007 30239015
nẹ̌kědou|1|30527006
nẹ̌kělla|8|25218019 26448027 26452037 26456013 26456031 26460015 26466030 26467021
nẹ̌kěmbuni|1|26441016
nẹ̌kětạ|2|25144034 26813009
nẹ̌kẹ̌do|1|28036003
nẹ̌kẹ̌kawing|2|28515021 28517026
nẹ̌kẹ̌koạ|3|26422020 26724015 27805011
nẹ̌naungang|1|29438005
nẹ̌naungengkong|1|29451006
nẹ̌nětạ|1|30988013
nẹ̌padul᷊i|2|29774014 30215020
nẹ̌pake|9|23543007 26831006 27048011 27142013 28396027 28606021 28839025 30483004 30711015
nẹ̌pakẹu|7|28423007 28423010 28423013 28423018 28553031 28772020 30711026
nẹ̌pal᷊ehe|2|24565006 25340008
nẹ̌pangaduhangu|1|27804022
nẹ̌papahiạ|1|27383014
nẹ̌papahiạen|2|26269017 26269026
nẹ̌papahiạeng|1|25601021
nẹ̌papinunụ|1|30272039
nẹ̌papinunụen|1|27372008
nẹ̌paral᷊unggi|1|24559027
nẹ̌parenta|23|23186024 23607022 23753008 24540020 24592007 24975007 25027019 25027029 25027040 25100019 25256018 25271036 25275008 25313027 25329023 25362025 26928014 27135014 27357018 27520020 27818022 30146031 30890030
nẹ̌parentạe|1|24188015
nẹ̌peose|1|24264011
nẹ̌pidato|1|27359020
nẹ̌puasa|2|23478007 27366002
nẹ̌pulu|2|24310006 27848017
nẹ̌pěndangu|1|29417018
nẹ̌pětịe|1|26389008
nẹ̌pẹ̌pake|1|28556005
nẹ̌sahidi|4|26077004 26079012 26244013 27202005
nẹ̌sahidin|1|27746023
nẹ̌sahiding|2|26395005 27012029
nẹ̌sahidiwe|1|30665003
nẹ̌sakaeng|4|26277002 27482020 27668002 27877034
nẹ̌sakaenge|1|24360039
nẹ̌salu|14|23607015 23939014 24434028 24826006 24967003 27749021 30007005 30014005 30018031 30058011 30058033 30086022 30093025 30868003
nẹ̌sal᷊a|35|23527015 23902008 24121015 24698007 24819026 25425023 25656004 26809010 27784028 28064034 28301033 28304033 28524039 28540032 28628021 28835010 28919015 28929016 29042020 29093016 29380018 29574010 29776005 29786017 29870020 29935018 30044024 30156025 30341021 30354018 30375012 30443023 30502038 30550039 30592027
nẹ̌sal᷊ai|2|23604013 24430010
nẹ̌sal᷊iawuhě|2|26111030 30605044
nẹ̌sal᷊imbang|1|25016015
nẹ̌sal᷊iwang|1|25613021
nẹ̌samal᷊e|3|28746016 28746037 28747028
nẹ̌sasaul᷊e|2|23856011 23859050
nẹ̌sasěsahě|1|25101006
nẹ̌sasěsilu|2|28924041 28925011
nẹ̌sasěsilě|1|24133014
nẹ̌saụ|3|29488014 30373004 30870011
nẹ̌saụewe|3|25402008 26513005 26916035
nẹ̌seding|1|24500004
nẹ̌senggọ|2|27863052 27869033
nẹ̌sipiru|1|30635028
nẹ̌sombang|11|24192015 24253005 26088012 26090003 27334002 27524014 27641002 27673017 28838008 29077003 30075026
nẹ̌sombang'E|1|25019006
nẹ̌sombangke|2|27500014 27915040
nẹ̌sombangken|4|27250004 27369014 27560004 27587022
nẹ̌sombangkeng|2|23756007 27667006
nẹ̌sombangu|6|25962011 26086022 26090015 26225006 26283006 28209024
nẹ̌suang|2|24033031 24035028
nẹ̌suangkeng|1|23860015
nẹ̌suangu|1|24675028
nẹ̌suba|10|23348011 23659006 23813019 24371018 24387026 24398016 24489024 25293015 30822029 30889022
nẹ̌subạe|1|24606018
nẹ̌sul᷊e|34|23191011 23381011 23584037 23594003 23850005 24098005 24100005 24262007 24274003 24290003 24386003 24433006 24668003 24792005 24795005 24796004 25019011 25078005 25283031 25301006 25667012 25670007 25747008 25910006 26203005 26522004 26936006 27202016 27363012 27376023 27436021 27539013 27722003 29075028
nẹ̌sul᷊ung|1|28063007
nẹ̌sunial᷊'i|2|26585013 26813004
nẹ̌sunial᷊'u|3|24089022 24130024 25926029
nẹ̌sunial᷊u|5|24785020 24827033 26669023 29772018 30731047
nẹ̌sunial᷊ě|3|23561024 24080007 26811027
nẹ̌sěbạ|1|26517018
nẹ̌sěding|8|24408005 24531005 24577024 25302013 25351019 27088008 27679013 28464008
nẹ̌sědingken|1|25122004
nẹ̌sědingu|1|30669052
nẹ̌sěmpị|1|24401002
nẹ̌sěmạu|1|24069016
nẹ̌sěndal᷊engbeng|1|28926030
nẹ̌sěndal᷊engu|1|28234023
nẹ̌sěngkanaungke|1|24131010
nẹ̌sěngkapiam|1|28394032
nẹ̌sěngkapian|6|28018028 28022013 28022030 28049006 28057006 29879029
nẹ̌sẹ̌ding|1|23410010
nẹ̌sẹ̌dingken|1|23506004
nẹ̌sẹ̌sikol᷊a|2|26344021 27945020
nẹ̌tahatěpasu|1|30064023
nẹ̌taho|1|24717020
nẹ̌tahon|2|24716010 25830010
nẹ̌tahong|1|25829009
nẹ̌taingu|2|24167006 30093022
nẹ̌tal᷊ei|2|27482013 29954005
nẹ̌tal᷊ipurung|1|26506007
nẹ̌tampung|5|24309014 26571009 26951011 27633021 27634008
nẹ̌tangkiang|5|23361014 24052029 25103027 28312008 28349009
nẹ̌tanạ|33|23185003 23193004 24261027 24974014 25789032 25864019 26059007 26143015 26200004 26522018 26853022 27146021 27236010 27245006 27260003 27357035 27443009 27476006 27496025 27561002 27569005 27581002 27630006 27633032 27672031 27673025 27680003 27803002 27912009 27930007 29076014 30182005 30182018
nẹ̌tatahang|3|29987052 30279014 30421017
nẹ̌tatahangu|4|29573017 29585024 29822005 30132009
nẹ̌tatahino|5|24552021 27341008 27978033 28461007 28463020
nẹ̌tatal᷊ahino|7|23692026 23692032 27458003 27571018 27925027 30018015 30224012
nẹ̌tatal᷊ang|1|24463005
nẹ̌tatal᷊iwung|1|25115028
nẹ̌tatapengu|1|27831026
nẹ̌tatarang|1|23385003
nẹ̌tate|2|24748018 30749018
nẹ̌tatude|3|23775028 26530014 30528004
nẹ̌tatěntang|1|28994034
nẹ̌tatěntangbeng|1|29049034
nẹ̌tawakal᷊i|1|24895006
nẹ̌tawakal᷊ị|1|27923056
nẹ̌teghangu|1|28018008
nẹ̌temang|1|24164017
nẹ̌temangke|1|26105004
nẹ̌tikị|1|26535019
nẹ̌timbangkewelain|1|27606007
nẹ̌timona|2|25760014 27863054
nẹ̌tingkaị|1|28728018
nẹ̌tingkědang|1|27381003
nẹ̌tiněnna|2|25693016 30513023
nẹ̌tiwo|10|26543006 26569007 27249012 27560047 27652004 27669008 27672014 27683009 27859016 29046023
nẹ̌tiụ|3|30836004 30854005 30888005
nẹ̌tiụeng|4|30835003 30838005 30840005 30842005
nẹ̌tobatě|2|23201010 25596013
nẹ̌tondaisě|1|29845009
nẹ̌tul᷊a|1|24341028
nẹ̌tul᷊ung|5|24048013 27258008 27286005 28339038 30319032
nẹ̌tul᷊ungi|2|24566008 28901026
nẹ̌tul᷊ungu|9|24053035 24054024 24962011 27032012 29367017 29457005 29554040 30055030 30908005
nẹ̌tul᷊ạen|1|23422014
nẹ̌tumanạ|1|23535026
nẹ̌tumbahani|1|24869046
nẹ̌tumbal᷊ě|1|30110037
nẹ̌tumpasilọ|1|28727005
nẹ̌tumpěkuhě|9|23398022 23715019 23754003 23757004 25116010 25997006 26479009 26556018 27285015
nẹ̌tungkětịu|1|28217028
nẹ̌těngkaghea|2|24094006 25906004
nẹ̌těngkagheang|1|24790003
nẹ̌těngkaghěngging|1|26224018
nẹ̌těngkahae|2|23611016 25700005
nẹ̌těngkahamụ|1|30806020
nẹ̌těngkahumagu|1|30684018
nẹ̌těngkaitungke|1|30806014
nẹ̌těngkakasiangu|1|28942022
nẹ̌těngkakoạ|1|29034005
nẹ̌těngkal᷊ahẹu|1|23189016
nẹ̌těngkal᷊aụ|1|30677012
nẹ̌těngkal᷊ein|1|26856017
nẹ̌těngkaonggọu|2|29307015 29330018
nẹ̌těngkapěllọ|1|29854008
nẹ̌těngkapẹ̌tatahang|1|30460009
nẹ̌těngkaraning|1|27207006
nẹ̌těngkaranị|1|27148011
nẹ̌těngkarěmmasě|1|27707014
nẹ̌těngkasabarě|1|28017037
nẹ̌těngkasaghedě|4|28343008 28349008 28349021 29414014
nẹ̌těngkasanạ|1|29400003
nẹ̌těngkasapuạ|6|26933008 26934011 29281010 29282006 29283011 30885032
nẹ̌těngkasarakang|1|29102032
nẹ̌těngkasatia|1|30039014
nẹ̌těngkasilo|2|25332012 28726005
nẹ̌těngkasilo'm|3|24883015 24886005 24888004
nẹ̌těngkasilom|1|23183010
nẹ̌těngkasul᷊ung|2|28561028 29992017
nẹ̌těngkasumagě|5|24094010 24790007 25120032 25668007 31028003
nẹ̌těngkasěmbaụ|1|26760012
nẹ̌těngkasěngkelě|1|26656004
nẹ̌těngkatakidě|1|27243011
nẹ̌těngkatode|5|24905007 24974023 26026015 26578008 28725003
nẹ̌těngkatěntani|1|24541014
nẹ̌těngkatěntung|3|25048006 26134013 27151025
nẹ̌těngkawahanịe|1|24105015
nẹ̌těngkawira|2|24542002 25331013
nẹ̌těngkawitingu|1|24135010
nẹ̌těngkaěnsạ|1|25274010
nẹ̌těngom|1|24141004
nẹ̌těngon|6|24869047 25988005 27114031 27358018 27358042 27771027
nẹ̌těngong|1|27087005
nẹ̌tẹ̌ngkarau|1|28004004
nẹ̌tẹ̌tatamba|1|23170015
nạběka|1|30974004
nạběsụ|1|29167017
nạdarěna|1|26532008
nạdekeng|1|23672017
nạdiadi|6|23253026 23979012 23983015 26650013 26698014 30395010
nạdirịe|1|24164022
nạděnta|3|26275021 29126003 30986015
nạhumpạ|2|23260018 27750053
nạhumpạu|1|29665013
nạhundugě|1|29898015
nạl᷊ahe|1|30582023
nạmantel'u|1|23170007
nạsadia|1|28961030
nạsikol᷊a|1|25385047
nạsuang|1|29151031
nạsueng|1|23261016
nạsuě|1|26554008
nạtahungkụ|1|26144008
nạtaraị|1|26885016
nạtoghasě|4|28413018 28413029 28535062 28537016
nạtěllang|1|29135011
nạung|282|23163024 23177020 23179010 23187004 23193013 23462004 23486004 23494013 23513016 23514004 23530004 23602002 23603002 23672010 23767017 23881021 23896019 23901017 23914005 23949018 23995013 24049010 24061004 24061010 24079025 24103007 24142002 24185014 24190012 24201017 24211011 24212011 24383010 24425006 24427007 24452009 24515006 24515013 24572021 24595002 24702006 24758012 24776024 24835019 24848014 24868007 24868013 24874012 24880016 24883023 24995018 25000023 25001023 25010004 25080009 25110016 25113010 25120005 25125022 25151012 25170005 25223004 25248027 25259009 25316002 25428021 25436004 25438038 25508003 25525010 25545008 25553024 25613005 25613012 25621014 25621022 25622008 25640002 25678010 25679003 25789012 25809002 25880008 25948009 26002029 26003002 26023008 26060015 26075004 26082003 26102003 26162016 26203030 26240007 26240018 26260015 26320016 26379013 26449008 26454020 26521012 26522015 26562015 26568004 26771032 26772004 26772022 26795013 26800005 26865004 26882024 27007010 27012010 27019004 27021003 27034023 27036040 27045003 27081025 27096003 27159040 27160024 27169022 27217002 27238014 27238031 27253003 27323021 27324007 27324013 27450026 27457011 27461006 27464007 27576041 27604017 27605006 27608011 27612026 27618010 27651017 27690033 27699030 27703008 27719009 27730018 27764004 27775008 27787002 27796004 27812003 27839022 27847006 27901019 27917042 27944037 28040054 28086007 28098020 28098033 28101002 28105052 28232013 28344017 28479005 28508007 28509008 28529013 28535010 28577015 28677004 28677038 28720017 28852006 28897026 28909033 28924045 28944021 28962018 28962043 29022004 29022008 29044030 29046002 29071008 29081009 29081020 29084040 29086046 29184020 29222003 29235006 29241012 29247021 29258020 29313005 29392017 29429008 29472020 29498013 29508003 29570013 29615018 29680021 29686018 29700020 29710004 29738020 29773024 29813011 29815009 29830003 29862011 29903012 29974010 29981031 29996006 29998015 30021004 30026012 30026032 30043014 30055037 30066017 30069009 30076022 30092021 30098029 30098034 30112003 30132004 30132018 30140004 30143025 30163028 30166010 30180032 30191019 30195008 30210003 30229017 30231017 30244026 30251039 30279028 30291017 30383007 30389011 30410021 30430008 30445012 30450023 30484018 30489025 30497004 30506003 30516025 30525010 30527032 30528010 30542012 30543031 30662021 30687008 30690011 30698027 30720044 30722015 30727036 30731010 30770022 30792012 30820009 30822005 30901010 30984062 30987004 30989007 30991006 31041012 31051029 31058027
nạungbe|6|25196004 29170004 29243015 29610017 30450006 30984004
nịal᷊amateng|1|26281023
nịbawalane|1|27576043
nịbawalang|1|27871015
nịbawal᷊awuhe|1|24777022
nịbawal᷊ụ|1|26586007
nịbawawa'm|1|24843003
nịbawawane|2|23184009 25595002
nịbawawang|1|30253011
nịbawawẹ̌bahě|1|25394022
nịbawera|2|24203040 29282003
nịbaweran|2|23363012 25930007
nịbaweran'E|1|24881033
nịbawerane|3|28684048 28688028 28705041
nịbawerang|2|26016013 27046021
nịbaweranu|1|24080021
nịbawohe|8|24218005 26257016 28489006 28814002 28845012 28983022 30020005 30539036
nịbawombeng|1|27979016
nịbawětị|1|28977006
nịdal᷊akitang|1|27169008
nịdal᷊imadě|1|27521024
nịdal᷊ukạ|1|30856005
nịdal᷊ěbing|1|23610013
nịdaratě|1|27791016
nịdarenọ|1|27254014
nịdariahi|2|24043025 24050026
nịdariahin'E|1|27659046
nịdaroloh'E|1|26249019
nịdarolohě|1|29894025
nịdating|6|23996017 24073021 24796026 24974019 26951002 29877005
nịdatingu|4|28715015 29217033 30464002 30711020
nịdiadi|4|26765017 26784045 29819043 30984052
nịgaghantong|1|30881018
nịgaghěllị|3|28061007 28063043 28226007
nịkakakempange|1|28625013
nịkakakěmpange|1|26022017
nịkakaěng|1|30872014
nịkakaěnge|1|25151019
nịkakaěngu|1|26271017
nịkakomol᷊'i|4|23682027 23683017 24520015 24521024
nịkakomol᷊u|1|24451006
nịkakomol᷊ě|1|23580004
nịkakoạ|26|23568009 23840030 23954011 24049011 24137020 24286013 25377022 25576009 27039028 27230021 27896019 28065021 28153026 28304036 28322009 29119005 29135014 29517019 30099015 30117051 30144020 30669010 30737007 30748033 31072004 31093024
nịkakoạ'E|1|28239018
nịkakuin|1|29064010
nịkakurung|1|29126016
nịkakědon|1|29155018
nịkakěllaěng|1|23468004
nịkasingkatengu|1|28362047
nịlaambang|1|29214008
nịlaambang'E|1|29994007
nịlahabare|1|29255008
nịlaharong|1|30327016
nịlahengke|1|29284010
nịlahiking|1|27138019
nịlahukung|3|26738014 30453022 31018003
nịlahukungu|1|29067034
nịlaikitangu|1|27884007
nịlaikị|1|25654005
nịlaonggọ|3|28407024 28432014 29567035
nịlaorom|1|30650019
nịlauno|1|24863011
nịpapake|2|24140004 25989034
nịpapal᷊e|1|25413019
nịpapate|3|24679033 25521011 27327004
nịpapaten|1|25520014
nịpapatenu|1|23956007
nịpapikungu|1|24981010
nịpapile|2|26649017 29894023
nịpaponesu|1|30960011
nịpapotọ|1|28229012
nịpapoěng|1|28165011
nịpapukin'E|1|27382006
nịpapěllọ|1|25583012
nịsasahani|1|29507005
nịsasame|2|27762005 27917056
nịsasape|1|28228010
nịsasarangengu|1|23226017
nịsasegelu|1|30781023
nịsasiang|1|23445013
nịsasul᷊e|1|25344031
nịsasunatě|2|27311013 27990006
nịsasusụe|1|24178018
nịsasuě|1|23762009
nịsasěmba|2|23639024 24475024
nịsasẹ̌bang|1|27066011
nịsasẹ̌suiang|1|27918005
nịsunatě|1|28033022
nịtatahon|1|24717029
nịtatambuse|1|30125033
nịtataning|1|27411024
nịtatantung'u|1|25887007
nịtatode|1|30055023
nịtatonda|1|27062013
nịtatutung|2|23580006 25488010
nịuhasě|1|23654013
nụneong|1|28667031
nụněnggạ|1|30027018
o|10|23936006 24176020 24791002 26113012 28132049 28151021 28842008 30305020 30780003 31101020
oborě|2|26789038 30774024
obote|2|28670021 29666003
obotě|1|29043031
oh|1|29138028
ol᷊ang|1|27899007
ol᷊ange|1|27898007
onasu|1|28447019
onasě|1|29430048
onggol᷊ang|2|23324005 25415011
onggol᷊eko|2|26172005 26292005
onggotang|9|23325008 23552006 23605013 24349008 25070009 25264014 25435037 26665004 29147033
onggotangbe|1|28692017
onggotangbem|1|29357013
onggotangu|2|27813028 29768018
onggote|1|23277009
onggoteng|1|28266007
onggotengbeng|1|28266017
onggotengkon|1|27052012
onggọ|6|23323002 23323020 23606015 24433019 24610023 24691007
onggọe|2|23894014 25601007
onggọko|3|23784018 25493007 25711016
ongkose|1|25582015
onta|6|23197008 23787007 23943015 24222008 24614002 25714002
ontol᷊u|2|27152046 29381010
onạ|1|27235008
oras'u|6|24999023 25083003 25085020 25307009 25879003 26192010
orase|5|23186052 23994007 24008009 24022020 24750011
orasewe|2|24002015 25012003
orasu|2|28278011 30778030
orasě|242|23171017 23206002 23207019 23208009 23227002 23257002 23349014 23359021 23402002 23402031 23472007 23476006 23483043 23522030 23531011 23531037 23532016 23535045 23557016 23557030 23606018 23662019 23672007 23677007 23719024 23793004 23827014 23955008 23958004 23979018 23992011 24109022 24119011 24129015 24138005 24258002 24395003 24433023 24503018 24524037 24620006 24620015 24622005 24655010 24737020 24739002 24744003 24748013 24773015 24819012 24827002 24874002 24942011 25132002 25168006 25168018 25171009 25172006 25172018 25174009 25293037 25301012 25385002 25387024 25388013 25388026 25435020 25437013 25437036 25438011 25456009 25457022 25499009 25506008 25520002 25550002 25554015 25601012 25677012 25743017 25759002 25774015 25799025 25814007 25859010 25883004 25902034 25934004 26106033 26150029 26175013 26188002 26199011 26228015 26247012 26324003 26368021 26460016 26475021 26478015 26546007 26608009 26608019 26612008 26650008 26668009 26698008 26739009 26751002 26755014 26758012 26813011 26979036 26983021 27021027 27033021 27085021 27231002 27290008 27374026 27394031 27395002 27397011 27518025 27554009 27564047 27686002 27734002 27807006 27846003 27928020 27941013 27980002 28018002 28059025 28088039 28090014 28091002 28139006 28148004 28170004 28218020 28268022 28278028 28329002 28403007 28413022 28445002 28479010 28519031 28535022 28678004 28725021 28729013 28768005 28849038 28852016 28856009 28880004 28894028 28924049 28946022 28960002 29033038 29048014 29084043 29141002 29151005 29157021 29161019 29184017 29228033 29257012 29313009 29358010 29367012 29382029 29389003 29392031 29392036 29404024 29438020 29492018 29508019 29546027 29554026 29599002 29605023 29633012 29657006 29668007 29756024 29802002 29820002 29948019 29950010 29987040 30055041 30083002 30084017 30099002 30103002 30111041 30130031 30132019 30147003 30155004 30177049 30239010 30250009 30262015 30354003 30381008 30383022 30410010 30425012 30446011 30447008 30459009 30530005 30541028 30560026 30569020 30607036 30676024 30698030 30717011 30737036 30740031 30768020 30856013 30888020 30902020 30902033 30940013 30961014 30984008 30984069 30987007 30987028 30996017 31024037
ore|42|23188007 23968010 24289007 24431022 24900016 25580023 26011033 26623005 26681016 26724038 26759005 26896009 27047033 27105021 27445037 27447020 27573010 27646005 27967013 28123020 28522028 28832011 28906007 28920034 29035007 29343019 29371013 29404051 29407022 29497029 29645032 29940008 30547026 30664017 30697023 30702035 30783005 30793034 30930009 31023020 31065003 31096021
orelai|3|26989013 26996016 29718013
oroi|1|29806009
oroko|1|29759005
padualatu|1|29349003
pagarě|1|26483014
paghudu|1|26608024
paghělenang|1|25181029
paghěleěng|1|25508026
pahangeng|4|23953033 23967010 27710060 29013040
pahangengu|2|25507018 27808013
pahes'i|1|27780040
pahighi|4|25559020 26163016 26168009 26169008
pahighin|1|26163003
pahul᷊uase|2|24032027 30904003
pahul᷊uasě|2|25384005 29638002
pahumbisarang|1|27625018
pahundangengke|1|27499036
pahundarisị|1|27080002
pahundingang|1|28801003
pahungkinạ|1|31036014
pahunsangị|1|25964013
pahunsuẹ̌ko|1|23289007
pahunsẹ̌bang|1|25374014
pahuntal᷊ang|2|23441009 25848010
pahuntol᷊e|1|29759007
pahuntěntangkeng|1|23432016
pai|19|23721035 23829006 23984011 24643006 24643017 25377031 25395019 25647025 25675008 25762004 26202010 26906010 26906019 27160041 27213016 27607022 27642002 27921030 30870022
paise|1|30297036
pajak|2|23725011 23725024
pajak'i|2|23728031 23728038
pajakě|11|23726027 23745032 23858031 23890017 23892011 24688059 24688068 27733012 28273011 28274014 28274021
paka|1|29321003
pakaamumang|2|28319010 29766021
pakaatorě|1|28719008
pakaghaghighilě|2|29055023 29635014
pakaghaghising|1|28944015
pakaghaghughul᷊ě|1|30455006
pakaghea|1|25111019
pakahundugě|1|24897019
pakahěgisě|1|29906017
pakaiang|1|23814020
pakaihạ|1|31015033
pakaingatě|1|28537002
pakakakuatě|2|28777009 28790019
pakakakědang|5|28258014 29356029 29636026 30362003 30939019
pakakakědangko|1|30363004
pakakakěndagě|1|28797014
pakakěhagě|1|30159005
pakal᷊aamumang|1|30757010
pakal᷊ahe|2|26506024 26979011
pakal᷊ahẹ-lahe|1|29547009
pakal᷊ahěkosě|2|24000002 24751007
pakal᷊aingatě|2|24727004 30454016
pakal᷊awọe|1|25264015
pakal᷊enehě|1|27622010
pakal᷊ighạ|1|27228007
pakal᷊ikụ|2|23445019 25527019
pakal᷊iun|1|28783014
pakal᷊uang|2|27540023 30861028
pakal᷊uang'i|1|27160003
pakal᷊uang'u|1|27160014
pakal᷊ukare|1|29824016
pakal᷊ětạ|1|28686020
pakananandu|1|29275009
pakanandụko|1|23754011
pakaotelě|1|28940036
pakapaku|1|25841002
pakapapentesẹ̌ko|1|23434013
pakapapia|8|27403006 28256010 28353002 29310002 29320003 30238003 30540018 30654004
pakapapia-pia|1|29548019
pakapapiako|1|29305008
pakaparingang|1|25577017
pakaparung|1|28383022
pakapate|2|26387021 30233040
pakapia|25|24752034 24799032 24897020 25441003 25655003 25871010 26964042 27718020 28421036 28580008 28719006 28787010 28901029 29178011 29439018 29744018 29774018 29809008 29824017 29937003 30008005 30286005 30575016 30575026 30758006
pakapia-pia|15|23178016 23953002 24194008 24428009 25074016 25264004 25346002 25468002 27095019 27404002 27507021 27827026 29200002 29635004 30218019
pakapěnisě|2|23743018 24059008
pakapěnnisě|1|27521038
pakapěpidě|1|25463023
pakaral᷊aedě|1|30310018
pakaral᷊oahě|2|27878015 27881011
pakaral᷊uasě|2|29055006 30276006
pakaral᷊uasẹ̌be|1|30277007
pakaral᷊uasẹ̌ko|1|30381004
pakaral᷊ukadě|8|24022011 24751004 24753006 24755014 27658004 28790003 30016021 30474002
pakaral᷊ung-dal᷊ung|1|29997015
pakarariagạ|1|25475013
pakarariagạko|1|30388003
pakarariahi|2|24002006 25500006
pakararingihě|1|29538013
pakarau|2|23657020 27160039
pakarol᷊ạ|1|29936012
pakasabarě|1|28305013
pakasahawụ|2|25575021 27723011
pakasahẹkon|1|28286029
pakasasabarě|1|28258009
pakasasahawụ|1|30286014
pakasasanạ|1|30433022
pakasasikome|1|29275007
pakasasuměllung|6|29648003 29918004 29925009 30241033 30259011 30426007
pakasasuměllungko|3|29326006 30413008 30418008
pakasasěngkanaungko|1|30433003
pakasasẹ̌gadě|1|30478052
pakasasạdia|1|29545003
pakasatia|2|29764010 30246020
pakasaung|1|29449022
pakasikome|1|29636011
pakasue|3|23951008 26613018 30053022
pakasue-sue|1|29958013
pakasueko|2|29296007 29523003
pakasueng|1|23754021
pakasuewe|1|27625017
pakasuměllungko|1|29327003
pakasusiko|1|30390004
pakasěgadě|4|24195015 30029008 30063036 30157005
pakatahěndung|1|23285037
pakatahěndungeko|1|24665003
pakatal᷊imbuhu|1|29296008
pakatal᷊ěmbuhu|1|30693008
pakatanạ|1|28512017
pakatanạbe|1|29868011
pakatanạko|1|30578054
pakatatahuěnna|2|29548016 30432010
pakatatanạbe|1|27437017
pakatatapě|2|26041016 27477009
pakatatarimakase|1|29325012
pakatateghang|2|23685011 24741002
pakatateneko|1|25030022
pakatatoelě|1|30214038
pakatatoghasě|2|28777011 28790006
pakatatoghasẹ̌ko|1|29348006
pakatatompẹko|1|29502033
pakatatuhụ|2|29339010 30578047
pakatatul᷊idě|3|23434019 29916019 30466018
pakatatul᷊idẹ̌ko|1|29298008
pakatei|1|27425011
pakatilangko|1|30346023
pakatinalung|2|29803006 30388009
pakatitike|1|30218017
pakatoghasě|2|28565024 29677008
pakatualagě|1|28910013
pakatuhụ|1|23780027
pakatukusě|1|30310015
pakatul᷊ende|1|26760023
pakatumang|1|29843026
pakatuntụbe|1|30215005
pakatěmudě|1|30286017
pakaudupě|1|29726010
pakaul᷊ekong|1|23426006
pakaunsu-unsui|3|25623017 27750040 27755031
pakaunsui|2|27405033 30111043
pakawala|1|27821037
pakawatạu|1|28267005
pakawinasa|1|25847021
pakawurẹ̌si|2|23944023 23945008
pakaěng|2|23614012 30735021
pakaěnna|1|29110005
pakaěnsu|1|28869021
pake|2|24391005 27055035
pakeang|28|23197004 23308034 23312011 24047034 24052021 24222004 25305025 25483010 25660013 25767017 25768012 27256032 27429017 27506019 27602026 27660008 27725023 28445011 29352020 29726022 29797006 30309011 30310012 30428018 30696030 30751024 30765023 30773031
pakeang'E|5|24165010 24851008 25331011 26643013 26849013
pakeang'u|1|27359009
pakeang-Ku|1|26850043
pakeange|25|23703015 24120007 24161013 24199006 24380020 24639006 24818006 24847012 24879019 25273024 25281036 25996016 26880008 26906027 26934016 27346018 27564019 30296010 30296025 30297009 30751013 30893022 30970014 31010016 31032014
pakeangu|7|23884020 23885021 24158004 25377042 25947015 27346007 30876010
pakeli|1|30557016
paketang|3|28481029 29517008 29849012
pakighunting|1|28607012
pakighuta|4|27806023 27817027 27822026 27830008
pakigěllị|1|25988014
pakihukung|2|27813017 29066016
pakikoạ|1|27715031
pakikuruisě|2|25959015 25968014
pakilimadě|1|27730009
pakionggoteng|1|25301025
pakipahiạ|1|24449037
pakipaku|1|24057018
pakipasaěng|1|23490009
pakipate|3|23439037 24622027 24730029
pakipěllọ|1|27533021
pakirol᷊ose|1|26944032
pakisahani|1|25029036
pakisahaniko|1|26988012
pakisahaningkong|1|27721008
pakisakei|1|27759006
pakisal᷊ukate|1|23211014
pakisimbahe|1|28208014
pakisuě|1|27180032
pakital᷊udě|1|27177014
pakitarimakase|2|30241006 30241027
pakituwang|1|25528017
pakiwal᷊ọe|1|26464018
pakiwal᷊ụ|1|23753012
pakiwawa|1|23830023
paku|2|26893030 26893042
pakạbanikate|1|29643004
pakạděmmasě|1|27355008
pakạkoạ|1|28860029
pakạpate|1|30210007
pakạpul᷊e|1|27521037
pakịaresě|1|27770033
pakịbal᷊awuhě|1|23617044
pakịbal᷊o|3|23462023 25216018 27378018
pakịbawa|1|27814027
pakịbusạ|1|24424024
pakịděntaing|1|24212012
pakịgěllị|1|24188021
pakịkoạ|2|27399015 29683022
pakịkuruisě|1|24156019
pakịlukade|1|27655027
pakịontol᷊ě|1|25692018
pakịpaere|1|27793011
pakịpandai|2|23924008 26967043
pakịpate|3|24150022 27357026 27391026
pakịpěllọ|2|24150018 27519022
pakịpẹ̌tẹ̌těngon|1|27803032
pakịsahani|1|27308007
pakịsuě|3|27699043 27729012 27820036
pakịsěmpike|1|30116022
pakịsẹ̌sui|1|27357023
pakịtambuseng|1|30201012
pakịtarimakase|2|29533041 29640008
pakịtuhuke|2|23607027 27499047
pakịtěllideng|1|23776009
pakịědang|2|25181008 25181022
palang'E|1|31034006
paluma|10|23209027 23434024 23839028 24226022 24656042 24998015 25048011 26077014 26110015 26112011
palě|1|23948026
palěm|1|30820046
pal᷊ahamawu|5|26729028 28582015 29523024 30107008 30127020
pal᷊ahamawuang|1|30107013
pal᷊ahanạ|3|23660010 27553008 29037049
pal᷊ahite|3|23202025 24693043 30191018
pal᷊ahiten|1|28161004
pal᷊ahitene|1|28036007
pal᷊ahiteng|3|25034041 26989011 30070035
pal᷊ahul᷊ěgeng|1|30347006
pal᷊ahumbal᷊ukang|1|26112026
pal᷊ahumbisara|1|30094003
pal᷊ahumbisaram|1|24702008
pal᷊ahumbisaran|2|27418025 30415015
pal᷊ahumbisarang|3|29324011 29549002 29677020
pal᷊ahungkaěng|1|30251036
pal᷊ahunsangị|1|23358022
pal᷊ahěnton|5|24921023 26419010 27133022 27389005 30785017
pal᷊ahěntong|1|24899032
pal᷊ahěntonu|1|29119035
pal᷊akarạ|1|29030020
pal᷊e|1|23716026
pal᷊ed'u|1|23432024
pal᷊edu|2|27122026 27500037
pal᷊o-pal᷊o|4|24110021 24798024 24803019 25917039
pal᷊o-pal᷊on|1|24102027
pal᷊ukang|1|23834009
pal᷊useng|1|25220002
pal᷊usě|1|24199008
pal᷊usẹ̌ku|1|27656002
pal᷊ị|1|26206008
pal᷊ịbe|1|25586011
pamahiạ|1|29195008
pamahungangben|1|25906009
pamalan|1|25448049
pamalangkong|1|27199004
pamamahẹ̌tang|1|25456021
pamamantelu|1|29151020
pamamanti|1|29518021
pamamate|2|25961016 27178006
pamamewe|1|23637018
pamamileěng|1|30790009
pamamohe|1|29677026
pamamotọ|1|30360018
pamamurẹ̌si|1|26146013
pamaměnsạ|1|24353017
pamaměnsạe|1|23570005
pamanggilange|1|28847005
pamanikạbe|1|28629005
pamanuane|1|23727011
pamarikẹ̌sa|1|25666018
pamaringang|1|23744008
pamasaěng|2|24535032 25962037
pamasaěngke|1|23276013
pamasaẹ̌ng|1|23697021
pamereng|1|26389025
pameru|2|23274033 25176011
pamohe|1|26847008
pamunara|1|23855032
pamělliko|1|30765042
paměllọen|1|26826010
paměmbingangu|1|26968012
paměnsạ|1|26195004
pamětikang|1|23691021
paname|1|25112027
pananahani|2|28073002 30047007
pananahimatanu|1|25623019
pananahungkụ|1|29376002
panananoi|2|27960012 29377012
panananěmbaěngu|1|28588005
pananarakangu|1|29244033
pananawungange|1|30833007
pananilakehu|1|30122004
pananipo|1|23861005
pananoi|3|24837016 29184002 29793021
pananunsarang|1|30846018
pananusi|2|27691040 30116014
pananutungangu|1|24905020
pananěbohu|1|24067002
pananěmbaěng|15|23259011 23937010 23938011 23939009 23939018 23954040 28213012 28538018 30110008 30252006 30252032 30315031 30831015 30831030 30854016
pananěmbaěnge|8|23937026 25457015 28586019 30803014 30833012 30874019 30945015 30962006
pananěntiron'E|1|24238009
pananẹ̌sui|1|27823040
panapuạe|1|25132032
panasa|1|29694010
pandaěng|3|24541021 24565021 28660011
pande|6|24473010 27370018 27582017 28381021 28384005 28444020
pandungang|13|26995016 28149008 28259003 28440006 28893029 29253013 29254020 29379016 29473023 29490009 29848032 29938011 30387016
pandungange|2|29133025 30229011
pandungangku|1|27661014
pandungangu|9|27058017 29386003 29395007 29396002 29396007 29413013 29422002 29848026 29856006
panekehe|1|25918029
pangadatě|2|23782001 25709019
pangadatẹ̌ko|1|23220015
pangaduhang|13|27572032 27624009 27765034 27771033 27774018 27789020 27789029 27799014 27804033 27806029 27812017 27815007 27826021
pangaduhangku|1|27919027
pangahạ|19|24668026 25707002 25891019 25949008 25971007 26012006 27447023 27449006 27465005 27466039 27488023 27644012 27666006 27775027 28713017 29363024 29781009 29899002 30786021
pangahạe|1|23176027
pangahạu|1|25779018
pangampungko|1|23295002
pangangadat'u|1|23431028
pangangagama|2|25992030 29755011
pangangagamane|1|29794020
pangangampunge|1|25243017
pangangiaking|2|28816002 28854007
pangangiakingu|1|29376007
pangangimang|119|23356041 23372011 23382018 23681024 23721009 23721016 24266006 25128008 25205031 25410022 25657010 25658007 27437019 27794035 27842027 28023022 28035035 28039007 28042033 28043013 28195011 28259016 28291014 28294024 28296017 28302017 28306014 28348018 28351015 28354017 28362008 28469025 28476034 28538034 28679017 28804029 28873024 28876018 28885009 28940014 29049016 29081017 29102024 29115007 29125023 29126018 29168018 29169026 29199026 29264002 29264019 29268010 29387030 29389043 29421013 29431049 29445021 29563049 29569025 29622012 29649022 29675056 29701035 29702020 29716005 29724019 29745016 29749016 29823017 29939022 29947009 29979022 29997006 30010021 30029011 30055036 30057030 30156017 30175002 30176002 30177002 30178002 30179003 30180002 30181002 30182002 30184002 30190002 30193002 30194002 30195002 30196002 30197002 30200002 30201002 30202002 30203002 30204003 30206002 30208002 30212009 30215015 30249030 30308022 30309009 30311011 30312028 30312044 30314016 30320014 30320020 30370006 30380007 30382023 30384003 30475008 30487013 30487020 30693016
pangangimange|28|23313027 24888027 25488029 27489007 28026013 28028022 28249041 28282007 28283017 28304027 28304039 28305020 28563003 28701010 28701031 29109021 29665026 29772019 29772027 30008020 30177014 30177041 30180053 30312009 30316005 30317016 30318020 30539030
pangangimangi|2|24460010 29815010
pangangimangkewen|1|29716024
pangangimangku|1|24563019
pangangimangkue|1|24563012
pangangimangu|5|23402019 25897010 27581018 29596018 29810015
pangangimangue|1|23359013
panganginumang-Ku|1|23816011
panganginumange|1|28629018
panganginumangu|7|23815018 24082006 24627021 24778006 25882009 25885008 28626007
pangangirul᷊e|3|30016036 30021032 30025005
panganguhaseng|1|26102012
panganguhasě|1|29929039
pangangumbalane|1|28955048
pangangěllungange|1|25360014
pangatasengu|1|27024017
pangekeng|1|25362018
pangimang|5|23984036 24401016 25296014 25881002 29800028
pangimangbe|1|26670017
pangimangeng|4|26242012 28513032 28819006 29810019
pangimangengu|1|29757009
pangimangke|6|23741008 24231017 25902002 26096007 26287013 26895025
pangimangko|1|24119007
panginung|2|26366029 28629015
panginungko|1|25479026
pangiral᷊ing|1|27275019
pangiral᷊ingu|1|30274022
pangirul᷊eng|1|25430018
pangirul᷊umang|1|25360021
pangkat'E|1|30089011
pangkat'i|1|30088021
pangkat'u|1|30077004
pangkate|5|26944031 26948022 27600010 28262018 29228025
pangkatě|2|29733008 30099009
pangkatẹ̌ku|1|28223030
pangkunang|2|27621030 27623017
pangkunange|1|27428004
pangkunangu|2|27610020 27613018
pangorọe|1|23213016
pangulelengange|1|23366019
pangul᷊eěng|1|23552026
pangumbalaěngu|1|29843010
pangundangko|1|25087019
pangěnsueěnge|23|23440017 23535029 23971007 24194034 24731019 26632037 27482009 28372008 28745002 28771017 29436009 29701018 29855007 30056015 30215024 30366027 30380033 30454005 30706007 30715034 30726018 30744007 31060015
pangěnsueěngu|1|30948028
pangěntudẹ̌be|1|23350028
pangẹ̌dahu|1|30435021
panide|2|23956034 30777006
panikạ|1|24820019
panikạu|1|28231018
panindo|1|28500045
panodẹkong|1|30333011
panoghasě|1|25897025
panonggene|2|26213017 26214002
panusi|1|27689008
panutung|1|25356034
panuwang|1|25035007
paněmbaěngu|1|30405017
paněnsara|1|25274029
paněnsomahě|1|29553026
paněntangkon|1|25112020
paněntangu|2|23259005 25848020
paněntanudě|1|26775022
paněntirongkon|1|29910008
paněntiroěnge|1|24594012
panětakeng|1|24897009
panětakenge|1|24896021
panẹ̌sui|1|26381012
panẹ̌takenge|7|23966005 27312016 27948031 30715032 30726016 31060021 31094012
panẹ̌takengu|1|27212016
panẹ̌tul᷊ang|1|25508035
panọdekangu|1|23677020
paontol᷊ě|1|29952019
papahang|9|25506016 30220006 30224009 30224032 30883026 30948019 30964019 30976027 31063015
papahangeng|2|30220022 30221005
papahangu|1|28630020
papahěkụ|1|27873013
papaiang|4|28039015 28823024 28883022 29221005
papal᷊ano|1|29576014
papanid'i|1|30850010
papanide|2|25553038 30111013
papanidu|1|30906007
paparentaengu|1|24132018
paparentaěng|1|29967049
paparentaěngu|1|27496017
papasihing|2|24354019 30523009
papasilo|20|24916036 27227014 27229004 27263015 27270019 27277007 27279010 27313013 27347035 27493009 27493011 27494005 27567006 27843011 29024025 29025033 29026025 29030010 30770006 30858004
papate|110|23226015 23691029 24114015 24134018 24549025 24810017 25329013 25816025 25951029 25958026 25960006 25976022 26012016 26038025 26235033 26582022 26817028 26833014 26877022 26913019 26945018 26974015 26974030 27012024 27301029 27391014 27393009 27396013 27397009 27397021 27400010 27556010 27764013 27808014 27822017 27855022 27918026 28047031 28060013 28060015 28062010 28062027 28063030 28065006 28073020 28078019 28079007 28082034 28085037 28090025 28092002 28096038 28096043 28097038 28102016 28105012 28105021 28105029 28116046 28119024 28123009 28128010 28128025 28151029 28152025 28153020 28155010 28196016 28198028 28433008 28443030 28482010 28740004 28740017 28745007 28774002 28774007 28775002 28840027 28848031 28849052 28872008 28927030 29197014 29383010 29433012 29805007 29820024 29888035 29992041 29993017 30038028 30162010 30192027 30262012 30282020 30375022 30594011 30594041 30716022 30728046 30842024 30843008 30847022 30852017 30880017 30984026 31040016 31053021 31062029
papateku|1|30495008
papaten|1|24154040
papaten'E|7|24183012 27025020 27300011 28017009 28072026 29432017 29432029
papatene|15|23710032 24155018 24194031 24548032 24883006 25568030 25815008 26590041 26598020 27785020 27935022 28078011 29507035 30192012 30262014
papateng|2|28381026 29440027
papehe|5|27598004 27676008 27676012 27676034 29352014
papikunge|2|26866016 30110020
papilị|1|30919013
papinintu|55|23543009 23549003 23558004 23564004 23564020 23571005 23571017 23573005 23574009 23584008 23585008 23593008 23649011 23751011 23794010 23860003 23874010 23875009 23887005 24010015 24023013 24312011 24326011 24333003 24334030 24335025 24337013 24337022 24355010 24357009 24358006 24481021 24675009 24686008 24686019 25144005 25186007 25250020 25254019 25255008 25256029 25257004 25476005 25525007 25538004 25592006 25690007 25698005 25743013 25789008 25799010 25856005 26488004 26752010 29156005
papinintun|3|23576025 23872011 29156012
papinintune|1|24022005
papinintung|1|30446008
papitị|2|29354021 30796015
paporong|2|24159004 26831008
paporonge|3|28607007 28614024 30893032
paporongu|1|30470015
paporoseěng|1|30284005
papotọ|1|26850009
papuluang|13|23288008 23925003 24712014 24712020 25635019 25826015 25826022 27545015 27960022 29793013 29856013 29858003 29858012
papuluangu|2|24713003 29674006
papěgong|1|30953030
papěhaseng|2|30947010 31015014
papěhasenge|1|31016034
papěhasengu|1|30946024
papěllọ|1|26402022
papẹ̌diang|1|26862023
papẹ̌gong|1|26636020
parahul᷊uasě|1|26343002
parahul᷊ungkang|1|23582018
paramata|7|30772005 30858027 30980018 31006005 31010030 31065013 31073011
paramatan|1|30772008
pararingihě|1|29765012
parawang|5|24921008 24921013 24928004 28992018 30931011
parenta|15|23254033 24594004 24609007 24900015 25710002 26581015 27508003 27519016 28104009 28498018 28743016 28840055 28941009 29620015 29803004
parenta-Ku|2|26684013 30757006
parentaku|2|25204021 28498007
parentan|6|27042021 27293036 28268028 29022013 29698023 30196031
parentan'E|1|27092026
parentane|1|27340002
parentang|16|23355008 23637015 25204007 25576006 25618022 25652010 25661008 25709006 26514018 27042016 27820030 28105042 28363004 29698031 30081011 30259005
parentạeng|1|28747009
paringaneng|6|23998012 23999009 25686011 25687008 25688007 30265033
paringangko|1|29882012
parě|2|24417009 25573011
parěllusě|1|28195040
pasaru|1|27915026
pasarě|10|23476017 23796018 23926007 24468004 24712024 25228009 25449021 25826019 27541027 28593008
pasuě|1|23377019
pasěllangeng|2|25208006 27241012
pasěllangenge|5|31066008 31066018 31067002 31069017 31095024
pasěllangengu|5|25641007 27428017 27497012 30254011 31079002
pasěpụ|1|30429006
pasẹ̌bang|2|25100023 25344023
pasịbanikạ|1|29193002
pasịdeạ|1|28592016
pasịkěndagu|1|29338018
pasịpěndang|1|28249031
patangane|1|26271008
pate|2|27727024 29523004
patehang|1|28781003
patehe|1|28770002
pateěng|33|23183028 23638023 23694035 23724004 23811027 23953019 23967012 24090006 24121018 24474025 24532032 24570024 24681013 24730010 24819032 25324028 25455022 25552019 25843024 26354017 27745020 27762012 27808021 27834039 27963016 28048007 28810008 28871011 29409004 30513019 30741007 30805034 30919016
pateěngkeng|1|23865019
pateěngu|2|25851003 30919012
patikụ|475|23198005 23214019 23250022 23315023 23379009 23508026 23511001 23572019 23584033 23753019 23784015 23790011 23839012 23850040 23870006 23922011 23955002 23956024 23960009 23961029 23966002 23972016 23988014 24207018 24215007 24467005 24574033 24616022 24617012 24658031 24669010 24702040 24722015 24728011 24731006 24747007 24867010 24889019 24936009 24942014 24947006 24973007 25005007 25025016 25069016 25070019 25071002 25078024 25108011 25122011 25166002 25173005 25213010 25428019 25456018 25478037 25490021 25495004 25504009 25518015 25521024 25523032 25536018 25553027 25587023 25674020 25839003 25862010 25863010 25883023 25893002 26039012 26182027 26239014 26352027 26426058 26511011 26546014 26679045 26695019 26700020 26724009 26740022 26748025 26757011 26762008 26767007 26770009 26790005 26854005 26899002 26967014 26986005 26993010 26997010 27012014 27013050 27015016 27016009 27018011 27019029 27051006 27055024 27092006 27096036 27104012 27121038 27167007 27171007 27187008 27204026 27282023 27296032 27298038 27299009 27303011 27304014 27373013 27408023 27410036 27412008 27442015 27464020 27479026 27494036 27516016 27517024 27546027 27548007 27549019 27550008 27554015 27555033 27595021 27613041 27654009 27659048 27662003 27684012 27686013 27693016 27706011 27708053 27709005 27720009 27720016 27778026 27779013 27784035 27829031 27833010 27846017 27850031 27853019 27936022 27937005 27939022 27945008 27949009 27951026 27963012 27983023 27996028 28011036 28039017 28041022 28060018 28062012 28139008 28140004 28149017 28154005 28155007 28201005 28201023 28227045 28236031 28242005 28246005 28277024 28290015 28290020 28293009 28314013 28315007 28315010 28316023 28318021 28363014 28364010 28365028 28369015 28369023 28371023 28405016 28408008 28410010 28432011 28433015 28439041 28440014 28441014 28463018 28478015 28480009 28486007 28491006 28505032 28523004 28534016 28534036 28553039 28566040 28591010 28591031 28594012 28599012 28601009 28601014 28667023 28668011 28668016 28669003 28673005 28673029 28676008 28678045 28691020 28705043 28712019 28729032 28738017 28743015 28743017 28743020 28744011 28746014 28746024 28746035 28777029 28821012 28868006 28903003 28909035 28918024 28928043 28933011 28940007 28940023 28957011 28968010 28972011 28996022 29005028 29038009 29111043 29112010 29113025 29125007 29133048 29139025 29184010 29187017 29205012 29217005 29218004 29222018 29228008 29228013 29228015 29228017 29229018 29230013 29233021 29260002 29261018 29262025 29265020 29279009 29279024 29283016 29283019 29288019 29289005 29289031 29314007 29329010 29331023 29349002 29350012 29351007 29356002 29356035 29359017 29361011 29363008 29401018 29421015 29430008 29443031 29449006 29451016 29456016 29469017 29476016 29477016 29481024 29482009 29482015 29482026 29483002 29483017 29484014 29484035 29485008 29486010 29486018 29491021 29492015 29493012 29494024 29496022 29498006 29504002 29505020 29509023 29527010 29529039 29535002 29540014 29543009 29552034 29587023 29600014 29603013 29604032 29607012 29618025 29640002 29644002 29649017 29660001 29666014 29695019 29713030 29714004 29718022 29723011 29743019 29748040 29758025 29763013 29774039 29802010 29804022 29806030 29824018 29825005 29828027 29838011 29842011 29849006 29863015 29865041 29916009 29918011 29920011 29923013 29924002 29932015 29932035 29935013 29938010 29946009 29961026 29966023 29966036 29986005 29986017 29986040 29987033 29988006 29995017 30000009 30019023 30025017 30030025 30040014 30071015 30085003 30094002 30127018 30128010 30142033 30143023 30236031 30263012 30266012 30267011 30268005 30284015 30285026 30292039 30304007 30339005 30370014 30390006 30417002 30447020 30447024 30447027 30453027 30458028 30480025 30483008 30486025 30487024 30533031 30539003 30550035 30553027 30567019 30568004 30578050 30600034 30605009 30643006 30669008 30669012 30680040 30683025 30688003 30700005 30701025 30703021 30703037 30744043 30757031 30761021 30780023 30780031 30793004 30793019 30820029 30841020 30856022 30868019 30878030 30882003 30897012 30901023 30915019 30916016 30917005 30921020 30931029 30933026 30934032 30950031 30958023 30964017 30975006 30997002 30999014 31008019 31011011 31013049 31017039 31023016 31034011 31034015 31042025 31073008 31089008 31091022
patikụ-sạbarange|1|28747027
patikụewe|3|24438020 27773015 30909022
patikụewen|2|24114005 26964037
patong|1|27954010
patutune|5|25389023 26092018 27991004 28216032 28620017
patuwo|1|25527010
paul᷊i|1|27068008
paul᷊ikangu|1|27715027
paul᷊ikọ|1|26809012
paul᷊iu|1|24729027
paul᷊ị|6|23464006 25551005 26477011 26883048 27211009 27732012
paul᷊ịe|1|24384011
paul᷊ịko|2|24118021 24644015
pawawa|1|28780021
paị|13|23981020 24453015 26010022 26015005 26259008 27182012 27219025 27243007 27649028 27678027 28838017 28887024 30497005
paịse|5|24009020 24230017 24739021 24768014 26539008
peda|13|24107017 24107022 25851004 25901025 25903010 25914019 27340010 30027013 30207007 30210014 30714010 30734025 30798030
pedane|4|24102025 24106011 25901018 27511022
pedanu|2|24107009 26797010
pedesě|2|24282009 24282019
pelesa|14|27105023 28369033 28389007 28905006 29051026 29224024 29734022 29736003 29830017 29852018 29911014 30333006 30823012 31020005
pelẹesa|2|27370020 31016027
pelẹesang|1|24024008
pempasě|1|23942022
pempěnarimạ|1|28595017
penatua|1|29898023
pentehe|2|24582007 24584009
peos'u|1|27030018
peosě|21|23234037 23382028 23386024 23387002 23465005 23664010 23665016 23841008 24265028 24266014 24271027 25126012 25218021 25567013 25575037 26214017 26999015 27004011 27013013 27032014 27184014
perekarang|1|27624021
perjamuang|2|25879016 28634014
perjamuangu|1|28621014
perkarane|4|25692017 25694014 27750039 27755030
petang|1|25305016
peting|1|25828017
petoke|1|24603022
petone|2|27885021 27897017
petong|1|24362002
pẹda|3|25915012 25917037 26796006
pia-pia|1|29321004
piako|1|30774022
piane|4|23317021 23392015 23743020 28481035
piawe|3|28900021 29299012 30283003
pilen'E|1|28167011
pilene|1|30490015
pileěng|1|29384022
pilikang|1|30919017
pilikangkeng|1|25914016
pilotọ|1|27867007
pinahanạ|1|24776030
pinahiạ|1|27891026
pinakal᷊ahe|1|30114009
pinakal᷊ikụ|1|23860021
pinakapene|1|25115037
pinakapia|1|29285011
pinakapul᷊e|5|23673008 24259006 24677016 27627013 27757027
pinakaratingu|1|24863028
pinakasěhụ|1|25085018
pinakatimu|1|24515010
pinakatontonge|1|27905010
pinakatědụ-tědụ|1|27507005
pinakawira|1|23946020
pinakihabarě|1|29980004
pinakihal᷊ě|1|25404026
pinakihukungu|1|26012015
pinakikoạewe|1|27455035
pinakikuruisě|1|24842026
pinakipateng|1|27340009
pinakipěllọ|1|27100023
pinakisame|1|27342003
pinakitahungkụ|1|24425014
pinakiumpaed'i|1|24159021
pinakiuwuhě|1|27708028
pinakiwal᷊oěng|2|27108007 27754015
pinakiwawane|1|27735046
pinakiwerane|1|29965018
pinakiwul᷊usě|1|27896011
pinakiěntudě|1|27765018
pinamaehě|1|24391008
pinamal᷊ohě|1|30046038
pinamanggilange|2|28733030 29895003
pinamanggilangu|3|27510005 28422013 28821018
pinaměllokang|1|27655018
pinamělloěng|1|24880033
pinangimangeng|1|29748038
pinangẹ̌dangeng|1|25238025
pinanonda|1|27338013
pinanukạ|1|31071028
pinaněmba|1|30115017
pinate|4|23862016 23866009 25795010 30803020
pinateng|1|23954033
pinẹbera|1|28182005
pingkilě|1|23942020
pingkạ|1|25031002
pinile|4|23508006 28160005 29785010 30409006
pinile-Ku|1|25337011
pinilen|18|24145020 24740024 26518021 27555023 28150009 28162018 28216017 28217021 28238032 28350019 29242020 29838015 29894029 30376006 30404022 30479010 30647003 30659007
pinilen'E|4|24745010 24964006 28172024 30990021
pinilene|3|25083009 25160013 28314011
pinotọ|2|23877031 30917036
piněgělikangu|1|30802031
piněhabareng|2|27473023 27479029
piněhanạ|10|24079028 26129031 27059028 28164016 28613015 29161005 29161011 30398019 30402009 30513014
piněhanạbe|1|27733022
piněhapusě|2|27510020 27698013
piněhengetang|3|26317003 26338002 26752005
piněhengetangu|1|29715014
piněhěnding|4|27137009 27708012 29156028 30196015
piněhěndingbe|1|29155006
piněhěngetang|1|30018020
pinělikụ|1|27873014
pinělimadě|3|24156011 24842021 27506030
piněllọu|2|28831005 29250008
pinělukadě|1|27507018
piněluwi|1|25242006
pinělọ|1|28653017
piněmaehě|1|30393008
piněmeru|1|27737017
piněmohekangu|1|30110042
piněmělli|2|24137011 24140007
piněname|3|24425010 27341025 29022025
piněnampakengu|1|24874015
piněnarakanengu|3|24023027 25508031 28558026
piněndiagạ|1|29022020
piněngal᷊amona|1|23620010
piněngal᷊imona|2|23828018 24453010
piněngal᷊ạ|2|27745028 27794023
piněngasikang|1|25754037
piněnggantongan|1|29509018
piněnggantongang|3|26867003 28381030 28382013
piněngẹ̌dangeng|1|25237010
piněnnisu|1|25256012
piněnukạ|1|31071021
piněněntoěng|1|28227021
pinẹ̌bawa|1|27745036
pinẹ̌bera|4|26321018 27791009 27849013 28920015
pinẹ̌beran|2|23831008 28316004
pinẹ̌berang|1|24729039
pinẹ̌buakenge|2|28025020 30081008
pinẹ̌bukuang|2|27034026 28324023
pinẹ̌bukuange|4|24684025 29250020 30406023 30407036
pinẹ̌butane|1|27927019
pinẹ̌dal᷊ahabarě|1|29489038
pinẹ̌dal᷊ahurị|3|24165012 24851009 26950006
pinẹ̌gaghighilang|1|27062023
pinẹ̌gělirange|1|25151023
pinẹ̌gěllikange|1|24286052
pinẹ̌hana|1|26442013
pinẹ̌hanạ|3|26443017 26475012 28167005
pinẹ̌hengetang'u|1|23507006
pinẹ̌kakakempangete|1|23670017
pinẹ̌kakingkaengu|1|24158008
pinẹ̌karadiahang'E|1|29227002
pinẹ̌karadiahange|1|29259021
pinẹ̌kawasaěng|1|27332010
pinẹ̌kawasaěngu|1|23512012
pinẹ̌kawingange|1|23901024
pinẹ̌kiren|1|24139022
pinẹ̌koateng|1|25093018
pinẹ̌komolě|1|23419011
pinẹ̌kědo|1|27397044
pinẹ̌kěhusě|2|26857016 29246004
pinẹ̌kětakenge|1|29878011
pinẹ̌kẹ̌do|1|29125019
pinẹ̌papahiạ|3|23682017 24508025 28968025
pinẹ̌papahiạen|1|25970022
pinẹ̌pohiama|1|23165042
pinẹ̌pělli|1|29751011
pinẹ̌salu|1|23268022
pinẹ̌somahě|1|27860013
pinẹ̌sombangke|1|26208008
pinẹ̌tahuěllangu|1|30520014
pinẹ̌tampung|1|24843017
pinẹ̌tampungang|2|26952013 27054007
pinẹ̌tatal᷊ahinọewen|1|24024007
pinẹ̌tatal᷊iwungang|1|27435005
pinẹ̌tateleng|1|24146008
pinẹ̌tatimbangengu|1|27700023
pinẹ̌tatude|1|28391003
pinẹ̌tatěntangenge|3|28014033 28201009 30531024
pinẹ̌timonan'E|1|25698008
pinẹ̌tiwo|1|29041006
pipị|2|23274025 23274034
pipịu|2|25176005 25176012
pira|23|23756016 23996002 24001011 25602003 25719007 26108023 26209009 26929010 27236020 27240004 27260007 27308026 27357037 27394005 27496027 27502004 27691036 27787008 27794003 27811006 27863004 27876006 27877003
pira-pira|2|23635007 25618007
pira-pirambaụ|1|30539015
pira-pirang|5|25672004 25692011 27595002 27914012 29700031
pirambaụ|3|24312012 24895012 30732008
pirambua|3|23668014 24508009 26909010
piran|5|24313008 24375002 24426010 25553021 28789012
pirang|68|23171023 23462017 23515018 23528003 23674006 23796011 23889012 23896009 24207007 24267006 24277003 24295012 24400008 24413013 24446007 24465005 24466008 24512005 24521019 24553024 24675059 24692004 24759003 24812004 24867007 25125010 25126007 25138002 25149002 25199015 25248003 25423021 25520010 25550006 25789022 25963011 26014003 26281006 26354005 26361025 26481003 26570002 26601015 26789020 26938014 27113007 27335007 27434002 27445021 27448002 27465015 27467005 27468016 27530022 27558032 27587023 27599004 27681002 27692015 27697012 27789005 27857013 28215007 28702022 28725025 29377003 30662007 30732017
pirạ|1|25628012
pisim|1|23197012
pisine|1|25896014
pising|7|27260017 27266009 27292019 29884030 30210019 30210022 31007001
pisị|12|23348007 23397010 23426011 23465011 24061014 24222012 24256005 24283009 25120020 25145011 25218026 25664014
pitu|59|23535009 23683005 23898005 23901020 24694005 24697018 24883028 25248025 25432009 25809005 25813016 27673037 27692005 28214011 30203015 30702008 30702039 30709014 30714005 30718006 30718020 30718026 30718030 30718034 30719015 30748023 30748027 30774034 30785028 30786036 30786039 30786044 30795014 30834005 30834011 30866003 30866023 30886015 30895016 30910029 30912005 30948022 30953003 30953008 30954017 30955015 30955020 30956014 30977007 30977010 30979047 30983027 30985012 30985017 30985028 30987025 31063005 31063010 31063017
pituaku|1|29337008
pitum|10|23750010 24507015 25365007 25381003 27131028 27758027 27893009 30710026 30865021 30954012
pitumbaụ|6|23670006 24521007 30718017 30719025 30774025 30781025
pitumbua|1|30830019
pitun|3|23749029 23750007 25656007
pitung|11|23671018 23750012 24509027 27105009 27108003 27382002 27600005 30506036 30830007 30948016 30985036
piạ|893|23163029 23165002 23168005 23171020 23173010 23189012 23205003 23233033 23234032 23258004 23258018 23260002 23260015 23262005 23263014 23268011 23273004 23274022 23275003 23277002 23278004 23304004 23321019 23346005 23348004 23351008 23355014 23358021 23370003 23392012 23400004 23426008 23432002 23465008 23475003 23491006 23493013 23496008 23500004 23501005 23501011 23505008 23531028 23532038 23543013 23544003 23548012 23548015 23549011 23552004 23563021 23563024 23563029 23565003 23567028 23582009 23582017 23583024 23584011 23585012 23628002 23632002 23639008 23656002 23701007 23715014 23740005 23740008 23742009 23747010 23748003 23756013 23775003 23779003 23780014 23799013 23813021 23822002 23823003 23830002 23841002 23855017 23860011 23884013 23886023 23896005 23898002 23939005 23940003 23941003 23961010 23965019 23977007 23979006 23981006 23984002 23986002 23986006 24001015 24015005 24037012 24038006 24061011 24062002 24102024 24115016 24120017 24142003 24145010 24146004 24147002 24159009 24195003 24198002 24209020 24213017 24238016 24239004 24246009 24250008 24264004 24267002 24279002 24279017 24284007 24286016 24290010 24291004 24315007 24319006 24328002 24331005 24345007 24347004 24349005 24376004 24380019 24387002 24390005 24395009 24400006 24410014 24422037 24431010 24446027 24448007 24448012 24460003 24475007 24480003 24489004 24489013 24502005 24504019 24515015 24521002 24523009 24529010 24540010 24546003 24548002 24559031 24577013 24582019 24584024 24586022 24606008 24624021 24635009 24642018 24644003 24649010 24653002 24654019 24661004 24666011 24668008 24679027 24692002 24694002 24700019 24718023 24726022 24735010 24737007 24758013 24758019 24768015 24812003 24818012 24834011 24844017 24867003 24867017 24868014 24869005 24879017 24886018 24888013 24899010 24911011 24918008 24925004 24930010 24938002 24955009 24976006 24980002 24982004 24983003 24987003 24999007 25016002 25037006 25037019 25043004 25047013 25049010 25089007 25089018 25091011 25097005 25106027 25120012 25125004 25125009 25126006 25139009 25148006 25150015 25153016 25164022 25166012 25189025 25195005 25195017 25198002 25198007 25199008 25204013 25218024 25233005 25236009 25251008 25254025 25261023 25264012 25266002 25269010 25278005 25281035 25292005 25292012 25309017 25310014 25320005 25329009 25331002 25332004 25335002 25336005 25351008 25356027 25359008 25360006 25360013 25369010 25370004 25389003 25402017 25403003 25411007 25417004 25421002 25423014 25424008 25428003 25435002 25437038 25438026 25438039 25461009 25476013 25494003 25510002 25518002 25520017 25525011 25525014 25530002 25530014 25535006 25542002 25549003 25549009 25550005 25556007 25559009 25559013 25570011 25576013 25585004 25589016 25593002 25593007 25596006 25597003 25597006 25600008 25615013 25622013 25626009 25638010 25640003 25647011 25650007 25651014 25652022 25658006 25659005 25664011 25675002 25689014 25689018 25691008 25692004 25711007 25725012 25734004 25758008 25807016 25808013 25833003 25838005 25842004 25850013 25854012 25875011 25900009 25901008 25903009 25918025 25925015 25996012 26005005 26030010 26033002 26033022 26036017 26071015 26102004 26144019 26163019 26190009 26203011 26203021 26213016 26214009 26214012 26216005 26218026 26245010 26260005 26267002 26268010 26268021 26270016 26281003 26281016 26317007 26322003 26354003 26357003 26369012 26377014 26387007 26389017 26428008 26432008 26445003 26450010 26466016 26473011 26494023 26506001 26530002 26561002 26562019 26569014 26590025 26601012 26629012 26633006 26752013 26757015 26787019 26806036 26820013 26828010 26831010 26865028 26880014 26880023 26880030 26881017 26908014 26933015 26934013 26936015 26939009 26944009 26945004 26952002 26961001 26961005 26961015 26963002 26969021 26973014 26980008 26999009 27008010 27009038 27010037 27040018 27045010 27055028 27057016 27061002 27064024 27070014 27079004 27082002 27094006 27096004 27111003 27129002 27129008 27130002 27135003 27147008 27147029 27186005 27203003 27213010 27213017 27219017 27220011 27224013 27227004 27234028 27253005 27261004 27264016 27271007 27272003 27273002 27278012 27279023 27289005 27290022 27307018 27310002 27313017 27315004 27335004 27336005 27345009 27354008 27364006 27374034 27378032 27380016 27396022 27404036 27405002 27423006 27425016 27457021 27458013 27467004 27485013 27497022 27525020 27526013 27530002 27530029 27547003 27547029 27556012 27558002 27572002 27584013 27585007 27585042 27585054 27587002 27588013 27588029 27602020 27609006 27610007 27624008 27625006 27630009 27634030 27636003 27636041 27645002 27646027 27647016 27653012 27657008 27682002 27688006 27690044 27692002 27692013 27703023 27711014 27712011 27717004 27722007 27740025 27743035 27752024 27753035 27756011 27758033 27764022 27765006 27785006 27789002 27789028 27795002 27795040 27804002 27808009 27811023 27814002 27822007 27834011 27872008 27879005 27898006 27898020 27903022 27907006 27909002 27919026 27944033 27945015 27963030 27988012 27992009 28000018 28040057 28055015 28094005 28096048 28097020 28101009 28105006 28110021 28115010 28129011 28137023 28145011 28165020 28177007 28206017 28208028 28212028 28235015 28250009 28251031 28252034 28253004 28253018 28254004 28254017 28254040 28254050 28286005 28298026 28324009 28344033 28374022 28375013 28376012 28412011 28414015 28439014 28440039 28440042 28441030 28449019 28456013 28463037 28479006 28480019 28480037 28490014 28490021 28492009 28492027 28500021 28521004 28524002 28553019 28556021 28567007 28584028 28591023 28593014 28619010 28623004 28624019 28661002 28661016 28664015 28674005 28674014 28679006 28691011 28695014 28716005 28716009 28748010 28753014 28758013 28760013 28771011 28786006 28789049 28818020 28854006 28859023 28887013 28891021 28925017 28925041 28945016 28955047 28961006 28970057 28974035 29020007 29086003 29122043 29123003 29123007 29133017 29154006 29199003 29206004 29206014 29210017 29228024 29241034 29289013 29304018 29308023 29310009 29310016 29319012 29321006 29337004 29338006 29354022 29356012 29369015 29377002 29379008 29384013 29397004 29407062 29426012 29426017 29431026 29435019 29437011 29437020 29453020 29454018 29458013 29471030 29472023 29485005 29486012 29510026 29518009 29519021 29526019 29531013 29544024 29566042 29570009 29576021 29584016 29625003 29625033 29690013 29700021 29700030 29709019 29749012 29751020 29760002 29772003 29779003 29780009 29783009 29810003 29810009 29900014 29924012 29932032 29950015 29957004 29957007 29958024 29984004 29989019 30004014 30008011 30011034 30016025 30019007 30021025 30024007 30026018 30038014 30052019 30067027 30068013 30076039 30086009 30092042 30096024 30097018 30098031 30100013 30108014 30108019 30109008 30110007 30110015 30110026 30111006 30111012 30113025 30117023 30121037 30122002 30122009 30128023 30136021 30161002 30162015 30162026 30172012 30174014 30181009 30183014 30190013 30195006 30202025 30209006 30213006 30222005 30223014 30228016 30229008 30232011 30241035 30244019 30247012 30252005 30259058 30292006 30296003 30312002 30314015 30319020 30331002 30336003 30336015 30350005 30368004 30368013 30369002 30426017 30458041 30459022 30466004 30485022 30486003 30486010 30497007 30497017 30498013 30501006 30501032 30502009 30502024 30517009 30536020 30539013 30552018 30552026 30578021 30583004 30621012 30621023 30632002 30639026 30641062 30650008 30662005 30668012 30669030 30677008 30696024 30698024 30724003 30731025 30732006 30733003 30751008 30762025 30767010 30770020 30771016 30771020 30774011 30775008 30775023 30776011 30786034 30796008 30800005 30802008 30803015 30812024 30815004 30836008 30841008 30848016 30851005 30851017 30860020 30863017 30864003 30878002 30878011 30879005 30879028 30879042 30881014 30884006 30892024 30892033 30893012 30893031 30895024 30910013 30910023 30912009 30927004 30928016 30936019 30938035 30941009 30941016 30941024 30941030 30945008 30948007 30948014 30957023 30973002 30981004 30985006 30989008 30991009 30995013 31023002 31030018 31038032 31066007 31069006 31083013
piạbe|42|23317012 23366006 23366012 23548002 23548020 23721015 23775026 24332002 24333010 24519003 24519010 24679031 25478016 26057002 26243002 26417014 26503002 26904009 26960013 27328011 27531026 27618018 27744036 27823043 27924008 28025019 28028002 28050037 28283013 28684055 28763032 29388021 29407085 29768006 29797003 29848017 29848029 29870011 30107004 30107010 30169016 30642009
piạbem|1|30000005
piạben|6|23235015 25851005 28423009 28423012 28705037 30210008
piạbeng|9|24332019 24332022 24332026 24344023 24344026 24344030 27419009 27419015 28645056
piạe|1|30947015
piạem|4|28705021 28705023 28705025 28705031
piạewe|1|30798002
piạko|39|23376006 23412006 23752007 23998004 24168005 24185002 24508004 24602002 24635025 24759002 25010002 25254002 25289004 25397004 25412002 25641002 25923003 25963006 26008007 26097005 26212003 26213006 26370010 26610018 26855004 26867007 26867014 27128003 27204009 27235005 27327026 27350021 27582002 27630017 28474004 29845013 30772011 30773007 30853007
piạkong|1|23531041
piạku|1|27003015
piạu|72|24452010 24488027 24509007 24531011 24739005 25562018 26304007 26944020 28263002 28376004 28379002 28415002 28423016 28428002 28429004 28429008 28432004 28469002 28473011 28506003 28506025 28538026 28592003 28596003 28597013 28617003 28622015 28635002 28674030 28674049 28706002 28706020 28716002 28717003 28731016 28754003 28788003 28830002 28835029 28953008 28973009 28979012 28989011 29006006 29010006 29016013 29019002 29019010 29029008 29039018 29043023 29065008 29503007 29610005 29637005 29664032 29693003 29924015 30228005 30229005 30272002 30304004 30312011 30333002 30374009 30462002 30532011 30532028 30624002 30656004 31099021 31100003
polisi|6|23260035 23260037 25518045 27519011 27521008 27522004
pol᷊oěng|1|27868049
pondasi|11|25195035 28421017 28421029 28421044 28422019 28423005 28425008 29250007 31068008 31068013 31073013
pondasine|1|25196017
pondasing|1|31073003
ponde|1|25368006
pondol᷊'u|3|23532028 24745017 25437032
pondol᷊e|2|25676009 25676011
pondol᷊u|4|24863023 26855021 26932032 28207037
ponesě|3|27812029 28064019 28810007
ponggọ|2|25567012 25575033
pontode|2|24261042 29563029
popahu|1|25642007
popahě|2|23661013 24492014
poroseěng|2|29879020 29879037
poroseěngu|1|29879006
potokang|2|27209015 28153030
potě|3|28176020 28177002 28177024
potọ|2|23265011 30938017
potọe|2|23736011 29794004
potọko|1|25612010
poěngu|1|27692004
prajuritě|1|27700025
propinsi|1|27490016
propinsing|7|27491012 27596019 27608026 27617004 27631035 27789009 27858028
pualam|2|24062014 25233030
puhinengu|6|23680020 23808015 24888022 26139017 28439003 31043031
pukulě|1|26084018
pukul᷊ě|22|23623004 23623007 23798011 23799003 23802007 24001010 24176003 24456018 24456021 24852004 24861002 25980002 25980017 26163022 26209008 26209020 26840004 26965015 26998012 27263005 27290016 27758046
pulu|5|26502015 27353004 27849008 28702042 30517024
puluang|21|23285023 23299012 23926003 24428046 25449008 25449017 25516004 25826009 27404007 28478007 28495003 28712005 28955030 29735014 29853009 29856018 29857012 29973004 30338013 30515009 30516030
puluange|1|28466030
pulunge|2|27131019 29768010
pul᷊ahong|1|25177015
pul᷊ahoěng|1|30168017
pul᷊ane|1|24352008
pul᷊ing|4|23321012 25188006 25189016 25189049
pul᷊ingu|1|23322017
pul᷊ise|7|28123017 28522002 28669029 29143009 29476022 29529003 29870012
pul᷊isu|1|30940038
pul᷊o|68|23212003 23212009 23548018 23548025 23563027 23563033 23573028 23740026 23741021 23750011 24070027 24133022 24139016 24229003 24332021 24332024 24344025 24344028 24448016 25011008 25049014 25066009 25237023 25316024 25365008 25381004 25540016 25585017 25593025 25596017 25627022 26116008 26216011 26439015 26865032 26910025 26927008 26939014 27131029 27140007 27147003 27153037 27159050 27381015 27383008 27384029 27605032 27758028 27884019 27884036 27893010 28576016 29014012 29015029 29120023 29773021 30005025 30013013 30773014 30773026 30779005 30788020 30875032 30889005 30914020 30976009 31022007 31071016
pul᷊one|3|27045012 27748003 27756013
pundangu|1|28729025
pundasine|1|25195010
pungene|3|24654025 27626030 30945043
pungu|9|23989022 23989026 24745021 29055029 30040010 30636019 30812011 31067007 31083015
pupukě|2|25527022 25589010
pusakạ|10|24681022 25474013 25602013 25794035 27122020 27122045 28036014 29133011 30122005 30123003
pusakạe|2|23865027 26148007
pusig'E|1|26077021
pusig'i|2|26953017 27234014
pusig'u|1|23215017
pusige|2|25048013 27229024
pusigu|2|29816026 31064016
putung|68|23203023 23204031 23205022 23580008 23590009 23716030 23736033 24050021 24561013 24582027 24587003 24588004 24809021 24822007 25035027 25042051 25043027 25356028 25645024 25681011 25920018 25921011 26706023 26804015 26908012 26953009 26969024 27147027 27902022 27903012 27903028 27905013 28425013 28426024 29971025 30207002 30242007 30325028 30326004 30358023 30382021 30507017 30530017 30696010 30712014 30736021 30833010 30835012 30858045 30859010 30863031 30878012 30922018 30937029 30938002 30949012 30992033 31002022 31003026 31012011 31021012 31030005 31038057 31049013 31053014 31053016 31054017 31062024
putunge|11|23582010 24583002 24585003 25509009 25920005 28424019 29354023 29658002 30231029 30945011 31048020
putungu|3|23257035 30161016 30326025
putusang|7|25986043 27488015 27690022 27965016 28172002 28458023 30962015
putusang'E|2|28243018 29218010
putusang-Ku|1|26241016
putusange|2|28525007 28525016
putusangku|1|26398007
putusangu|1|30504026
putusu|1|27818017
puěngu|10|25514015 26237005 26237012 26701008 27619012 29452022 29695004 29802009 30263004 30476035
pěbangungke|1|23183031
pěbawal᷊uine|1|29975015
pěbawiahě|1|27970004
pěbawiahẹ̌ku|1|27828007
pěběbera|1|24250025
pěbẹ̌baesangu|1|23572027
pěbẹ̌bal᷊eěng|1|28879011
pěbẹ̌berang|1|29007015
pěbẹ̌biahengu|1|30996031
pěbẹ̌buakengu|2|23653006 24485008
pědame|1|23260010
pědarame|1|27772027
pědaramenu|1|25370023
pědarianding|1|30163023
pědeakeng|1|28919034
pědiang'E|1|23510005
pědise|1|30278007
pědisě|5|23805022 23990020 24746021 25857012 30827012
pědu|3|24164011 30287003 30904027
pěděndal᷊engu|1|28558030
pědẹ̌deakeng|1|27529038
pěgol᷊u|1|30118027
pěgěllị|1|24445009
pěgẹ̌gěllị|1|27793014
pěgẹ̌gěllịu|1|27533013
pěhabare|1|24430034
pěhabaru|2|29089030 30458008
pěhabarě|5|24203004 24722004 25783007 27080007 27840022
pěhabarẹ̌ko|4|24123006 25623016 26885030 29873004
pěhabarẹ̌kon|1|29449010
pěhabarẹ̌kong|1|23745011
pěhadeng|1|23248013
pěhaghu|1|29843004
pěhampasě|1|25778027
pěhampugang|2|23403018 23477021
pěhapa|1|24194005
pěhapị|1|29693020
pěharapeng|2|28316021 28736029
pěharapě|1|28258004
pěhengetang|1|25236022
pěhengetangke|1|23354019
pěhikingbe|1|29342021
pěhingide|1|28505002
pěhingidẹ̌ko|1|28264003
pěhukung|1|28265011
pěhěngking'E|2|25100014 30698025
pěhěngkinge|3|23346006 24238017 29924013
pěhěpusange|1|30526010
pěhěpusangu|1|30395017
pěhẹ̌pusange|2|29351032 30081024
pěkakal᷊iomanengang|1|24295007
pěkakauhi|1|28058023
pěkoạ|1|25401017
pěkẹ̌kal᷊irung|1|26806039
pěkẹ̌kamonaěng|1|24447010
pěkẹ̌koạ|3|24512024 24513016 27467034
pělahabar'u|1|29414017
pělahabari|1|29886019
pělahabaru|4|27106013 28553047 28685030 28906003
pělahabarě|1|28555017
pělahabarẹ̌ku|1|29174027
pělahal᷊ě|3|24917003 28974030 29041041
pělahal᷊ěkang|1|28988026
pělahal᷊ẹ̌kang|1|28986018
pělahapaěng|1|24675047
pělaharap'i|4|28738002 29563067 30396037 30440036
pělaharape|3|28317038 28737013 29617031
pělaharapeng|1|29698034
pělaharapi|3|29489022 30157008 30378039
pělaharapě|8|28050038 28141002 28551026 28679018 29277013 29895006 30063038 30084022
pělaharapẹ̌ku|1|27785007
pělahekang|5|23487028 24851011 27590011 28171024 28312011
pělahekangu|5|23961043 25386033 28018010 28171014 30382004
pělahene|1|29787012
pělahẹkom|1|29873024
pělahẹkon|1|23743013
pělahẹu|1|23649010
pělahinakang|1|24318014
pělahinakange|1|24120027
pělahukung|2|28118006 29655010
pělahukunge|1|30307019
pělahukungu|1|30530027
pělahěnsinuangeng|1|24619031
pělahěnsinuaěnge|1|24618029
pělal᷊ahingidẹ̌ku|1|28818026
pělal᷊ěbing|1|24067014
pělal᷊ěbingu|1|26866025
pělatorang|2|28440037 29202027
pělatorangu|1|29202005
pělli|6|23494028 24390020 25149019 27274015 27275023 27317023
pělline|1|28301017
pělliu|1|23296010
pěllokang|1|24151014
pěllọ|1|27856013
pěloěng|1|29180028
pěluhengkong|1|29352016
pělěsọkon|3|25971025 25973009 25975019
pělẹ̌habar'u|2|29573038 29811048
pělẹ̌habaru|6|27255036 27302007 27494032 27519015 28897042 29360009
pělẹ̌habarě|1|27617015
pělẹ̌hal᷊ě|1|24903005
pělẹ̌harapeng|2|26256020 28317006
pělẹ̌harapě|2|25182026 28052011
pělẹ̌liun|1|27142016
pělẹ̌liwiru|1|27349027
pělẹ̌lukadẹ̌be|1|24752033
pěmaehě|3|23892010 28274020 28274030
pěmahansang|1|29761017
pěmahansangko|1|29873028
pěmahiạ|1|25037022
pěmalam|1|28267002
pěmal᷊isẹ̌kon|1|30434011
pěmamaehang|1|23389019
pěmamahěta|1|24043030
pěmamal᷊angoěng|3|27858024 27868022 27868042
pěmamal᷊angoěngu|1|27666044
pěmamal᷊ui|1|28927008
pěmamanggilange|1|29502014
pěmamansage|1|23824021
pěmamantelě|1|29732006
pěmamantug'u|1|27643031
pěmamantugu|3|26119010 26579024 28462031
pěmamantugě|2|26918014 30823020
pěmamanuan|1|24249002
pěmamanuaěng|1|30211006
pěmamarentang|1|25381026
pěmamate|8|23954009 23954019 23954026 25456014 25457003 25457007 30462009 30862011
pěmamiasang|2|29756003 29756009
pěmamihingu|2|28793013 30076003
pěmamisaěng|1|25826029
pěmamitaugě|1|24194033
pěmamohekang|1|24957005
pěmamokạ|1|30106002
pěmamul᷊aho|1|23944035
pěmamunarang|1|27198010
pěmamunaranu|2|23806025 29715031
pěmamunaraěnge|1|23878014
pěmamunggal᷊ọ|1|30865008
pěmamurẹ̌si|1|26579021
pěmaměhaseng|2|24581020 24675042
pěmaměhasengu|1|31033034
pěmaměhaěng|1|23860026
pěmamělle|1|30401016
pěmaměllen|1|29095019
pěmaměllokang|1|27547024
pěmamělokange|1|28653019
pěmamělokangu|1|30252010
pěmaměnsạe|1|23579011
pěmanda|2|26558015 27718019
pěmandạe|1|26084002
pěmanggilangu|1|30396036
pěmaringangke|1|27689005
pěmasaěng|1|23276008
pěmatal᷊u|1|30435028
pěmate|2|23880018 26426023
pěmatạko|1|28267012
pěmekesě|1|27841029
pěmerenta|1|28268021
pěmohe|1|25627020
pěmpahul᷊iagě|1|23247014
pěmpahul᷊uasu|1|25384017
pěmpahul᷊uasě|3|24030027 30460003 31014015
pěmpahundal᷊eng|1|24215005
pěmpahundal᷊engke|2|25367003 26616014
pěmpahundal᷊engko|1|30226002
pěmpahunsangị|1|28261007
pěmpamehọe|1|23340012
pěmpamile|1|25564008
pěmpamunara|1|26285002
pěmpamělli|1|24018019
pěmpaměpidě|1|24889008
pěmpamětịkom|1|29502009
pěmpanarimạ|1|28259010
pěmpanarimạko|1|28898030
pěmpanarimạkon|1|29421002
pěmpanengkohě|1|25415018
pěmpangadatě|1|29634014
pěmpangal᷊ing|1|25371024
pěmpangimang|2|23981024 24739024
pěmpangimangke|3|23460022 24665013 26680022
pěmpangiral᷊ingu|1|23452002
pěmpangomol᷊ě|1|23570023
pěmpangonggọ|1|25182021
pěmpangumbala|1|29806017
pěmpangumbelẹbe|1|30478051
pěmpangumbelẹko|1|29677010
pěmpangumpaedě|1|28255010
pěmpangěndungko|1|23489005
pěmpangěnnau|1|23202002
pěmpanikạ|1|29049004
pěmpanodẹbeng|1|30696022
pěmpanoghasẹ̌ko|1|30363007
pěmpanurusě|1|23951004
pěmpaněnsomahě|1|24015013
pěmparal᷊u|1|23257029
pěmpaul᷊ị|1|24209006
pěmpaul᷊ịko|1|29560002
pěmpenodẹkong|1|30695011
pěmpěgěllịko|1|23426027
pěmpěhabarě|2|23710017 24206009
pěmpěharapẹ̌be|1|30388008
pěmpěkoạbe|1|28576005
pěmpělahẹu|1|29530023
pěmpělukadẹ̌be|1|27655043
pěmpělukadẹ̌ko|1|24789020
pěmpěluạko|1|29316015
pěmpěluạkon|1|29295006
pěmpělěgahu|1|29726004
pěmpěmaehě|1|28274002
pěmpěmaehẹ̌be|2|28274013 28274023
pěmpěmalasě|1|28257004
pěmpěmanda|1|26186002
pěmpěmantugẹ̌ko|1|30392041
pěmpěmile|2|27105005 28455002
pěmpěnarimạ|1|30220004
pěmpěnaungko|5|30729005 30735005 30747005 30753005 30769005
pěmpěnaụ|1|23300011
pěmpěnděmme|1|29526007
pěmpěnděmusẹ̌be|1|23300007
pěmpěngane|1|28260022
pěmpěngarẹ̌gangben|1|29635002
pěmpěnggeako|1|29685018
pěmpěngobotě|1|29806014
pěmpěngěnnau|1|23252002
pěmpěngětọ|1|27890006
pěmpěnode|1|28833010
pěmpěnoghasẹ̌ben|1|30448011
pěmpěnonggol᷊ẹ̌be|1|23286008
pěmpěněle|1|28779011
pěmpěnạdia|1|25873009
pěmpẹ̌bal᷊ị|1|27016013
pěmpẹ̌bawa|6|23427002 23428003 25305002 25305013 25368002 25901013
pěmpẹ̌bera|4|25369007 25374018 25408012 25876002
pěmpẹ̌berạe|1|25662017
pěmpẹ̌biahě|2|30466017 30694002
pěmpẹ̌biahẹ̌be|2|29501017 29548015
pěmpẹ̌biahẹ̌ko|4|28519012 29297003 30416003 30432009
pěmpẹ̌binsị|3|23278013 28582013 30696027
pěmpẹ̌bul᷊on|1|29842022
pěmpẹ̌běke|1|24548017
pěmpẹ̌dalahapị|1|28464015
pěmpẹ̌dal᷊ahiborě|1|29633003
pěmpẹ̌dal᷊ahirị|1|28280031
pěmpẹ̌dal᷊ukadẹ̌ko|1|24093022
pěmpẹ̌daringihě|2|24480005 27119013
pěmpẹ̌daringihẹ̌ko|2|30351030 30918009
pěmpẹ̌deạ|1|25415012
pěmpẹ̌deạbe|1|23429010
pěmpẹ̌dorongke|1|25366017
pěmpẹ̌dẹ̌deạbe|1|29548017
pěmpẹ̌gaghěllịkong|1|29305016
pěmpẹ̌galundung|1|26301008
pěmpẹ̌gausě|1|29519015
pěmpẹ̌habaru|1|24889013
pěmpẹ̌habarě|1|25218011
pěmpẹ̌habarẹ̌ko|1|25373009
pěmpẹ̌haungke|1|31098027
pěmpẹ̌kadarewen|1|25040033
pěmpẹ̌kakal᷊imona|1|28256018
pěmpẹ̌kakal᷊iomaneng|1|30371009
pěmpẹ̌kakoka|1|28280027
pěmpẹ̌kakělla|2|24202015 24446013
pěmpẹ̌kakěndagě|1|29305010
pěmpẹ̌kal᷊iomaneng|9|23279013 23292002 24736002 25911014 29449008 29639002 29680006 30260002 30693030
pěmpẹ̌kal᷊iomanengke|1|30641029
pěmpẹ̌kal᷊iomanengko|4|24096004 24793009 29356015 29535024
pěmpẹ̌kal᷊iomanengu|1|25175008
pěmpẹ̌kawing|1|29778011
pěmpẹ̌kawingke|1|28497010
pěmpẹ̌kaěng|1|27889012
pěmpẹ̌kaěngke|2|24081030 30310017
pěmpẹ̌koakọ|1|23283012
pěmpẹ̌komol᷊ě|1|31035025
pěmpẹ̌konti|1|29298016
pěmpẹ̌koạ|4|29395002 30306003 30723016 31000002
pěmpẹ̌koạbe|1|25174021
pěmpẹ̌koạko|1|23316008
pěmpẹ̌kurubụ|1|28578006
pěmpẹ̌kěndagẹ̌ben|1|25174015
pěmpẹ̌kěndung|1|30356011
pěmpẹ̌kětạbeng|1|30247010
pěmpẹ̌kẹ̌kal᷊iomaneng|1|25863003
pěmpẹ̌pakẹem|1|29354006
pěmpẹ̌pakẹkom|1|29351006
pěmpẹ̌papahẹ̌do|1|28634022
pěmpẹ̌papangakungkong|1|30371003
pěmpẹ̌pudị|1|28315012
pěmpẹ̌pětịko|1|25855008
pěmpẹ̌sahigě|1|28280022
pěmpẹ̌sangị|2|25298016 30347003
pěmpẹ̌sul᷊e|1|28493034
pěmpẹ̌sěding|1|29700042
pěmpẹ̌sěmpị|1|23922005
pěmpẹ̌taghiawahě|1|26696023
pěmpẹ̌tahěndung|3|23870002 25464003 26731016
pěmpẹ̌tatal᷊ěntụ|1|30433019
pěmpẹ̌tatamba|1|28493035
pěmpẹ̌tatingangko|1|29439017
pěmpẹ̌tatinggụkon|1|30457028
pěmpẹ̌tatoghasě|1|29633005
pěmpẹ̌tatuměgal᷊ẹ̌ko|1|28680009
pěmpẹ̌tatumẹ̌gal᷊ě|1|29637014
pěmpẹ̌tatěntiro|1|29534019
pěmpẹ̌tatẹ̌gehě|1|28691026
pěmpẹ̌tatẹ̌gu|1|29534025
pěmpẹ̌tatẹ̌tehě|1|28294009
pěmpẹ̌tawakal᷊i|2|29055011 29306017
pěmpẹ̌teghang|2|27472023 30646003
pěmpẹ̌timbang|1|28583016
pěmpẹ̌tobate|3|24231009 27016007 30750021
pěmpẹ̌tobatě|3|24220024 26039017 30734003
pěmpẹ̌tobatẹ̌ko|1|30766020
pěmpẹ̌tol᷊e|1|30743011
pěmpẹ̌tuhụ|1|23922008
pěmpẹ̌tumpaedě|1|29164018
pěmpẹ̌těmpal᷊ungkangke|1|28718009
pěmpẹ̌těngkal᷊omeng|1|30216021
pěmpẹ̌těngkarěmmasě|1|28713005
pěmpẹ̌těngkasěllungko|1|30345004
pěmpẹ̌těngkatode|1|25666011
pěmpẹ̌těnnoko|1|30249029
pěmpẹ̌těno|1|30998021
pěmpẹ̌těnoko|1|28450012
pěmpạngimang|1|28505022
pěmunara|3|23794023 23797010 23800019
pěmělli|1|25901024
pěměnsọ|1|26928020
pěměrenta|7|28269007 28270011 28270032 28271002 28272009 28273013 28274011
pěmẹ̌maehě|1|25938025
pěmẹ̌mahansang|1|29873013
pěmẹ̌manti|1|30846011
pěmẹ̌maringang|1|27753025
pěmẹ̌mate|1|23186025
pěmẹ̌mohangu|1|25082026
pěmẹ̌munara|1|23795017
pěmẹ̌měllọ|1|27520021
pěnaghipo|1|26895020
pěnahiring|1|25122022
pěnahutěngadẹ̌kong|1|23350020
pěnal᷊oahě|1|24970016
pěnamekangu|1|25460012
pěnampakeng|1|26867021
pěnanahaning|1|27583028
pěnanahuntěngadě|1|29120028
pěnanal᷊apidě|1|30428010
pěnanal᷊udě|1|30707016
pěnanampạ|1|30195023
pěnanampạku|1|24763021
pěnanarimạ|1|29570006
pěnanawungang|2|30110012 30831006
pěnanighadu|1|27500036
pěnanol᷊oěng|1|25439018
pěnantu|1|28281005
pěnaněbal᷊u|1|30500014
pěnaněllidu|2|27195007 30047010
pěnaněntiro|1|27609013
pěnanětạ|1|26868010
pěnanětạu|2|25990008 29895025
pěnarimạ|1|29783002
pěnasako|1|29924005
pěnata|1|27374048
pěnaungko|1|30760005
pěndal᷊ahe|1|23895005
pěndal᷊ampang|1|29122018
pěndal᷊ěbingang|1|27133013
pěndal᷊ěbingange|1|26942008
pěndal᷊ěsọ|1|27355017
pěndal᷊ẹ̌bing|1|26588017
pěndal᷊ẹ̌bingang|2|25273041 26562011
pěndal᷊ẹ̌bingangu|1|24137021
pěndang|5|23728006 28682015 28910012 29304022 30136019
pěndange|5|23705011 24093012 28304005 28810001 29292005
pěndangeng|3|23855004 27497016 30223018
pěndangengku|6|27462002 27826009 27850026 27851017 27866006 28514009
pěndangku|5|25239002 27824004 28619015 28677016 29369016
pěndangkuwe|1|28528013
pěndangu|16|25134014 26024008 27457014 28272020 28286030 28677019 29304019 29370011 29437012 29437021 29526020 29534040 29754030 30156024 30224043 30524023
pěndaral᷊ẹ̌keng|1|27923041
pěndaresokange|1|25043018
pěndaresokangu|1|25484017
pěndaresoěnge|2|23309017 23592029
pěndariadi|1|30973024
pěndariagateng|1|23860032
pěndiagạbeng|1|27655004
pěndiahiang|1|24767026
pěndoloh'i|2|24444004 25648015
pěndolohen|2|23613022 27265002
pěndolohẹ̌kon|1|27292002
pěnděmusě|1|26448006
pěnenggehě|1|26885002
pěngacara|1|27771021
pěngadatě|3|24608021 28274039 30417018
pěngadilangu|1|30161012
pěngaho|1|25394018
pěngahạ|1|23296003
pěngakal᷊ě|1|27373005
pěngal᷊akeng|2|25264026 25758025
pěngal᷊akengu|1|24349019
pěngal᷊imona|2|23470021 24970014
pěngal᷊ạ|1|31098038
pěngal᷊ạko|1|30365022
pěngangadat'u|1|23431010
pěngangagaman|1|30293016
pěngangahěbụ|1|25445027
pěngangahạ'E|1|29289004
pěngangakal᷊'i|1|29287029
pěngangakun|1|29068018
pěngangambang|1|30288028
pěngangampal᷊i|1|30057036
pěngangangěnsilě|1|25040029
pěngangansang|1|28873022
pěngangantang|1|29785024
pěngangantibe|1|24002019
pěngangarěga|1|27773010
pěngangawasang|1|30993024
pěngangiaking|1|29221021
pěngangimang|24|28412038 28535056 28539005 28540020 28710032 29098038 29278007 29286010 29354007 29354016 29489009 29489014 29500027 29502016 29555032 29597016 29862025 29869029 29894036 30299019 30481025 30485008 30629018 30676042
pěngangimange|4|28537013 28539013 28563013 29908017
pěngangimangi|1|28400006
pěngangimangu|7|23662011 27922011 28733026 28736010 29741011 29815004 29846010
pěnganginjil'i|1|24894025
pěnganginung|3|29511013 30450031 30839019
pěngangirul᷊e|1|30024009
pěngangirul᷊en|1|30024011
pěngangirul᷊eng|1|30021013
pěngangongkosě|1|29036027
pěngangubul᷊ang|1|24368014
pěngangumbalane|1|30423026
pěngangumbelekang|1|30064011
pěngangundangu|1|24260026
pěngangěnnaku|1|28677024
pěngangěnnan|1|28677027
pěngangěnnang|1|28088002
pěngangạgama|1|29859008
pěngaungang|1|27668033
pěngaweng|1|29952012
pěngawengu|1|29976015
pěngeke|1|23728014
pěnggaghaghutaěng|1|27814021
pěnggaghaghutaěnge|1|27117006
pěnggaghohaeng|1|25961014
pěnggaghutaěng|5|27031018 27038012 27570022 27575017 28888009
pěnggaghutaěnge|2|29788008 30300021
pěnggaghutaěngu|4|27808047 27809015 27822028 27856021
pěnggeangkong|1|28916011
pěnggisingko|1|29761010
pěnggolang|1|30813039
pěngguntingang|1|27209023
pěngirul᷊eěng|1|23533015
pěngomol᷊ang|1|25478033
pěngomol᷊angu|1|25477013
pěngoro|1|26100006
pěngoroko|1|25067011
pěngukurě|2|30874015 30875003
pěngumbala|1|30343002
pěngurihẹ̌ko|2|29873022 29924007
pěngědal᷊u|1|29876007
pěngěnna|1|30216002
pěngěnnau|1|26256002
pěngěnsue|2|25518014 28944008
pěngěnsueěnge|16|23422002 23801024 24180010 24927016 25066023 26572017 27318010 27864014 27948033 28727002 29587040 29878021 30010014 30412020 31060023 31094014
pěngěnsueěngu|2|27651033 27727012
pěngẹ̌dung|1|25368010
pěngẹ̌ngal᷊ạ|1|24687011
pěngẹ̌ngonggọu|1|27302013
pěnodẹkong|1|29916005
pěnodẹu|1|26114014
pěnokol᷊'u|1|24375013
pěnokol᷊ẹ̌kon|1|23426014
pěnondangkon|1|24260028
pěnopeěng|2|23324016 23325019
pěnotě|1|25567008
pěnsakeng|2|26192027 30942042
pěnsạ|2|25366005 30942028
pěnualagenge|1|30042022
pěnualagě|1|23576021
pěněnokol᷊u|1|24557027
pěněnsomahě|1|27644017
pěněntal᷊ang|1|23208007
pěněntangu|1|27723012
pěněntiro|2|27567016 29761019
pěněntiroěnge|1|24486016
pěněpasẹ̌kom|1|30449006
pěnẹ̌nahaniang|1|26073015
pěnẹ̌narimạ|1|30925018
pěnẹ̌nualag'u|1|24334028
pěnẹ̌němba|1|27571014
pěnẹ̌něsuiko|1|29322005
pěpakekon|1|29787007
pěpal᷊ě|3|24957004 27900011 30110039
pěpide|1|23441026
pěpạ|2|30277024 30278011
pěral᷊ahěmpukang|1|28186036
pěral᷊ahěmpukange|1|28251032
pěral᷊ahěmpukangu|1|28915003
pěrararendehě|1|26457043
pěreisě|3|28565019 28565029 29435015
pěrkara|3|27792014 27792020 27817031
pěrkaraku|3|27807022 27918002 27919014
pěrkarane|2|27818015 27822025
pěrkarang|4|24149018 25696009 25697007 27811012
pěrkaranu|1|27770011
pěrwira|10|27697007 27730016 27731004 27752007 27758007 27793005 27862003 27867002 27887008 27899003
pěsěngkatau|1|28174020
pěsẹ̌sasahusuang|1|29033025
pětahatěllung|1|28706014
pětahạ|1|27342014
pětandungange|1|28568037
pětanạe|1|25306008
pětikang|1|26115013
pětěngkatodẹko|1|23350013
pětẹ̌tanakengku|1|27319020
pětẹ̌timbangeng|1|25126013
pětẹ̌tobatě|1|27554021
pětẹ̌těngkal᷊ahẹkangu|1|30952007
pětẹ̌těngon|1|27778007
pẹ̌bal᷊i|1|25947021
pẹ̌bal᷊u|1|24610018
pẹ̌bal᷊ị|3|23182014 29417023 29420011
pẹ̌bal᷊ụ|2|23784013 25901020
pẹ̌bangung|1|27345034
pẹ̌bangungke|6|23190015 24406019 25210022 27223004 27257025 29319021
pẹ̌bangungko|1|27273009
pẹ̌batụko|1|27203017
pẹ̌bawa|4|25122032 26909008 27750027 27755016
pẹ̌bawadang'E|1|29504011
pẹ̌bawadange|1|28754015
pẹ̌bawaesangu|1|30996021
pẹ̌bawal᷊eěng|2|28879023 28887018
pẹ̌bawal᷊ukange|1|23878022
pẹ̌bawal᷊ị|1|26448022
pẹ̌bawangung|2|30047016 31045010
pẹ̌bawangung'E|3|27542061 27935020 29432015
pẹ̌bawangung-Ku|1|24783003
pẹ̌bawangungu|4|24697003 25807021 25813003 29846016
pẹ̌bawansag'i|1|25959018
pẹ̌bawatụ|1|28281018
pẹ̌bawawisarang|1|29809011
pẹ̌bawawua|2|27432023 30685054
pẹ̌bawawul᷊o|1|30339008
pẹ̌bawawuno|1|24725006
pẹ̌bawawusa|1|23944037
pẹ̌bawawusang|1|30450028
pẹ̌bawawěsohě|1|29933010
pẹ̌baweram|1|28700012
pẹ̌bawiah'E|2|28870013 30596017
pẹ̌bawiah'U|1|29976025
pẹ̌bawiah'i|33|23562016 24343004 25260015 27023038 27844029 28096055 28369010 28543021 28554013 28591044 28612006 28738009 28750016 28790009 28871020 29042046 29048030 29269018 29320007 29389006 29444011 29566037 29579018 29615011 30038003 30064018 30247002 30326032 30450019 30596027 30621027 30621035 30903030
pẹ̌bawiah'u|6|23316012 25475020 25646009 26309027 28147033 29185008
pẹ̌bawiahe|27|23457007 23698007 23698011 23698016 24536005 24536008 24536014 24537019 25326006 25326011 25326017 25327016 25685004 25685007 25685012 26491018 26492018 26606005 26606021 26713013 28451051 29301016 29440024 29993012 30081018 30526015 30620021
pẹ̌bawiahi|11|28058038 28813015 29188017 29502010 29521007 29551014 29614030 30352006 30449007 30671006 30693012
pẹ̌bawiahu|21|23308007 25482016 25491011 27017013 28081006 28401006 28449026 28454008 29124025 29320011 29472011 29472021 29755010 29756023 29760041 29786028 29958031 30046015 30392047 30503011 30662027
pẹ̌bawiahě|158|23331010 23457004 23457012 23457022 23562020 23699016 23699019 23779023 23792039 24055020 24538004 24606035 24619046 25389022 25602031 25707020 25741017 25831033 25861019 26049005 26049007 26058007 26136009 26137029 26157010 26157026 26171037 26193012 26232009 26232018 26232025 26235019 26235036 26237006 26237013 26250016 26251011 26285018 26291020 26293006 26298019 26305006 26306006 26309011 26311027 26312010 26321034 26326023 26367023 26394031 26492016 26510004 26549005 26631008 26675014 26762015 26763004 26899028 26978012 27012012 27080012 27326044 27409047 27411028 27549015 27556007 28066031 28069044 28073032 28079018 28079022 28080013 28082036 28092008 28102012 28123019 28127021 28155013 28227049 28433006 28451038 28471022 28840048 28848039 28872019 28882064 28920033 29102022 29106012 29118012 29188008 29197034 29252002 29291012 29295010 29384004 29407041 29436014 29505011 29522003 29527006 29528010 29640005 29713039 29801016 29802011 29808021 29808026 29811049 29820027 29850009 29895014 29895022 29929036 29931015 30154015 30208030 30229013 30279027 30378025 30393013 30432033 30435012 30485014 30485017 30487002 30506045 30537027 30542008 30543002 30543023 30543028 30576013 30594016 30595021 30613021 30636012 30636020 30637007 30637017 30638017 30641022 30641040 30641056 30641071 30642013 30645049 30694023 30725022 30728052 30828026 30884009 31060037 31082012 31083016 31095016 31098042 31100029
pẹ̌bawiahẹ̌ku|6|27651007 27651034 27736034 29071007 29453003 29550012
pẹ̌bawimbong|1|26030011
pẹ̌bawinsị|1|29304020
pẹ̌bawisaraku|1|28677008
pẹ̌bawisaran|1|28677011
pẹ̌bawisarane|1|28707021
pẹ̌bawisaranu|1|24128028
pẹ̌bawul᷊o|2|28375014 29793022
pẹ̌bera|8|23830007 23890007 24073012 24688049 24769005 25473015 25802006 30367020
pẹ̌berai|2|25655012 29784005
pẹ̌beraiko|1|25771015
pẹ̌berako|2|23430008 25763012
pẹ̌berau|1|30280009
pẹ̌berạe|1|26067003
pẹ̌biahe|1|29274018
pẹ̌biahě|1|29313030
pẹ̌biahẹ̌ko|2|28517022 29320015
pẹ̌buaěngu|1|24654040
pẹ̌buạ|2|24638031 25155020
pẹ̌buạko|1|27203012
pẹ̌běke|2|23350009 24260004
pẹ̌běkeng|1|25285004
pẹ̌dalo|2|28623039 30368022
pẹ̌daloko|1|30934012
pẹ̌dal᷊ahae|1|30692008
pẹ̌dal᷊ahaedangu|2|29529010 29529023
pẹ̌dal᷊ahaedě|1|30298009
pẹ̌dal᷊ahaen|1|29131007
pẹ̌dal᷊ahapị|2|29091035 29945006
pẹ̌dal᷊ahopa|1|29183007
pẹ̌dal᷊ahěmpukang|3|28536010 28813024 29289014
pẹ̌dal᷊ahěmpukange|2|26166025 29486013
pẹ̌dal᷊emboěngu|1|30823016
pẹ̌dame|1|23259014
pẹ̌daral᷊aị|1|25511019
pẹ̌daral᷊embo|1|30675014
pẹ̌daral᷊embon|1|28972010
pẹ̌daral᷊iang|2|29933003 29933012
pẹ̌daral᷊uasě|1|26601009
pẹ̌darame|35|23244005 23452007 23452015 24399024 24589023 24973024 24988008 25003018 25246021 25294020 25369011 25370007 25511010 25511016 25586023 25774013 27296025 28009007 28049021 28123022 28337006 28503048 29055032 29205021 29245031 29247010 29276007 29452023 29533008 29533032 30227002 30338009 30338015 30436021 30798017
pẹ̌daramene|1|24313012
pẹ̌darameng|1|29244007
pẹ̌daramenu|1|25370010
pẹ̌dararag'u|1|29818029
pẹ̌dararal᷊aị|1|29183018
pẹ̌dararendeh'u|1|29809016
pẹ̌dararendehu|2|27573005 29851005
pẹ̌dararendehě|5|27586016 28922029 28976030 29703013 30061025
pẹ̌dararol᷊ě|1|27097004
pẹ̌dararudatong|1|27625021
pẹ̌darasengangu|1|31048012
pẹ̌dariandi|16|27022016 28848012 28849003 28849049 28850004 28851002 28851014 29242029 30106004 30106010 30121010 30121057 30124003 30150004 30237009 30262032
pẹ̌dariandin|1|25885019
pẹ̌daringihě|4|23475006 23549013 25589018 29153013
pẹ̌daringihẹ̌ko|2|23583027 23772002
pẹ̌daroa|1|26998017
pẹ̌darokạ|1|23452018
pẹ̌dasehang|1|23978011
pẹ̌deạko|1|23303004
pẹ̌dorong|6|24260013 25122019 25666015 27750024 28260015 30434013
pẹ̌dorongke|1|23418002
pẹ̌du|4|25092009 25158011 29299006 29304008
pẹ̌dune|1|29725016
pẹ̌děndiagạ|1|24428008
pẹ̌gaghaghighilě|1|28300009
pẹ̌gaghaghohaeng|2|27626035 29043033
pẹ̌gaghaghonggạ|1|27628002
pẹ̌gaghaghutaěnge|2|27624024 27820017
pẹ̌gaghaghutaěngu|1|27919017
pẹ̌gaghohaeng|1|27626021
pẹ̌gagholangu|3|26214023 26215020 26218013
pẹ̌gaghuhaeng|1|25836011
pẹ̌gaghuta|1|27081038
pẹ̌gaghutaěng|1|26839020
pẹ̌gause|1|26707016
pẹ̌gausẹ̌ko|1|30272012
pẹ̌gol᷊u|1|30119011
pẹ̌gěllikangu|1|26657007
pẹ̌gěllịu|1|29842005
pẹ̌gěnggohaeng|1|27782015
pẹ̌gẹ̌gausě|1|25199025
pẹ̌habarě|1|29105002
pẹ̌hengetang|1|25203012
pẹ̌kadodọ|6|23552021 26265024 26660019 27793017 28877012 29787009
pẹ̌kakaghiange|1|23164016
pẹ̌kakakating|1|29592002
pẹ̌kakakawing|1|31025016
pẹ̌kakakoka|1|29183011
pẹ̌kakakomol᷊ě|2|29425045 30159011
pẹ̌kakakonti|1|26347027
pẹ̌kakakoạ|3|27381005 29847034 30420029
pẹ̌kakakoạu|1|30419016
pẹ̌kakakědang|1|28309007
pẹ̌kakakědangu|1|30538003
pẹ̌kakakědo|14|27125005 27830013 27831031 28918007 29118017 30087011 30099021 30099030 30100006 30100014 30101023 30102003 30102030 30103008
pẹ̌kakakědo'm|1|24779012
pẹ̌kakakědon|2|29756022 30126013
pẹ̌kakakědon'E|1|30062028
pẹ̌kakakěndag'i|3|29603016 30455013 30487015
pẹ̌kakakěndagi|1|29603023
pẹ̌kakakěndagu|1|28256012
pẹ̌kakakěndagě|11|23497011 23942038 28679020 28791008 28905032 29056008 29289038 29307006 29530024 29857005 30487009
pẹ̌kakakěndagẹ̌ko|1|30397032
pẹ̌kakakẹ̌do|2|28160025 29118028
pẹ̌kakakẹ̌do'n|1|28626016
pẹ̌kakakẹ̌don|2|28037026 30519005
pẹ̌kakal᷊ioamanengang|1|23925020
pẹ̌kakal᷊iomaneng|8|27106011 27438017 28618011 28635021 28812007 29563015 30432046 30483013
pẹ̌kakal᷊iomanengang|45|23233014 23285028 23288016 23398019 23415023 23499010 23840025 23953039 24237020 24239014 24245008 24255016 24290007 24387014 24410011 24658029 24727024 25079007 25080022 25084025 25092005 25097004 25102006 25153012 25201013 25449015 25471008 25529010 25778020 25839020 26317013 26463040 26475029 26476015 26623036 26729009 26806020 27111015 27111022 27237010 27497025 27500010 27547015 27724016 30252023
pẹ̌kakal᷊iomanengange|2|23403011 23504008
pẹ̌kakal᷊iomanenge|1|28493020
pẹ̌kakaradiahang|1|30217004
pẹ̌kakariangkamang|1|28032002
pẹ̌kakarạdiahangku|1|29417035
pẹ̌kakauh'i|3|27980029 28069030 28186018
pẹ̌kakauh'u|1|28127026
pẹ̌kakauhe|2|27948049 28193011
pẹ̌kakauhen|1|30556025
pẹ̌kakauhi|3|28059030 28187010 29149021
pẹ̌kakauhu|8|27948014 28016011 28192011 28222021 28225009 28796032 29103009 29167012
pẹ̌kakauhě|6|28080016 29114025 29431027 29431040 29467013 30579007
pẹ̌kakawing|7|23875015 25496010 25562007 25574008 26097007 28527024 30246012
pẹ̌kakawinge|4|23395013 25045012 28502012 28502032
pẹ̌kakawingu|2|28527028 31027015
pẹ̌kakereapa|1|25518010
pẹ̌kakiral᷊ang|1|30483020
pẹ̌kakiral᷊aěngu|1|30590004
pẹ̌kakomol᷊angu|1|26806027
pẹ̌kakoạ|19|23245007 24679018 25967016 26764010 27390046 27432013 28266023 28295020 28524008 28524030 28576026 28983015 30244013 30298002 30322010 30439009 30442003 30442012 31092005
pẹ̌kakoạu|1|23775022
pẹ̌kakědo|1|27397036
pẹ̌kakědon|3|24083007 30071033 30186014
pẹ̌kakědon'E|3|24966012 30063017 30190027
pẹ̌kakědone|1|30093023
pẹ̌kakědong|1|30446034
pẹ̌kakěndagě|1|30696023
pẹ̌kakẹ̌do|1|28237004
pẹ̌kakẹ̌don|1|29120008
pẹ̌kal᷊iomaneng|4|23289014 30241029 30368011 30641084
pẹ̌kal᷊iomanengbe|1|29357003
pẹ̌kal᷊iomanengko|1|27199009
pẹ̌kantarị|1|30368021
pẹ̌kantarịko|1|29534036
pẹ̌kapura|1|28748036
pẹ̌kapuraneng|2|24839015 27039006
pẹ̌kapuraneng'U|1|23375013
pẹ̌kapuranengu|1|24372014
pẹ̌kapuraěng|1|23867014
pẹ̌kapuraěngu|1|24240006
pẹ̌karadiahangko|1|29876025
pẹ̌kawasaěngu|3|27842022 29181014 30247004
pẹ̌kawing|2|23897025 25808027
pẹ̌kawing'E|1|31025028
pẹ̌kiral᷊aěnge|1|25450009
pẹ̌kiral᷊aěngu|1|30610034
pẹ̌koạ|3|23529018 25968008 29947017
pẹ̌koạe|1|28270036
pẹ̌koạko|1|29876017
pẹ̌kui|5|25566020 27265006 27292005 27293011 30369009
pẹ̌kuiko|1|27321024
pẹ̌kěllạe|1|25731008
pẹ̌kětakengu|1|30027028
pẹ̌kẹ̌kakěndagě|1|28256006
pẹ̌kẹ̌kawasaěng|1|27298041
pẹ̌kẹ̌kawasaěngu|1|28124005
pẹ̌kẹ̌koạ|1|28557019
pẹ̌kẹ̌takenge|1|28987031
pẹ̌kẹ̌takengu|1|28986017
pẹ̌kạdodọ|1|28779014
pẹ̌lal᷊ahe|1|29024021
pẹ̌lẹ̌habaru|1|29089015
pẹ̌lẹ̌hěmbung|1|28616010
pẹ̌mamamundal᷊'i|1|27860007
pẹ̌ngimangeng|1|29822020
pẹ̌ngumbal᷊erang|1|28811029
pẹ̌padul᷊iangu|1|30530008
pẹ̌pahangeng|1|28869017
pẹ̌pahiakeng|1|27103040
pẹ̌pake|1|28611013
pẹ̌pakeang|1|29726009
pẹ̌paketang|2|26994013 27598008
pẹ̌pandaěng|1|26983026
pẹ̌pandaěngu|1|24276017
pẹ̌papadul᷊iangu|1|27621029
pẹ̌papahiakengu|1|27382008
pẹ̌papahiạeng|1|25882021
pẹ̌papakẹu|1|30428013
pẹ̌paparentan|1|23171012
pẹ̌paparentang|2|25027005 27336038
pẹ̌papuasa|1|27438019
pẹ̌papul᷊awengu|1|30428017
pẹ̌papěrjamuang|1|25881014
pẹ̌papẹ̌diange|1|24369019
pẹ̌pareakeng|1|26354015
pẹ̌parentako|1|24194003
pẹ̌parentaěngku|1|24431028
pẹ̌patengu|1|30210013
pẹ̌paul᷊ikangu|1|28549016
pẹ̌pentehangu|1|30210010
pẹ̌piang|1|28499012
pẹ̌pěndangeng|1|24789012
pẹ̌pětikang|1|29252011
pẹ̌pětị|1|30749003
pẹ̌sahiding|1|24260016
pẹ̌sahěllo|1|23805018
pẹ̌saraěng|2|27491003 28985038
pẹ̌sasabar'E|1|27967016
pẹ̌sasabare|1|29713017
pẹ̌sasabarě|2|28142020 28903028
pẹ̌sasahani|1|27297016
pẹ̌sasahidin|2|30803028 30880006
pẹ̌sasahidin'E|1|30700025
pẹ̌sasahiding|2|24727048 26780021
pẹ̌sasakaengi|1|25272007
pẹ̌sasalu|2|30061020 30085014
pẹ̌sasalun'E|1|30062026
pẹ̌sasal᷊a|34|23744027 25897020 26824027 26830029 26832040 27391006 27802026 27805012 27831039 27918021 28017015 28066028 28150019 28240020 28241023 28241033 28303020 28540006 28897025 28929025 28997041 29046010 29051017 29543005 29610008 29610033 29674007 29786022 29847035 30091022 30121051 30371004 30420015 30448026
pẹ̌sasal᷊ag'i|1|23295003
pẹ̌sasal᷊aine|1|24430012
pẹ̌sasal᷊aku|1|29036035
pẹ̌sasal᷊an|9|23298007 25154010 26815014 27604012 27951038 29788013 29873025 30105005 30113038
pẹ̌sasal᷊an'E|2|24153003 25958013
pẹ̌sasal᷊ane|7|23743014 26380010 28028020 28030004 29543010 30230028 30999015
pẹ̌sasal᷊ang|9|23297018 23298019 26408008 27564024 29235013 29509003 29604014 29902026 30101007
pẹ̌sasal᷊imbang|1|29184004
pẹ̌sasal᷊imbangenge|1|23883028
pẹ̌sasamedě|1|29793023
pẹ̌sasarakang|1|25001030
pẹ̌sasasabarě|1|29873035
pẹ̌sasaseke|3|23964010 24725009 30802044
pẹ̌sasasingking|1|30336004
pẹ̌sasasombang|1|27543008
pẹ̌sasasunatě|3|27125012 28506020 29201019
pẹ̌sasasundalě|1|27472028
pẹ̌sasasundal᷊e|1|30980032
pẹ̌sasasundal᷊ě|4|27463050 29607013 29611015 30680027
pẹ̌sasasěbạ|1|28746022
pẹ̌sasasědụ|1|29794002
pẹ̌sasasěngkul᷊ě|1|28620005
pẹ̌sasasěsilě|2|24130034 25984018
pẹ̌sasasẹ̌du|1|29183010
pẹ̌saseke|7|23964006 25836009 29392011 29392016 29630051 30758022 30899007
pẹ̌sasikol᷊aěng|1|27595057
pẹ̌sasilontahě|6|28374023 28473017 28475007 28712014 30336016 30339006
pẹ̌sasitori|8|24315010 25889006 27413024 28354014 29244027 29701023 29934003 30682018
pẹ̌sasombang|1|29084019
pẹ̌sasombangengu|1|30236007
pẹ̌sasunatě|1|28507006
pẹ̌sasundal᷊'e|1|30935028
pẹ̌sasundal᷊e|3|30978014 30997009 31020022
pẹ̌sasundal᷊ě|12|27690058 28456014 28481032 28486003 28486024 28576006 29182011 29308007 29309011 29523012 30862013 31003007
pẹ̌sasunduange|1|27925007
pẹ̌sasědụ|1|29246019
pẹ̌sasěngkapiang|1|29488011
pẹ̌seketang|5|29349004 30066020 30069031 30850023 31029030
pẹ̌sengkatau|1|28538025
pẹ̌suba|2|31028019 31090010
pẹ̌subaěng|1|29714008
pẹ̌subạ|1|31028022
pẹ̌sul᷊e|7|23190022 23976006 24527011 24734006 25683027 27151035 29190023
pẹ̌sul᷊eko|1|26173005
pẹ̌sundal᷊ě|2|30246026 30992014
pẹ̌sunial᷊ě|2|24103003 31062007
pẹ̌sěbạ|1|24925014
pẹ̌sěding|1|24578008
pẹ̌sěketang'u|1|29351009
pẹ̌sěmakengu|2|23288019 30027023
pẹ̌sěmbahageang|1|26849025
pẹ̌sěmbaụ|5|26102019 27378035 30735033 30895026 31075015
pẹ̌sěmạ|1|24073007
pẹ̌sěngkakuhuang|2|28904013 29787017
pẹ̌sěngkakuhuange|1|28493011
pẹ̌sěngkal᷊ěpa|4|23802018 23803025 23806023 25745013
pẹ̌sěngkamohong|1|23362022
pẹ̌sěngkamonaěng|1|24448019
pẹ̌sěngkanaung|1|28262002
pẹ̌sěngkatahạpul᷊ong|1|30073006
pẹ̌sěngkatau|35|23533007 23699005 23720009 24482023 25104028 25430007 25745016 26891006 26891021 27624012 28055002 28093019 28174008 28295025 28296031 28298007 28406006 28473012 28525003 28529035 28642007 28644007 28645002 28690009 28858003 28979013 29185009 29190006 29192002 29426013 29924016 30272030 30280002 30293002 30597002
pẹ̌sěngkatau-pẹ̌sěngkatau|1|28252003
pẹ̌sěngkatau-sěngkatau|1|28646009
pẹ̌sěngkataue|2|24484010 24539002
pẹ̌sěngkataụ|1|28645023
pẹ̌sěngkatempo|1|30476007
pẹ̌sěngkawingang|3|28493008 28493038 30246017
pẹ̌sěngkianu|1|25341010
pẹ̌sěntahanakeng|1|24730016
pẹ̌sěntamahuariang|1|28256013
pẹ̌sẹ̌ding|1|25352002
pẹ̌sẹ̌sal᷊imae|1|25289022
pẹ̌sẹ̌seketang|1|25585031
pẹ̌taghal᷊i|1|25413014
pẹ̌taha|2|27394004 30976007
pẹ̌tahadua|1|28706010
pẹ̌tahamawu|1|23220019
pẹ̌tahamawụ|1|25072015
pẹ̌tahimokoi|1|29159018
pẹ̌tahoěngu|1|25527021
pẹ̌tahěndung|10|23738013 25388002 25543011 28228017 28390006 28569008 29706003 29869005 30245022 30365005
pẹ̌tahěndungke|2|23261002 26718007
pẹ̌tahěndungko|8|23526002 23983002 25522005 28312002 30375001 30500005 30690009 30723003
pẹ̌tahěndungu|1|24216012
pẹ̌tahạ|5|24448009 24448014 25316022 30777007 30816008
pẹ̌tahạduang|1|24415012
pẹ̌tambaěng|1|27055038
pẹ̌tan|1|23769021
pẹ̌tanakeng|1|28884036
pẹ̌tandungang|1|30214041
pẹ̌tangkiang|1|28481038
pẹ̌tangkiangu|1|30458019
pẹ̌tanungang|1|29878007
pẹ̌tanạ|1|27283009
pẹ̌tarangkom|1|28262012
pẹ̌tatabeạ|1|24923017
pẹ̌tatahamawu|1|29183003
pẹ̌tatahangko|1|29831004
pẹ̌tatahutěndạ|1|27805003
pẹ̌tatahutěndạem|1|29887006
pẹ̌tatahuěllang|1|28088011
pẹ̌tatahěndungangu|2|24429008 27564023
pẹ̌tataingu|3|26845010 28849048 28850003
pẹ̌tatal᷊iwungang|1|27745017
pẹ̌tatampung|1|29663013
pẹ̌tatanakeng|4|26089007 30256008 30256019 30679015
pẹ̌tatanakenge|1|26944015
pẹ̌tatanakengu|1|28487010
pẹ̌tatandungu|1|28565008
pẹ̌tatanggarạ|1|27356005
pẹ̌tatangkiang|6|28252009 28558020 28792029 28902006 29274011 30940039
pẹ̌tatangkiang'E|1|29995031
pẹ̌tatangkiangu|1|27072002
pẹ̌tatatingkaị|1|27230018
pẹ̌tatatongka|1|29622007
pẹ̌tatatul᷊ung|1|29275014
pẹ̌tatatělling|1|23722012
pẹ̌tatatěnoěng|1|29760018
pẹ̌tatawang|1|29183019
pẹ̌tatikilang|1|25686008
pẹ̌tatikị|1|28278017
pẹ̌tatimonaěng|1|27863043
pẹ̌tatingkědang|1|27795011
pẹ̌tatingkẹ̌dang|2|29817024 30486011
pẹ̌tatingkẹ̌dange|2|28493052 30486014
pẹ̌tatiwo|1|28826014
pẹ̌tatiwong|1|29572010
pẹ̌tatohạ|2|27646020 29715029
pẹ̌tatonaěnge|1|30523025
pẹ̌tatul᷊unge|1|27585050
pẹ̌tatumbiahe|1|26606013
pẹ̌tatumbiahě|1|25719021
pẹ̌tatuměgal᷊ě|1|30436014
pẹ̌tatěnganạu|2|24314017 29056011
pẹ̌tatěngkaghising|1|28191013
pẹ̌tatěngkasaghedě|1|27662015
pẹ̌tatěngkasaghedẹ̌ku|1|29143005
pẹ̌tatěngkiwukang|1|29184003
pẹ̌tatěnoěng|3|29439013 29688028 30365026
pẹ̌tatẹ̌gehẹ̌ko|2|30485003 30490007
pẹ̌tatẹ̌gehẹ̌kong|1|30537017
pẹ̌tawakal᷊i|2|28666007 29338035
pẹ̌tawakal᷊iko|1|29404041
pẹ̌taěkang|1|25043007
pẹ̌taẹ̌kangu|1|23205005
pẹ̌teghang|1|29886007
pẹ̌tengkatoghasě|1|29932013
pẹ̌tingkědang|1|30286020
pẹ̌tiněnna|1|29997014
pẹ̌tobatě|1|27326038
pẹ̌tul᷊ungkon|1|29636021
pẹ̌tul᷊ungu|1|25404033
pẹ̌tumanakeng|1|29017027
pẹ̌tumpaede|1|29716003
pẹ̌tumpaedẹ̌ko|1|30157004
pẹ̌tumpate|1|27512009
pẹ̌tělling|1|27472003
pẹ̌těngkal᷊ahekangu|1|25682006
pẹ̌těngkal᷊ěsọko'm|1|24857007
pẹ̌těngkanawọe|1|23216015
pẹ̌těngkaradingko|1|30766016
pẹ̌těngkaraning|1|27206009
pẹ̌těngkarělluse|1|24859011
pẹ̌těngkarěllusě|1|24172025
pẹ̌těngkasal᷊amateng|1|24170031
pẹ̌těngkasanạkong|1|30472004
pẹ̌těngkatode|1|25122015
pẹ̌těngkawodong|1|29322002
pẹ̌těngkiwukang|1|29323003
pẹ̌těngo|1|27814028
pẹ̌těngon|1|25937010
pẹ̌těngong|1|27750031
pẹ̌tẹ̌tanakeng|2|26582015 27121028
pẹ̌tẹ̌tanạ|1|27308021
pẹ̌tẹ̌tatibuluang|1|28904007
pẹ̌tẹ̌timona|1|28918010
pẹ̌tẹ̌tul᷊ung|1|29894026
pạhamawuang|1|27719010
pạnaghupia|1|27772040
pạnahuntěngad'u|1|23674024
pạngimangeng|4|27438029 28933008 29902008 30396026
pạngimangengbe|1|28373004
pạngimangengue|1|29868021
pạngumbalaěngu|1|25428022
pạngumpaedẹ̌be|1|29823016
pạnokeěng|1|27831037
pạnontongang|1|28550014
pạnumpangeng|1|26937010
pạněmba|2|28529007 29518015
pạněnsomahě|1|23876007
pạněntal᷊ang|1|29954009
pạněntangu|1|27523025
pạněntiro|1|28308011
pạtol᷊e|3|28671011 29085012 30425020
raghị|22|23726037 23727002 24044023 24047011 24052004 24053023 24137023 25670004 26010015 27123016 27380021 27545009 28690021 28700028 29242017 29249009 29529025 30182008 30186035 30207022 30244008 30411010
ragi|1|23685016
ragin|1|23679009
raha|21|23400016 24136014 24390017 25289015 25909015 26860017 26970009 28769015 30120003 30124008 30127010 30128014 30128026 30217017 30631030 30632010 30806022 30835015 30947016 30961024 31031011
raha-Ku|3|25885026 26313008 28626021
rahaku|2|24083005 24779010
raham|2|30125019 30961010
rahami|1|28423023
rahaming|1|24284013
rahan|6|30126011 30237025 30548028 30903011 30958017 30982008
rahan'E|2|30118035 30254021
rahane|3|24394015 25290016 28628031
rahang|11|30118021 30118026 30119004 30120016 30125025 30131017 30138007 30163022 30631014 30961005 31018019
rahasia|3|28439030 28770003 30981012
rahasiam|1|30983021
rahasian|3|27979025 29497033 30983017
rahasiane|2|29455014 30869016
rahasiang|2|23551014 30718004
rahạ|1|25885027
rahạen|1|24779011
rakọ|1|25362015
rakọe|3|23784012 24203002 26885021
rakọko|1|23800016
ralohon|1|28502065
ralong|1|28951017
raloěng|2|25661004 29714010
raloěngu|1|29660012
ralulung|2|30445042 30529010
ral᷊aede|1|24345031
ral᷊aedu|4|30710020 30718014 30718028 30877010
ral᷊ahětu|1|29537009
ral᷊aki|1|23296014
ral᷊akisě|31|24276022 25896020 25917030 26336027 26942012 26973029 27199006 27199017 27288047 27765008 28467044 28752008 29321016 29350019 29351014 29354025 29529028 29670005 29867004 30288010 30328012 30416015 30506024 30507026 30509030 30510031 30515015 30581031 30677021 30720035 30862009
ral᷊akị|23|23384016 23523014 23891006 24006006 24491015 24803010 24883029 25192014 25419004 25902016 25950036 27646029 28297010 29637007 29681014 30045022 30281013 30282005 30434005 30653003 30742011 31092002 31092007
ral᷊akịe|4|23559020 29665031 29668020 29671002
ral᷊angeh'E|3|28178011 30161017 30974037
ral᷊angeh'i|1|30811010
ral᷊angehe|2|27949007 30937009
ral᷊angehu|9|28057022 29571031 30200013 30810030 30891013 30946026 30948031 30956022 31033036
ral᷊angehě|1|29587046
ral᷊anse|1|30064024
ral᷊awang|5|28038017 28063018 28065002 28242009 30584012
ral᷊awange|1|29980032
ral᷊awangu|1|30216010
ral᷊aị|28|23200029 23334013 23335006 23524004 23524015 23525020 24149031 24855021 25190007 25190011 25739019 27104023 27906031 28088033 28099011 28263010 28267013 28888031 29149015 29193010 29379010 29837014 30280023 30412019 30564035 30565060 30629009 30643027
ral᷊eng|47|23196021 23225006 23285032 23288020 23330008 23331007 23374035 23470028 23509012 23544008 23666046 23823011 23835011 23846008 24219009 24339004 24635033 24645018 24649009 25251012 25394030 25395007 25545024 25575024 25577007 25724014 25768016 26675007 26978006 27348032 27442033 28009005 28013007 28069021 28224013 28666019 28837017 29016008 29190025 29245027 29703007 29988035 30154005 30154013 30319042 30516006 30516018
ral᷊engange|1|30931026
ral᷊enge|17|23559005 23878012 25821008 26483023 26927015 27030013 27501032 27625025 27900019 27948012 28581045 28890020 29332002 30033023 30375011 30491008 30596004
ral᷊engke|2|25131016 26219012
ral᷊engu|4|25867010 26521005 29415008 30522009
ral᷊esạku|1|29007005
ral᷊iagě|1|24984016
ral᷊imadě|1|30420010
ral᷊imbatange|1|25394028
ral᷊inaụ|3|26128002 26239004 29005004
ral᷊indaěng|1|27613031
ral᷊ingara|1|25855010
ral᷊irung|4|29216008 29255004 29256010 29257004
ral᷊irunge|1|29493010
ral᷊iu|1|24086016
ral᷊iune|6|27985007 27986010 29687012 29711002 30235002 30555009
ral᷊iwara|2|25507019 25508016
ral᷊ohom|5|23443024 24618010 28380006 29249026 29744016
ral᷊ohon|38|23934042 24869014 25741012 25746002 26024026 26137007 26766009 27249013 27343010 27419002 27558019 27581019 28184009 28329013 28339006 28347012 28589007 28589015 28702011 28759004 28759016 28824011 28969012 29070027 29558018 29675049 29768025 29772012 29826003 29890008 29925003 30180038 30376045 30464012 30669071 30802036 30804021 30956020
ral᷊ohone|1|27474014
ral᷊ohong|9|23454009 25167018 27111013 27465009 27499004 27566009 27580014 27582022 29427033
ral᷊ohonu|1|25776009
ral᷊okang|1|25262013
ral᷊okangu|1|25103006
ral᷊okaěng|1|27075013
ral᷊okaěnge|1|30740011
ral᷊okaěngu|1|23386028
ral᷊uas'i|1|26751020
ral᷊uase|2|26748029 27352008
ral᷊uasu|3|26711018 28924019 29511022
ral᷊uasě|17|24204026 24984012 25738012 26044013 26747027 26749029 27216031 28179008 28179023 28258008 28298031 28317019 29597011 30236006 30269016 30545015 30697022
ral᷊uasẹ̌-Ku|2|26711009 26773026
ral᷊uasẹ̌ku|2|26150032 28924066
ral᷊ugě|4|23332020 26494034 27656010 27656026
ral᷊ung|22|23438019 25445022 27035003 28069051 28080024 28128043 28156031 28254032 28364020 28663004 28806017 28846015 29049031 29111037 29226010 29240010 29286027 29305028 29838025 29949013 29959018 30263035
ral᷊ung'i|5|27597009 28427021 29618030 30608019 30884018
ral᷊ung'u|5|27263013 27852018 28020021 28127007 30686037
ral᷊unge|30|23944025 23946027 23947015 24186002 24485003 24487007 24564038 24873037 24879010 25458022 26905033 26944024 27083048 27272002 27430057 29482024 29655031 29825016 30533034 30701020 30843015 30874026 30892017 30904011 30952017 30996029 30998017 31052011 31052025 31081022
ral᷊ungi|6|28487019 29462012 29493023 29502004 29640025 29824011
ral᷊ungkang|2|23188005 24403017
ral᷊ungkewen|1|28940022
ral᷊ungkeweng|1|28940027
ral᷊ungu|795|23165013 23165039 23181005 23182010 23183015 23189022 23192036 23196009 23205015 23214005 23216018 23217006 23220009 23226005 23231030 23253016 23257034 23260043 23263025 23264027 23306014 23320017 23321022 23357022 23358015 23375006 23377021 23383006 23397008 23397031 23405012 23494006 23495009 23497002 23516004 23524024 23530010 23530025 23559028 23561007 23562028 23570028 23582007 23584016 23584025 23648026 23653004 23706015 23719009 23728020 23736032 23744015 23751010 23758015 23762012 23767010 23836024 23840009 23849007 23869016 23909009 23925017 23935031 23942031 23945009 23953037 23975013 23984029 23996023 24006013 24023006 24034012 24039010 24043021 24050020 24078009 24079011 24109014 24111015 24113019 24116019 24136025 24170014 24181004 24235026 24239012 24242014 24267013 24313007 24314004 24315003 24325024 24326010 24339034 24341007 24343016 24343027 24345020 24377013 24399023 24405032 24479009 24482022 24483007 24485006 24488021 24546010 24578019 24589022 24627030 24658014 24668014 24684010 24700015 24700026 24713008 24715020 24733012 24744012 24776011 24782018 24790013 24804029 24817030 24834002 24855008 24856024 24860006 24863013 24865004 24886012 24891015 24891022 24911037 24915020 24916038 24923012 24935010 24938011 24960008 24973013 24981015 24993010 24997003 24998021 25003017 25020013 25025022 25030005 25035026 25043017 25043026 25046014 25068006 25069011 25072005 25074003 25076005 25084023 25111025 25111033 25130018 25146007 25151005 25186024 25189021 25235016 25259025 25260025 25273036 25276025 25332014 25351013 25390008 25413011 25423020 25424004 25432025 25447004 25463018 25465026 25477006 25478012 25499023 25505009 25518050 25519011 25530018 25547018 25616025 25631005 25631021 25636023 25645022 25650025 25679018 25683018 25752013 25770012 25778002 25779006 25781018 25817012 25822007 25828016 25848017 25848032 25849020 25854010 25885025 25902025 25981004 25982009 25989022 25989027 25991028 25992029 25995006 26019010 26030013 26036031 26038008 26039004 26090021 26111017 26115009 26116022 26118029 26121016 26125022 26171027 26215009 26218010 26225010 26253014 26289016 26303002 26343007 26366015 26367010 26367015 26371002 26387002 26399002 26403026 26406013 26406024 26417008 26444028 26505009 26597034 26616029 26627021 26657012 26657027 26658012 26682008 26683008 26695011 26707012 26711013 26716038 26729007 26750024 26751011 26752009 26753011 26755011 26772059 26786029 26806023 26846023 26850035 26854016 26862010 26863002 26867011 26873006 26877013 26898020 26925005 26944004 26954014 26976019 26977011 26981037 27003023 27022015 27026011 27034010 27063016 27072036 27081056 27085029 27147026 27159023 27165013 27180034 27193019 27198009 27204055 27227013 27229003 27242015 27244047 27250018 27320036 27342008 27345014 27355024 27364002 27377023 27392011 27392026 27396017 27397023 27398004 27398020 27451008 27470034 27515020 27527002 27546026 27548022 27584011 27592026 27594017 27596009 27635002 27646019 27662002 27692026 27693046 27694035 27699045 27702005 27709028 27736031 27740021 27770035 27782028 27784039 27786008 27797030 27805002 27820015 27829035 27842010 27844028 27905012 27933016 27939003 27948039 27950012 27967011 27976026 27983016 27987002 27992018 27992029 27996017 27996027 28002004 28011011 28012018 28026002 28041027 28049020 28051012 28054006 28060004 28060026 28061013 28080015 28083021 28096054 28098017 28100015 28104011 28105040 28110010 28110014 28115007 28120026 28120035 28121010 28121018 28126020 28128015 28132020 28140013 28143037 28144007 28147032 28153002 28153017 28154004 28156012 28169002 28173003 28181003 28189007 28195026 28197017 28198017 28200002 28202002 28204012 28207018 28212022 28218003 28236013 28244002 28258011 28259025 28265014 28272021 28292002 28307013 28308005 28312018 28313016 28319012 28322013 28325002 28363017 28370011 28395006 28397007 28404010 28406004 28406024 28412037 28430016 28430027 28439045 28464002 28467037 28472022 28484024 28489008 28519027 28525009 28538016 28548009 28550002 28565007 28570012 28570016 28575017 28576023 28579032 28584024 28584046 28593016 28594003 28596030 28597008 28601013 28612005 28619006 28626020 28674040 28698003 28700002 28702006 28704005 28707023 28712018 28714027 28722022 28723014 28736022 28738020 28746002 28755011 28764002 28773032 28777022 28805034 28813006 28823018 28826013 28844014 28845040 28862050 28866020 28873002 28880002 28880020 28882007 28884021 28901002 28911018 28919007 28922032 28928042 28929047 28948002 28966002 28968009 28985037 28987030 28989002 28999045 29019013 29023003 29024020 29024024 29032028 29045012 29048029 29056007 29086014 29102013 29109006 29111033 29113015 29113029 29114016 29115009 29116023 29119015 29122032 29124033 29125003 29131002 29136019 29138017 29150005 29151033 29153025 29159003 29162006 29167008 29169033 29177007 29182007 29183002 29183009 29189009 29225007 29230015 29236023 29242027 29242039 29269013 29272007 29273011 29279023 29281002 29288010 29288018 29289003 29296002 29313022 29313032 29324010 29336002 29343023 29359012 29369043 29371020 29379032 29387029 29392010 29405006 29417032 29427022 29432028 29436016 29446043 29449005 29453002 29457008 29479015 29486003 29488027 29521014 29522027 29525018 29533013 29533031 29534011 29535016 29548002 29583045 29583052 29584047 29594029 29598010 29600005 29601011 29611014 29621016 29626011 29630050 29654033 29664041 29666034 29676031 29685006 29691002 29693010 29695018 29698007 29702011 29703012 29715028 29716010 29747023 29748017 29760023 29775004 29782004 29813033 29820031 29826022 29833006 29848002 29851004 29870005 29876015 29889024 29894035 29896010 29908027 29914007 29916022 29927029 29934005 29948025 29949018 29952027 29955053 29962008 29990025 29992024 29995016 29997032 30001009 30009037 30010008 30011007 30019010 30022027 30027038 30030024 30049019 30064026 30070002 30082003 30095015 30098017 30110002 30110023 30112013 30113018 30118008 30131009 30131013 30141022 30150029 30171003 30178035 30182021 30211023 30211027 30217003 30223012 30236021 30244030 30252021 30265017 30279016 30302015 30343013 30344025 30346024 30352005 30363008 30372012 30386023 30391002 30392046 30399002 30403002 30406003 30429008 30435002 30436017 30440003 30441013 30444002 30446040 30458027 30465002 30471029 30499044 30505017 30505023 30509015 30514043 30524014 30531016 30539002 30539020 30547016 30548007 30548015 30549025 30551030 30555025 30560007 30560023 30561011 30561024 30562014 30565050 30572030 30575018 30582052 30599017 30602022 30607042 30616028 30635016 30648007 30655016 30656023 30657014 30664009 30668017 30677055 30682017 30693033 30694005 30696009 30698010 30707015 30720029 30725025 30728035 30732037 30741021 30759011 30780028 30793015 30809023 30826021 30844003 30850022 30858003 30871034 30871043 30872016 30872031 30910019 30917024 30920009 30937014 30937028 30939002 30942008 30944012 30953012 30955032 30956007 30984042 31001027 31004027 31011004 31013043 31016022 31017010 31018006 31029029 31033033 31046013 31051049 31053012 31054007 31062022 31076008 31078009 31081031 31084002 31084026 31088021 31090042 31091015 31095020 31099009 31099045 31100022
ral᷊uru|2|28839035 28840044
ral᷊urune|1|29307023
ral᷊urung|2|28840007 28840026
ral᷊uwagě|1|29014010
ral᷊ěgahe|1|31010028
ral᷊ěgahi|1|30429002
ral᷊ěgahě|2|29726017 30980016
ral᷊ěnding|1|29892008
ral᷊ẹ̌gahě|1|30428014
ramahi|31|23616002 24558035 24619040 24643038 25033035 25563022 25759006 25762037 25815013 26111032 26374030 26909007 26929013 27005012 27255041 27814006 27840041 28155029 28433013 28514005 29002011 29228040 29237009 29287017 29756029 29808012 29882015 29884008 30103018 30193015 30199033
ramahị|1|23784033
ramahịe|2|24610037 25115024
ramenaung|2|28317021 29850025
rampa|4|25448023 25992009 25993013 31007005
range|6|25980006 26163026 26209023 26840008 27837007 31070032
rano|18|23228031 23364023 23370008 23372027 23373016 23381009 23541015 23587012 23622012 23628011 24232029 24325037 24360018 24363010 24378032 24386010 25269014 26276002
rapuhang|1|23590011
rarage|1|28878021
raralo|5|28313036 28439054 29534032 30780014 30793040
raral᷊akisě|9|26141019 28443027 29487018 29889011 30435025 30484033 30530029 30688010 30966028
raral᷊akị|5|23868010 24485010 25138033 26140027 29917023
raral᷊akịe|1|23653008
raral᷊awọ|1|30321006
raral᷊aị|13|23280025 23390024 23535044 23883023 23952005 23952010 25033020 27785027 27957015 28081018 28088036 29407027 29706022
raral᷊eng|9|24569011 25290014 26163009 27377006 27670018 27767009 27863038 28783027 28817028
raral᷊eng'E|2|24606007 26161002
raral᷊engang|10|23196026 24219013 24416014 24572026 27244027 27368026 27615025 27910027 30114018 30684008
raral᷊engang'U|1|24218029
raral᷊engange|1|26208007
raral᷊engangku|1|25552008
raral᷊engangu|4|25030019 25223029 25305006 30666003
raral᷊enge|3|26020018 27485004 28788016
raral᷊engku|1|28328035
raral᷊engu|3|23415002 23428011 24394014
raral᷊indaěng|1|28447033
raral᷊okaěng|2|24345021 24494014
raral᷊okaěngu|2|25132033 27251015
rarangeng|1|25412006
rararisikange|1|30893024
rararodọ|1|23485033
rariahine|2|24012012 24013009
raringihe|1|24333013
raringihě|3|25650021 27456014 27706021
rarisikang|1|26391034
rarisị|2|24292011 27425010
rariọ|106|23186028 23405014 23405020 23476014 23619018 23672022 23718029 23719010 23730005 23731016 23732008 23733007 23776005 23777010 23777022 23778010 23842024 23843029 23856004 23866002 23977014 24405024 24405034 24408019 24430026 24431006 24432002 24436013 24436017 24490011 24491007 24491020 24492018 24494023 24558033 24559020 24559023 24560007 24563003 24564031 24565011 24565017 24576006 24602007 24603016 24604012 24605009 24619030 24682002 24730018 24908012 24925009 24936015 24938009 24953002 24953021 24956014 24960017 24961005 24990013 24991008 24995007 25228006 25297025 25301004 25301027 25302004 25344002 25344029 25349012 25350012 25654022 25704006 25705006 25705016 25706010 25965021 26209010 26210005 26461006 26748032 26967036 27136029 27600003 27753004 27753026 27757024 28412033 28413008 28502061 28677020 28699009 28699025 28727014 29037037 29151021 29287010 29339002 29538004 30196023 30221009 30294013 30402007 30897007 30897018 30905025
rarodọ|6|24581008 26579013 27610018 27846023 30891044 30925007
rarohang|3|30423011 30434007 30434009
rarolohang|86|23467003 23956009 24240030 24438002 25160031 25220004 25746017 26003004 26244005 26327014 26936004 26948024 26950026 26956016 26964009 26987021 26992010 26993007 27027009 27036035 27038006 27056005 27058007 27059019 27062017 27072004 27078002 27079015 27079025 27081003 27081054 27082017 27084021 27093018 27094033 27100003 27101002 27104004 27107010 27108010 27108017 27169019 27178027 27191002 27244014 27309002 27406028 27414003 27419019 27420021 27421003 27428032 27437045 27445036 27447019 27449003 27465002 27466003 27466037 27488020 27506024 28223018 28365083 28542014 28543012 28543033 28546023 28663019 28730014 28898006 28956029 28995008 29002014 29003019 29005013 29034044 29094017 29284013 29358008 29467018 29577021 29894018 30525023 30720042 31014011 31068018
rarolohang-Ku|5|23508004 24218014 25223013 25455018 30738027
rarolohange|16|25295007 26647013 26926030 26927019 26930004 26937020 27059033 27086015 27087003 27089005 27195010 28443007 28664007 28724024 29250010 29257023
rarolohangi|1|30481049
rarolohangku|1|23470014
rarolohangu|8|25098027 25553007 26051003 26155003 26812002 28728004 30690015 30738021
rarotine|1|30328019
rarotong|6|25493003 26995008 27061020 28276015 28552017 29037026
rarotonge|9|23519011 23519028 23785017 24005007 24023028 25394021 25427013 25475029 27055021
rarotongku|2|23808008 25623021
rarotongu|2|25177013 25633004
rarua|31|23408009 23428009 23744020 23769007 23814018 23833004 23913015 24545016 25037009 25601026 25634007 25903011 26400009 26527002 26901023 27146032 28177028 29045025 29156014 29245017 29246010 29783011 30110041 30162017 30762029 30877002 30877012 30883008 30883020 30885005 30920013
rarukutange|1|24848020
raruruhang|1|27858026
rarěndunge|1|30154022
rarěngunu|1|25913009
rarěnta|1|26027007
rarěnta-Ku|2|26396021 26424022
rarěntakue|1|24254032
rarěntan|8|23961044 28204021 28923019 29571010 29626021 29879045 30496011 30533008
rarěntan'E|2|23674025 29670027
rarěntane|9|23272009 26058015 26757030 27099004 28104015 29283024 29431043 30821012 30824028
rarěntang|8|23985002 24220006 25083004 25862007 28794005 29663004 30111016 30117008
rarẹ̌sungang|1|27203018
raseng|1|30253028
rasul|2|25160020 29077006
rasulě|7|25164011 25312003 25657002 28344039 29035027 29059041 29075017
rasị|9|24181012 24770011 24865011 26152032 26405020 26803020 26849039 27635006 27636036
rasịe|1|26152005
ratna|1|31074013
ratu|48|23436010 23751015 23755002 23760002 23875011 23877003 23879009 23884003 23886002 24040008 24043002 24054002 24727034 24926017 24927007 24946002 25388007 25585003 25585013 25585023 25756002 25839029 25938037 26823022 26838034 27135005 27189018 27384007 27531028 27811015 27831034 28173019 28743030 29719003 30066025 30200014 30967021 30969019 30987014 30987022 30988008 30988023 30989002 30990026 31001033 31043075 31078013 31086032
ratun|11|24141016 24829011 24836011 24839020 25939012 25973006 26825023 27049002 27204033 28173013 30067023
ratung|5|24859004 26819017 26840024 30066006 30197014
ratuwen|1|24172018
raukalune|1|24654033
raungu|1|26594007
rekenang|2|30927017 30949032
rekenange|1|25492004
rekenangu|2|30599009 30926021
rekengbe|1|29655028
relaing|7|24349018 24518033 24708032 25264024 28463033 30232028 30784013
relaingko|1|27693036
rembem|2|30468004 30484029
remben|2|23253024 23431012
rembeng|9|24064009 24464031 25470012 26204028 27053006 27075027 27772024 28946046 29098057
ren|7|27951002 28033020 28755016 28755020 30582021 30814018 30984050
reng|101|23163020 23170005 23170013 23291016 23441023 23528019 23620020 23705023 23710028 23740022 23803014 23934024 24251002 24439039 24453021 24468006 24548028 24626010 24760016 24863042 24883010 24969013 24995025 25000018 25142020 25150005 25215027 25329018 25385045 25461016 25528004 25573014 25582011 25586014 25674015 25859014 25944030 26143014 26206011 26337015 26459012 26473008 26475010 26535023 26681030 26732005 26739013 26765015 26773018 26877006 26885036 26917008 26934004 26979009 27256044 27423013 27423018 27544020 27573027 27578008 27619031 27672030 27673016 27801007 27803007 27828009 27872004 27920011 27944032 28003011 28061005 28328030 28371013 28404018 28404024 28413016 28414005 28489003 28513012 28515019 28520018 28727016 29133013 29145004 29212007 29261023 29367006 29805024 29819041 29869007 30043031 30178045 30381014 30395006 30537011 30588017 30616005 30663016 30984065 31036029 31063029
rentene|1|24036024
ria-ria|3|28964011 30273013 30273016
riadikang|18|27956016 29240005 29992008 30111011 30111021 30777003 30777021 30778003 30778032 30786015 30788009 30791020 30794002 30795021 30837006 30930006 30954005 31022010
riagate|3|24195014 24799031 30575015
riagatewe|1|29809007
rial᷊ě|1|31062030
riandin|1|25215019
rianding|1|27022002
rihi|2|30759009 30863030
rimae|5|24211005 25882005 26658005 28994030 29584029
rimakị|1|24514014
rimal᷊eng|30|23535004 23677042 23796007 23798018 23857025 24024042 24025011 24027009 24034007 24420014 24456038 24875018 25029004 25159007 25202005 25395024 25396028 25402009 25432004 25663007 25760010 26220017 27005010 27204006 27348030 27374042 27425022 29075021 30444009 30796023
rimal᷊engke|7|23231003 23342007 23505015 25604004 26886005 30291009 30957004
rimal᷊engu|1|25733010
rimal᷊inaụ|9|23788014 24501007 24554011 24957019 25444004 27007026 27186022 27354023 27375019
rimal᷊inaụe|1|23356013
rimal᷊ingara|5|23617022 24449014 24498006 25644016 25737010
rimal᷊ingarạe|1|26761007
rimal᷊inge|1|27718005
rimal᷊ingeko|2|26879019 27908022
rimal᷊urung|1|26584036
rimangeng|5|23576009 25102009 25232015 25443018 27269013
rimani|1|26790014
rimarakua|1|31039030
rimaringihewe|1|27455013
rimaringihě|3|26502020 27596031 29374017
rimarisị|16|23372021 24812006 24815005 25234004 25700004 26028009 26635008 26903009 27094024 27345006 27379004 27425015 27815004 27877016 30896018 30910005
rimasehě|2|25089016 30372020
rimendehě|1|27326010
rimokạ|4|26114007 27506006 29862007 30361013
rimoloh'i|9|23178005 24415010 25284020 27023010 27282007 27476025 27494030 29997024 30181016
rimoloh'u|23|23608003 23863004 23877005 24453006 24508022 24676009 24678005 24679004 24680023 25082023 25107026 25199014 25571009 25761012 25791006 25792005 25800010 26411004 26445012 26721019 26781039 27019023 29136007
rimolohen|7|23795015 23861012 23876003 24842019 24920013 25202019 25354004
rimoloheng|3|23864005 23880013 23889004
rimolohi|1|25873004
rimolohu|6|25380026 26785025 27627009 28120029 29138011 30699039
rimorọ|1|26953015
rimuruheng|1|27860018
riměkạ|1|25375005
riměngu|4|24104021 24800019 25609029 25912029
riměnta|98|23172036 23200020 23252015 23351014 23453003 23478004 23479005 23532026 23544014 23559021 23565009 23712008 23739006 23779007 23821008 23859006 23876019 24014004 24115020 24209013 24256007 24489018 24564009 24634006 24634011 24688003 24729048 24821015 24922003 24972015 25098014 25229005 25230004 25233026 25258012 25295008 25320013 25422028 25748003 25750003 25752004 25781031 25908003 26007011 26052003 26054007 26056003 26123005 26164018 26179029 26254003 26273008 26304015 26357031 26384012 26405012 26424030 26492012 26594019 26627002 26628018 26634023 26722005 26823027 26865007 26961017 27119039 27147024 27238027 27263021 27358016 27394020 27407011 27501023 27560028 27676003 27718004 27762019 27820007 27858035 28709007 28765013 29570016 29573008 29604029 30132026 30141011 30143013 30231006 30236026 30237003 30238026 30588028 30606023 30631006 30631018 30653020 30705004
riměntako|1|30296020
riměntam|1|23452014
riměntạ|6|24187003 24334010 25287002 25525023 25912006 30945012
riměntạe|6|23194004 23348002 23398014 24339025 25556002 28702021
riměsung|1|26108005
rimẹ̌děnta|1|27193008
rimẹ̌sungke|1|27132005
ringang|59|23168027 23181012 23231024 23357018 23369012 23422008 24124023 24389006 24867023 25045013 25115011 25880017 26468029 26589005 26617011 26765009 26791022 26941017 27046013 27047003 27287003 27452007 27465024 27576027 27633023 27663011 27672033 27689011 27691005 27694019 27704021 27846038 27858040 27915041 28074013 28075013 28077006 28160026 28173026 28237006 28328021 28346005 28346011 28349004 28398005 28412018 28442040 28793016 28813028 28825027 28874018 29019008 29054017 29235023 29338008 29940010 30826034 31045008 31057038
ringang'E|21|23961020 24092013 24721032 24798017 25247033 27394021 28134055 28147020 28186039 28192014 28896017 28898037 29168028 29236015 29632027 29839018 29840012 30094026 30146033 30215069 30223041
ringang'i|8|26938016 27561004 27920013 29486015 29684015 30262039 30658020 31043076
ringang'u|1|27102019
ringang-Ku|11|24093023 24503016 25429004 25886010 26639032 26759032 26784016 30007017 30014019 30018038 30020019
ringangben|1|26279002
ringangbeng|1|27931022
ringange|16|23260012 23429018 24545015 25119005 26902007 27283033 27487008 27542011 27796028 27816006 28073013 29488013 29839011 30498017 30506033 31045049
ringangi|60|24106008 24197016 24245023 24295010 24543012 24547017 24762005 24786010 24801005 24979005 25025007 25115022 25117006 25587007 25918006 26021010 26022005 26024020 26025026 26143018 26147015 26362016 26529008 26557014 26664009 26749017 27037018 27162018 27224004 27923007 28412007 28783009 28784023 29091029 29091039 29091050 29135003 29149023 29150019 29152025 29167013 29263011 29502012 29507022 29508025 29515005 29519007 29550018 29553017 29593019 29601018 29603025 29811063 29850028 29892016 30461024 30544020 30570059 30578016 30805020
ringangkewe|7|26990009 27024021 27111030 27478017 27566007 27743021 29754041
ringangkewelain|11|23664012 24707037 25119003 25164009 25324021 26969011 27465007 27549018 27611010 27854009 30809011
ringangkewelaing|5|23446022 27603005 27677006 28322030 31037011
ringangkewel᷊ain|1|29381009
ringangkewen|43|23421015 23753018 23889011 23913007 24013007 24171011 24184003 24229017 24236019 24652032 24810004 25127031 25290017 25312025 25318032 25776007 25779016 25781027 25869012 25879011 25917016 26361018 27232040 27421019 27433002 27517023 27518018 27541011 27595067 27661015 27670025 27821007 27844025 28345010 29162017 29458033 29752020 30156026 30235024 30680008 30683002 30791024 30822014
ringangkeweng|8|23218017 23829019 24019025 24073031 24084016 28820016 29270004 29630030
ringangku|19|23666023 24032028 24078011 26836011 26978024 27320026 27661020 27714005 27788024 27802008 27837027 28159008 29072016 29446003 29446036 29952009 29962005 29963005 31069004
ringangu|2047|23147005 23168007 23181020 23181036 23186037 23197017 23198008 23200005 23201002 23204030 23212006 23233009 23234036 23238007 23252009 23259015 23263013 23279012 23280022 23280034 23283008 23300010 23301022 23302010 23302015 23303011 23307039 23329019 23334007 23339016 23339029 23357010 23366008 23379014 23390017 23391024 23394020 23397020 23413016 23416013 23423008 23432020 23434018 23436008 23436027 23439021 23439029 23442008 23443009 23453013 23456009 23461023 23465022 23472020 23473007 23478008 23479023 23481037 23485013 23485026 23489017 23493016 23508010 23510006 23512008 23512025 23521010 23528007 23534028 23536013 23539009 23539018 23540019 23546014 23547012 23552009 23556018 23557005 23559022 23562018 23563028 23566006 23567011 23574008 23581013 23586015 23592026 23594015 23595016 23605007 23617037 23619016 23623006 23628017 23629012 23638009 23639019 23653017 23670021 23672020 23674004 23676025 23679012 23684023 23685027 23695010 23700012 23703014 23704013 23705034 23716001 23718023 23736036 23737026 23747016 23753016 23763005 23776015 23779025 23782007 23792041 23793011 23797019 23798010 23809014 23811018 23813007 23814023 23816020 23834006 23836006 23841007 23842005 23850022 23850031 23851025 23852018 23854030 23858017 23859028 23859051 23872006 23877023 23879013 23880022 23886010 23888018 23893011 23908015 23910007 23910010 23910013 23911005 23921004 23922007 23932007 23933007 23933020 23934007 23942007 23944006 23944036 23946006 23946030 23947023 23948006 23948024 23951006 23953011 23953022 23954039 23963007 23977009 23979020 23982008 23988031 23988033 23990013 23994006 24003011 24008008 24030009 24032009 24036023 24055022 24058007 24065024 24081020 24090008 24091006 24092018 24096003 24102026 24102035 24112019 24113023 24114004 24123001 24130033 24131006 24132006 24133030 24142008 24150005 24154012 24154033 24155009 24171006 24191004 24192010 24205020 24208005 24214013 24215022 24220015 24220028 24221007 24222013 24224007 24224017 24261022 24265030 24276014 24277018 24277043 24279009 24279031 24300017 24304001 24312009 24314008 24317006 24320005 24323019 24324020 24332025 24334015 24336024 24336026 24343006 24344029 24346007 24351016 24351023 24354012 24358019 24369006 24370016 24379012 24380021 24381009 24384024 24388023 24412017 24412023 24413015 24428031 24439006 24440006 24449029 24456020 24469006 24474011 24474020 24475018 24476013 24497023 24499006 24501017 24507029 24511004 24516007 24524023 24529016 24532017 24532025 24535012 24539011 24540021 24545014 24552022 24555005 24561034 24568014 24583005 24585006 24587006 24590014 24602017 24606037 24608024 24610006 24611015 24619048 24622019 24623013 24635016 24642011 24644020 24650007 24659004 24659032 24668024 24672005 24675008 24675017 24679030 24687006 24687016 24688030 24690016 24704005 24704008 24704011 24707009 24707012 24707015 24713011 24714007 24725007 24727032 24730022 24735012 24740005 24750019 24751006 24752020 24756008 24756017 24760004 24761021 24769019 24772006 24786004 24788018 24793008 24798034 24799030 24808013 24808018 24818007 24822021 24823010 24826007 24828016 24858006 24868009 24873017 24884018 24888028 24893018 24894019 24900020 24911028 24913013 24925006 24929013 24945010 24948008 24962013 24969005 24972005 24974007 24993012 24994010 25004002 25008006 25008022 25012014 25014006 25014012 25018008 25020023 25026006 25026008 25026011 25031007 25031016 25042017 25042045 25044007 25070003 25075009 25079008 25083001 25093012 25096013 25100015 25123020 25125014 25125032 25127028 25129004 25137015 25138006 25138030 25141009 25141016 25145028 25148023 25150018 25154005 25158005 25164029 25172025 25174020 25175007 25177011 25182013 25191013 25195019 25204009 25207013 25210006 25213013 25221014 25225025 25226004 25229009 25230023 25233027 25234031 25235036 25240010 25240040 25240045 25247011 25249014 25251018 25253013 25254011 25256039 25259016 25260017 25261017 25263007 25265004 25267015 25267024 25271019 25273025 25275027 25280020 25281037 25285003 25308013 25314039 25324017 25328023 25331010 25334013 25335037 25341012 25341026 25343025 25360008 25365023 25377044 25381008 25383013 25385035 25388006 25389024 25391007 25391010 25396003 25400007 25423039 25425004 25431011 25433020 25434015 25448018 25448047 25455016 25457016 25459011 25461002 25479015 25479025 25482023 25489011 25502007 25506007 25506019 25507010 25541013 25549008 25551013 25552012 25553015 25556012 25557008 25558004 25563012 25563030 25575035 25590007 25591003 25595011 25598013 25605009 25607009 25607016 25610012 25611021 25634037 25637007 25647006 25647021 25650012 25652012 25660015 25660021 25663012 25690017 25693023 25709018 25709022 25719023 25728007 25732007 25741010 25748004 25750004 25759012 25761005 25762034 25764007 25769027 25775023 25779012 25780017 25781008 25784005 25785013 25786007 25791016 25799004 25800037 25801020 25804009 25811010 25827007 25835014 25835022 25837015 25839030 25842008 25850015 25851013 25854015 25856014 25864010 25867004 25869008 25876013 25884014 25890013 25891018 25900013 25901014 25914018 25917038 25929005 25931009 25940011 25946004 25955008 25964007 25965014 25970025 25975021 25992010 25996006 25996015 26001017 26002017 26007005 26011024 26012004 26012017 26019021 26031003 26031012 26032009 26033012 26036038 26038020 26046015 26047006 26048006 26057009 26059031 26071007 26076012 26078042 26080010 26096015 26105001 26108015 26110013 26110016 26118033 26129019 26136011 26152021 26153008 26157012 26166026 26167010 26169025 26171039 26178019 26183015 26184017 26184048 26193007 26193014 26199029 26210024 26217008 26222015 26225013 26229048 26230014 26232007 26232011 26235011 26235034 26250010 26250018 26254004 26254018 26261008 26285008 26285020 26288016 26298021 26305008 26311017 26312005 26312012 26314005 26326025 26340013 26357025 26360010 26374015 26385006 26391026 26396022 26396035 26408007 26426055 26435007 26437037 26447014 26449003 26454011 26469007 26472019 26478018 26480018 26483029 26490009 26492007 26496023 26509009 26556021 26568009 26571005 26571011 26584006 26586009 26606023 26621005 26621015 26622013 26629006 26630025 26631010 26632031 26635012 26640016 26644007 26645006 26647011 26661012 26670016 26675012 26679015 26680012 26690007 26690030 26695023 26702008 26711017 26716013 26722006 26730013 26762017 26763006 26772015 26782007 26786011 26787009 26789015 26789027 26789037 26798005 26798008 26798015 26802016 26805012 26808013 26821020 26831012 26832006 26836018 26838028 26852008 26866014 26868006 26873009 26876016 26885047 26886019 26888008 26890010 26893033 26893044 26907007 26908019 26917042 26929007 26931010 26932030 26935037 26942018 26950024 26959012 26960003 26961004 26961020 26964036 26969023 26969026 26976011 26980029 26986028 26989009 26992012 26996011 26997007 27004013 27006008 27011006 27011015 27013007 27014015 27022021 27024008 27028011 27031014 27041020 27043012 27047031 27049014 27050018 27051026 27053018 27061010 27077005 27080006 27081029 27081040 27084007 27084023 27086007 27091015 27091028 27092013 27096035 27097027 27098023 27098034 27105015 27110015 27111036 27113020 27114007 27114012 27115031 27120001 27120005 27123028 27127017 27131015 27132014 27139020 27151005 27152027 27152043 27153029 27155023 27156020 27158024 27159008 27160011 27161028 27168008 27171018 27172018 27173010 27178034 27179015 27180022 27183009 27188007 27189019 27197010 27202006 27204051 27223005 27232036 27234046 27246004 27246007 27248007 27248025 27252005 27253031 27258022 27262007 27262014 27262027 27264009 27264023 27264032 27267018 27271006 27273011 27278007 27280007 27282016 27282021 27284020 27288021 27291016 27295008 27298021 27299016 27300012 27302012 27306011 27316017 27320012 27321018 27322013 27324015 27331007 27331032 27332009 27346008 27346019 27352012 27362008 27364009 27364029 27365007 27366003 27370011 27370019 27378005 27379009 27379019 27387023 27409049 27411030 27413007 27416028 27418042 27419014 27420005 27421012 27428023 27430051 27432033 27434016 27435015 27445034 27446016 27447016 27459020 27463011 27464017 27466031 27472022 27476017 27478011 27484007 27486009 27490027 27494010 27495013 27497036 27499003 27500015 27509009 27510017 27515016 27516014 27526022 27532010 27536009 27536020 27541008 27541033 27542059 27545007 27547010 27548006 27550010 27558023 27560022 27562016 27571019 27573007 27577019 27581014 27582019 27583013 27594009 27602011 27602023 27606012 27607012 27612009 27613028 27613045 27622012 27624031 27631019 27634022 27638020 27646007 27648028 27651026 27655010 27658013 27659017 27659037 27676018 27691044 27693029 27697009 27697033 27698010 27698028 27705017 27710005 27710052 27717015 27719026 27720013 27725015 27728011 27735031 27741016 27742008 27745035 27749009 27758022 27762020 27764024 27771009 27773007 27775023 27778001 27779011 27780027 27784044 27786016 27787018 27788025 27793020 27799005 27808008 27809003 27812010 27812023 27813027 27816013 27820008 27822015 27844055 27845013 27847016 27861011 27863016 27872026 27875013 27880033 27887009 27892008 27902018 27903006 27910008 27914014 27923048 27927028 27927037 27932024 27933012 27938021 27945012 27945017 27947022 27948016 27948050 27949011 27951019 27952015 27956008 27961010 27962005 27967009 27968027 27970006 27971007 27972007 27976006 27978030 27980025 27980031 27981018 27982012 27990021 27992012 27996030 28003007 28006008 28008002 28010001 28011035 28012007 28013018 28013025 28015006 28016013 28020011 28037025 28049022 28053017 28053023 28059034 28063039 28066029 28068023 28069046 28086019 28091030 28092010 28116014 28119023 28123023 28127027 28128038 28130016 28138013 28142019 28145018 28151032 28159018 28160006 28160046 28178012 28186020 28187012 28190014 28193012 28197015 28201013 28208036 28213008 28213018 28218026 28219015 28219021 28220010 28222024 28224012 28225011 28232011 28239007 28243011 28247034 28248027 28248030 28249028 28254030 28254060 28257008 28258007 28258013 28259009 28259021 28262015 28263009 28264009 28287041 28288012 28290005 28299014 28304032 28311012 28314007 28317017 28318023 28322027 28323005 28330006 28331057 28334006 28335014 28336011 28349011 28354015 28356033 28357016 28360011 28365045 28365091 28371021 28386009 28388028 28392009 28394038 28394046 28396011 28397005 28398012 28412022 28412031 28417004 28418014 28420010 28421022 28435009 28439016 28443018 28443035 28455020 28457017 28458057 28463010 28463017 28463046 28469030 28478011 28485012 28490016 28491012 28493021 28502013 28502033 28523016 28523031 28523034 28526008 28533007 28534039 28536014 28551018 28570014 28572001 28594011 28596029 28598007 28603015 28612018 28628010 28628030 28645040 28645055 28658001 28663056 28665008 28667009 28668009 28669014 28673007 28678023 28681011 28681016 28682018 28684039 28685011 28688013 28698021 28703034 28705050 28710028 28719007 28722016 28724020 28730024 28730034 28733018 28743019 28751051 28751053 28759015 28769014 28769023 28771031 28772013 28773009 28775007 28777020 28788030 28789020 28790005 28790017 28791007 28792008 28792024 28793006 28796018 28802028 28803010 28805015 28813037 28814014 28819014 28820023 28823013 28829010 28829013 28845028 28849055 28855011 28855023 28862030 28877020 28883011 28884040 28892008 28897016 28903027 28905003 28905009 28905031 28906033 28914015 28915006 28917009 28918048 28919018 28920025 28932024 28932034 28948014 28952011 28956034 28957020 28964023 28965026 28967017 28970050 28971008 28973036 28977019 28979029 28982010 28982022 28984018 28984040 28987040 28994039 29003015 29010025 29014009 29016034 29026040 29032011 29041009 29044035 29046011 29053008 29055010 29055022 29070010 29071024 29079009 29090016 29098010 29103011 29105028 29106014 29106025 29108008 29109019 29114006 29116014 29131010 29133022 29138021 29141036 29149031 29152014 29168015 29179014 29187016 29187020 29189011 29190033 29200008 29201005 29205022 29211014 29211021 29215020 29217010 29218009 29224025 29227010 29227014 29228020 29231012 29233018 29233024 29242033 29242046 29244015 29245004 29245007 29246012 29246015 29250011 29252023 29255019 29257024 29264017 29270014 29270016 29270019 29275006 29275008 29275013 29276002 29285016 29287013 29289012 29290009 29292014 29295009 29297012 29301017 29305009 29305015 29319020 29324006 29325002 29331012 29334012 29336016 29338027 29340004 29340014 29342024 29343021 29344030 29345011 29347027 29354015 29355008 29356028 29371016 29375005 29377013 29378011 29382033 29384003 29387025 29389039 29392025 29393026 29395019 29402010 29404049 29405014 29409034 29411005 29416004 29417034 29421004 29431008 29431030 29431047 29435031 29440017 29443006 29444027 29445006 29452007 29458031 29461054 29476010 29482012 29482018 29482029 29487015 29493008 29494017 29494023 29495014 29495028 29496016 29496021 29497027 29498009 29502001 29502034 29505023 29508011 29513025 29514018 29515007 29519025 29527009 29528028 29529013 29530034 29534024 29534039 29538016 29540036 29541008 29548006 29551017 29552020 29556013 29556018 29558013 29558016 29563020 29563064 29565013 29566011 29566018 29567007 29568014 29569013 29574014 29580011 29583013 29583050 29593037 29598013 29601009 29602008 29603010 29604012 29604031 29605045 29606016 29608016 29620026 29621030 29630026 29635005 29637023 29643005 29651018 29653034 29657030 29658001 29658015 29659018 29661041 29661048 29665029 29666002 29670020 29670024 29674008 29676008 29677023 29678008 29678025 29678035 29678045 29682011 29683018 29691013 29693018 29698029 29701012 29701024 29702014 29702019 29704016 29707009 29707017 29709018 29711020 29713037 29713041 29714022 29719004 29720004 29722013 29726008 29727011 29732011 29734013 29734021 29740010 29744015 29748020 29748027 29748042 29753006 29756027 29758014 29759004 29760025 29760033 29760039 29762026 29763006 29764005 29768029 29769006 29777008 29777027 29781025 29785027 29791052 29798014 29801002 29801018 29802013 29804024 29809015 29811014 29818010 29818024 29819032 29820025 29844006 29849022 29850017 29850021 29850036 29852017 29852020 29853004 29853026 29854007 29854016 29857018 29864009 29864028 29864039 29865027 29866009 29867006 29868020 29870010 29870017 29870022 29872016 29872036 29873027 29873034 29874024 29881026 29890006 29892020 29894017 29894024 29895016 29897011 29899024 29901016 29903021 29908026 29912030 29913012 29918007 29919006 29921019 29923020 29924004 29924011 29927021 29929035 29931011 29931017 29932031 29933019 29941001 29941008 29941015 29942011 29943010 29953023 29961028 29965023 29967028 29973024 29974016 29976024 29978020 29981028 29982020 29989013 29995028 30001013 30006016 30008018 30016008 30027030 30027036 30031013 30033021 30034015 30038038 30044022 30045020 30051033 30053008 30055018 30055039 30057033 30059012 30063018 30065012 30079013 30081022 30091034 30098013 30099026 30103031 30103042 30105007 30108022 30110014 30113036 30117037 30120004 30125024 30125041 30125050 30127016 30132031 30135014 30135030 30138006 30144010 30145009 30148002 30150033 30151012 30152006 30156016 30158018 30161015 30168024 30170013 30173022 30180037 30181015 30186020 30201009 30204013 30205033 30208021 30210012 30211016 30216025 30225009 30227003 30228026 30231028 30238029 30241011 30246028 30249022 30249028 30250011 30258006 30259010 30259047 30263011 30264012 30266010 30268021 30278006 30284004 30284025 30286019 30292014 30292017 30294003 30294015 30294023 30298012 30300017 30306002 30312010 30312032 30319031 30327005 30327011 30329010 30329016 30333007 30335017 30337033 30340022 30349053 30350009 30358017 30363006 30365010 30367028 30369024 30369027 30370005 30371008 30375023 30376018 30376072 30385011 30386008 30386040 30387042 30394021 30396020 30396029 30397037 30401013 30405032 30409027 30417017 30418018 30422006 30424025 30425023 30427010 30429011 30431030 30433021 30435014 30435027 30436008 30439020 30441006 30447001 30447018 30447023 30447026 30449017 30458043 30467022 30468021 30475007 30476022 30476025 30478009 30478033 30481018 30482021 30483034 30484014 30484038 30485004 30489019 30490014 30504034 30507016 30509025 30511009 30511016 30512019 30513045 30515008 30515020 30521004 30525013 30531025 30533030 30536014 30537023 30539028 30541011 30541016 30541030 30542022 30542033 30543025 30544006 30546009 30550019 30551019 30556015 30559026 30565054 30568003 30575041 30576015 30578053 30579020 30585012 30590009 30595012 30595023 30601021 30604013 30609009 30610011 30617025 30618009 30627021 30629017 30631009 30631013 30631022 30631027 30636014 30637009 30638019 30639005 30641024 30641058 30642015 30645011 30645051 30647006 30656006 30657010 30658011 30658017 30661008 30665020 30669063 30672015 30679024 30681018 30685022 30685025 30687024 30688025 30689032 30694025 30697012 30697021 30698023 30698032 30701005 30703001 30703016 30706006 30709022 30715033 30716023 30717014 30720052 30723015 30726017 30728054 30732051 30734024 30735025 30738030 30740015 30741020 30742013 30744037 30744040 30748024 30750012 30750020 30752026 30754016 30754033 30755022 30759027 30761018 30762015 30764024 30764038 30765038 30766019 30773035 30775029 30777035 30779040 30780025 30782018 30783023 30784018 30785030 30786019 30786037 30788013 30788032 30789015 30789026 30789038 30791010 30792024 30793013 30793041 30804009 30805026 30808010 30809005 30810004 30810028 30821002 30822011 30823011 30823019 30823025 30826012 30843021 30849009 30851004 30858012 30858028 30858041 30858047 30859012 30860010 30861035 30861040 30863016 30863027 30865023 30868015 30873021 30874018 30876012 30877009 30879048 30882007 30882019 30884004 30890010 30890026 30891014 30895017 30900008 30904006 30904016 30910026 30911029 30911032 30916019 30916021 30921019 30924013 30928031 30931043 30933030 30934011 30935023 30936016 30938030 30939013 30945034 30947029 30948018 30949024 30949026 30950011 30952011 30956017 30957027 30960021 30961009 30963018 30964034 30966012 30969023 30970021 30974007 30977015 30979048 30980019 30983020 30983028 30985008 30988025 30990013 30990020 30991018 30991020 30992005 30992023 30992031 30997015 31001010 31006006 31006017 31006032 31006039 31007018 31007021 31010031 31017032 31025023 31028033 31029018 31033023 31034013 31036019 31036023 31038048 31038060 31040017 31045039 31048015 31052013 31053005 31055006 31060014 31061018 31063023 31069018 31070018 31070031 31076022 31082025 31084019 31085001 31090033 31094005 31096023 31098005 31099038 31100031
ringọ|1|29951010
ririsu|1|25144016
ririsě|4|23396004 23396011 24282005 24282012
riěllo|1|30352008
riạdikang|2|28758002 30512016
riọ|9|23390015 24014005 25111018 25508017 25612007 27186016 28658008 30272009 30450007
riọbe|1|28946025
riọko|2|29934008 30158005
riọěllo|2|25551014 25552011
rohkě|168|23234029 23339038 23362011 23362027 23374017 23377003 23378006 23379019 23412011 23413004 23414010 23414020 23419020 23426016 23512013 23514014 23514022 23517007 23517024 23518006 23533002 23533009 23535010 23656023 23719006 23719014 23720020 23722002 24096012 24239007 24241006 24242002 24243026 24248017 24250015 24250022 24255020 24300006 24301010 24304010 24311017 24311028 24312018 24312022 24319012 24368005 24375015 24377002 24378008 24380011 24383012 24415022 24421009 24489010 24490008 24493014 24494016 24556022 24557006 24557028 24559011 24561003 24564015 24565002 24567022 24883027 24891012 24974010 25097009 25099005 25099014 25100021 25105002 25165021 25217011 25248011 25248023 25273014 25275009 25275021 25275047 25276019 25277002 25278015 25279003 25281025 25284005 25301002 25303014 25341002 25342010 25344007 25344020 25381019 25384008 25420007 25420013 25421008 25421015 25424025 25425011 25426005 25430002 25430008 25432010 25530015 25551018 26502010 26503009 27076019 27500026 27502026 27502047 27598023 27599012 27599029 27599038 27601002 27743024 27744037 28133006 28406010 28407007 28485013 28522030 28588031 28695010 28765008 28765010 28918027 28994031 29135017 29141030 29141046 29232022 29235010 29350029 29482027 29503038 29505021 29510011 29515012 29645030 29749024 29779010 29978016 30027026 30236038 30320006 30344016 30444005 30444015 30445003 30605027 30607021 30607031 30608024 30610040 30702038 30748018 30786042 30861024 30901019 30968004 30969007 30971004 30996026 31041016
rohkẹ̌ku|4|27176015 28693008 28694014 28694026
roit'i|1|27133018
roit'u|5|24027017 24136013 25752009 26587026 26942010
roite|8|23784019 25493009 25622026 25711017 27057030 27058012 27059012 27064017
roitu|2|27197011 28360024
roitě|69|23427003 23427005 23427009 23428005 23447005 23728034 23795007 23802014 23803023 23839023 23892005 23892016 24024015 24024025 24024036 24025005 24025017 24026006 24027005 24029004 24029019 24031005 24031019 24037004 24070024 24136005 24416027 24656037 24760012 24766013 25181007 25181021 25237025 25305021 25368004 25466005 25602029 25629005 25635021 25745011 25755008 25755020 25756012 25801006 25828014 25829012 25870008 26110019 26111023 26111027 26265011 26586010 26660018 26995012 27197022 27338015 27605035 27660006 27787014 28335018 28779013 28779021 29735020 29740017 29799004 29799015 29900026 30247007 30351028
roitẹ̌ku|2|24036009 24036021
rokateko|1|30345009
rokeng|18|23771024 23775012 23979013 24043028 24185021 25456020 26461022 26784041 27828016 27829021 28146009 28212011 29111005 29475012 30542016 30564020 30565030 30575008
rokẹewen|1|26442010
rokẹeweng|1|25241017
rokon|1|30953033
rokạ|7|24965006 24967017 25383021 25586012 27373011 30342037 30474006
rokạ'U|1|25823005
rokạku|1|25842017
rolohẹ̌ko|1|23377016
rol᷊ě|3|23146004 29773012 29775005
rongkeng|1|29675024
rorong|6|23290016 24434021 24766007 29092002 29718008 30359011
rorongang|2|26683004 26750018
rorongangue|1|24431017
roronge|1|27499048
rorongku|1|29949005
rorongu|1|23607024
rosa|76|23951011 24318017 26039024 26416017 26475009 26736012 27177011 27401020 27401040 28001033 28018009 28060010 28060027 28061017 28071021 28075037 28079009 28080011 28085031 28086013 28087006 28089006 28091009 28097016 28100023 28105035 28106024 28109011 28112017 28115033 28116025 28120043 28127015 28294028 28304041 28462007 28462019 28463044 28479018 28516009 28736024 28775005 28775008 28928032 29019014 29860019 29923019 30009011 30032035 30091024 30111033 30128017 30136013 30140015 30142027 30144032 30146011 30148015 30151011 30152004 30152019 30163036 30198014 30214026 30217009 30254018 30282011 30282015 30455019 30548036 30561025 30583017 30584009 30642007 30642010 30732038
rosa'n|1|26891020
rosam|1|30553026
rosan|36|23166023 23199005 23480026 23481035 23531026 24221018 25140018 25377038 25438024 25651030 26443027 26444014 26722030 26891005 27387021 27554024 27590020 27648020 27842032 27844015 27844038 28017041 28064009 28237014 28703031 29587035 29723016 29853024 29967040 29989007 29995034 30034021 30051022 30105012 30137014 30964032
rosan'e|1|27091027
rosane|14|24420023 25243007 25599014 26444009 26837039 27326041 28030009 28703038 30034027 30489024 30532041 30739010 30998023 30999002
rosang|30|23201013 23204013 23227010 24231014 24971017 25034014 25410003 25522013 26403027 26406014 26406025 26988007 26988019 27967037 28048010 28722038 29062017 29214021 29480011 29508032 30092029 30375025 30424007 30553008 30553014 30553020 30614031 30723013 30734007 30766023
rosanu|14|23195004 23382036 24220027 24666031 24667019 25029031 25131007 25244010 25524015 26837041 27016024 27721020 30563009 30750024
rosanue|1|24266018
rotongang|1|27275016
rua|41|23186032 23408021 23409011 23409018 23743023 23825011 24026014 24031030 24057006 24378037 24625008 24627002 24627018 24628014 24643020 24644007 24644011 24646014 24756003 24768024 24770006 25563007 25762013 25762017 25763005 25763008 25765015 25875006 25875020 25877007 26530017 27068014 27069009 27143023 27143029 27758018 27758035 27893007 27913025 29445015 30857010
ruam|12|23736040 23737028 28576015 29015028 29385004 30730022 30773013 30773025 30779004 30788019 30889004 31022006
ruamběka|8|24584026 24586024 28493013 28946060 30027015 30714016 30781022 31083011
ruambẹ̌ka|3|24497017 24582021 27423010
ruan|4|23934044 29589016 29934011 31000015
ruang|35|23228014 23276015 23307007 23379016 23407014 23744011 23823006 23828016 23998005 23999003 24115018 24168008 24597006 24886009 25214017 25332006 25334019 25399007 25466007 25512017 25699006 25761014 25968003 26080012 26399015 26844009 26947007 27255029 27267013 27344024 27608005 27758008 29154009 29156007 30876007
ruata|7|27360011 27426021 27612034 27613019 27613036 27621032 27906050
ruatan|2|27614023 27620022
rudal᷊ingara|1|26935016
rudaringihě|2|25380013 25780018
rudarisị|1|27172021
rudokạ|1|30437024
ruděllị|2|30231032 30858023
ruděnta|1|29624017
rudẹ̌sung|1|25396009
ruhi|1|23946029
ruhin'E|1|26862021
ruhine|1|26031021
rukụ|4|23197006 24222006 30125055 30712005
rul᷊unge|8|24441031 24455018 26907020 27870019 30864018 30867010 30870032 30904015
rul᷊ẹ̌ge|1|28518012
rumae|1|26419024
rumakeleng|2|23443022 28234034
rumakị|1|23620013
rumal᷊ampa|1|30305027
rumal᷊aụ|1|29615005
rumal᷊eng|7|25204032 26394022 26486009 26568030 26671010 27664015 30970019
rumal᷊iu|1|28985015
rumal᷊ěngange|1|27203027
rumangeng|2|24418008 25369004
rumararingihě|2|29924008 30610030
rumarendehě|2|27239036 29902028
rumaringihewe|1|25865011
rumaringihě|22|23432012 24419017 25165005 25388022 25590014 25652009 26429028 26468015 26472009 26629008 27168015 27370032 27679005 27819012 27922007 28700046 29875015 29961017 30238013 30238023 30238055 30640008
rumarisị|1|29489011
rumarokạ|3|29390012 29977018 30570002
rumarokạu|1|23917013
rumasehě|3|23676012 30372016 30879013
rumba|4|24782033 25367011 28153028 30394013
rumokạ|18|23505010 23520012 24579005 25352019 25512019 25513024 27011012 27050030 27099024 27168038 27453007 28751019 29886016 29903006 30342024 30358014 30475003 30916005
rumoloh'i|1|25947019
rumorọ|1|26078031
ruměndehě|1|29918017
ruměndingang|4|24922017 25554009 26123038 27568004
ruměnta|68|23252005 23302018 23701013 23777012 23867010 23972022 23995005 23997022 24010005 24023004 24040005 24110017 24240013 24539028 24744010 24937011 24984010 25006009 25372004 25374005 25505016 25569024 25656014 25672013 25697013 25742003 25776031 25861030 25883020 26072003 26172017 26251006 26295019 26303028 26356006 26370020 26572022 26699016 26726028 26734025 26735004 26970019 27073006 27161007 27281020 27289016 27459005 28372014 28424012 28453008 28455015 28460021 28627022 28703013 28789054 28858005 29303025 29553032 29632011 29645049 29803017 29880002 30090012 30362011 30395023 30582034 30656005 30970005
ruměntam|1|23452006
ruměntan|1|24803016
ruměntang|1|25917036
runia|8|23578005 23961049 28689002 29291034 29515015 30239025 30530022 30581030
runiang|1|26977012
rusa|1|27253025
rěduang|1|29937009
rěduhu|3|24809020 26960011 30977039
rěhụ|7|30814023 30815017 30925027 30936024 30981002 31043060 31085008
rělahe|1|24113020
rělahě|1|24124008
rěllah'u|2|24657011 24809011
rěllahě|1|24821006
rěllang|2|24361006 30231040
rěllusě|2|24170026 24857002
rěllịu|2|25645023 31030004
rěllụ|10|24306021 26610016 30533018 30774014 30795029 30833021 30892026 30929017 30973008 31024018
rěmpugu|1|30125051
rěmpugě|10|23617009 24447012 24982013 24994008 25593030 26268018 28423020 30399012 30399019 30845005
rěmusě|1|26452019
rěndinganengko|1|30486029
rěndinganengu|1|30486019
rěndipahě|1|30772012
rěndunge|1|28439034
rěnděnganengu|1|29664008
rěntạ|1|26366024
rẹ̌daloěng|4|24761022 27999021 28444039 29373020
rẹ̌daloěnge|1|28990003
rẹ̌dal᷊engangu|2|24390016 25289014
rẹ̌dal᷊okaěnge|1|24202018
rẹ̌dareakengu|1|25490005
rẹ̌daringihang|3|25271043 26983024 30038045
rẹ̌darisikangu|1|27150013
rẹ̌deakeng|3|26794018 27281014 30340015
rẹ̌deakengu|1|26883016
rẹ̌diagatengu|1|30380018
rẹ̌diahiang|1|29849029
rẹ̌dohangeng|1|30423005
rẹ̌dokateng|1|27371006
rẹ̌dokatengu|1|23472013
rẹ̌dorongang|2|23815005 24627007
rẹ̌dorongangku|1|29663022
rẹ̌dua|203|23163019 23170011 23228028 23229005 23230002 23231008 23231021 23231028 23231037 23232003 23232011 23374022 23378011 23397037 23408019 23408033 23410003 23411003 23412003 23630003 23648022 23767022 23768025 23769003 23817017 23823023 23824008 23824013 23824018 23825009 23826002 23827023 23829011 23833014 23834002 23834015 24092008 24116002 24174002 24232024 24233005 24234003 24234008 24235011 24235023 24235031 24236006 24236009 24236015 24236028 24283020 24596018 24624019 24626002 24627014 24628004 24628011 24643012 24646009 24647003 24647011 24771013 24771023 24859024 24886020 24887003 24887014 24900002 24900010 24900024 24901004 24901013 24980004 25013016 25018002 25018019 25018031 25019003 25020007 25024003 25025008 25025014 25186020 25216002 25238002 25238010 25335005 25357007 25762010 25764002 25765003 25765012 25766002 25767004 25767015 25767019 25878016 25969015 25997011 26006002 26007004 26009015 26011017 26019006 26021003 26021014 26021035 26022006 26022021 26023004 26024003 26025005 26025015 26027002 26027013 26027019 26082002 26084008 26084024 26085003 26543014 26858009 26866002 26872002 26880011 26935008 26948036 26950005 27000020 27001003 27002007 27002016 27036023 27039030 27040022 27040026 27041007 27041013 27044018 27046015 27047005 27061022 27062009 27062025 27215008 27216004 27365035 27366016 27368023 27413031 27414010 27416013 27422004 27429014 27429019 27433011 27433021 27438021 27440004 27447028 27447038 27455037 27456004 27465043 27469002 27476020 27476026 27482011 27503026 27506032 27507003 27507009 27508012 27508023 27523023 27530039 27530056 27531007 27533019 27560049 28063003 28167036 29180022 29446014 29446018 29717012 30878006 30878017 30878024 30878035 30879002 30879016 30879025 30879039 30880003 30880022 30881003 30882013 30884019 30884023 30884033 30885013 30885030
rẹ̌duan|16|23453011 23453018 23704010 24543014 25332010 25873006 26525013 26543009 26947021 27810008 27820005 28340005 28352004 28796015 29845016 29890004
rẹ̌duang|9|23231015 24596010 24874007 24990010 25007004 27576030 27577009 27584017 28344006
rẹ̌duh'E|1|25349017
rẹ̌duh'u|2|26506009 26919020
rẹ̌duhu|1|26402017
rẹ̌děndinganengu|4|24243021 29838029 30085005 30333018
rịěllo|4|23317008 27755023 28751057 30351010
rịělloe|1|23317011
rụdal᷊ahědo|1|30362031
rụdal᷊eng|7|23624007 23934016 24255007 24457008 29016006 30202013 30562018
rụdal᷊engke|2|23228004 23623015
rụdal᷊inaụ|9|23594024 24915012 26957003 26962003 26993013 27008031 27036004 27305015 30912020
rụdal᷊ingara|1|27172010
rụdal᷊ingarạ|1|25318012
rụdal᷊oka|5|23352013 23382010 24494012 24986015 26217006
rụdal᷊umpasiang|3|28139011 28140006 28140011
rụdal᷊ěto|1|29015024
rụdareạ|2|29418003 29444019
rụdaringihě|12|25194014 25196005 25225008 25780014 26429010 26485011 26509004 27424005 27566023 27584019 30180022 30610018
rụdaringihẹ̌be|2|26437038 27719038
rụdarisị|23|24325034 24866004 25109005 25664018 26791020 26852011 26879005 26882014 27033020 27037014 27173014 27321015 27493019 27807008 28285022 28580005 29599016 30711006 30812009 30867005 30928010 30949038 31035006
rụdato|1|28960025
rụdendehě|4|27408022 27919006 30004017 30011037
rụdokạ|18|26838036 27111005 27693025 27693030 27917039 27961019 28124012 28786011 29350007 29350011 29350026 29487012 29573027 29862016 30161023 30344033 30471039 30899024
rụděllị|6|23582011 26246007 30736019 30832010 30836016 30838011
rụděndengelu|1|30232003
rụděndingang|4|26398022 26411007 26975019 28572020
rụděnta|5|23332009 25554030 26147038 27394011 28143007
rụděntakol᷊ai|1|25642016
rụděntang|1|28333008
rụl᷊ahunsusa|1|30381015
rụl᷊aụ|1|30462020
rụl᷊esạ|3|28395013 28395017 28432007
rụl᷊iagi|2|28814051 28814059
rụl᷊uasi|1|28890025
rụl᷊uasu|1|28750015
rụl᷊uasě|1|26976005
sabakhtani|2|24176015 24861014
sabarang|26|27055025 27430034 28141030 28142008 28149018 28246006 28369016 28410011 28480010 28601015 28746015 28746025 28909036 28933012 28940008 28968011 29038010 29477017 29483003 29486011 29540015 29695020 29986041 30129006 30600035 31013050
sabarange|6|24343013 28433016 28441015 30000010 30128011 30780024
sadia|22|23881014 24561030 26668015 26669008 27678023 27750046 27756047 28812028 28928037 28945011 28952043 28959037 28960033 28960045 28978016 28994029 29037008 30440029 30452016 30848009 30903028 31025026
sadiai|1|29961004
sadiang|1|25874005
sadiaěng|1|24072022
sadiaịete|1|24770021
saghe|4|24178009 24863010 24863019 26855012
saghed'i|2|29596033 30654013
saghede|1|28419010
saghedu|2|28172013 28987010
saghedě|3|30800026 30800039 30891028
saghegheěng|1|23953041
sahaghei|2|23777016 25705021
sahagheěng|1|23932038
sahani|6|29331016 29538010 29741013 29780006 29810017 29955022
sahaniang|7|23207015 24220030 26929018 27214016 27307023 27324021 27566036
sahaniangu|1|23204004
sahen|2|27355016 27606002
saheng|3|23959017 26614008 27457005
sahidi|14|23744023 24114010 24115013 24811002 27115007 27115018 27720006 28734011 29707015 30214009 30358013 30632003 30703006 30883007
sahidi-Ku|1|30876005
sahidiku|3|26932022 28824003 30731028
sahidin'E|1|26060005
sahidine|8|24120019 24818013 26040004 27940016 29045029 29576027 29783010 30162016
sahiding|3|24810010 26945010 29802021
sahidinu|1|27725005
sahig'i|1|30526018
sahige|1|23263015
sahigě|2|28281021 30450026
sahikang|1|23943011
sahikangu|1|24588003
sahindạ|3|25838011 30802049 31002013
sahiun|1|26826018
sahuneng|1|28043014
sahěllo|51|23294005 23313005 23317017 23779002 23795010 23799030 23855037 24902003 24985002 25018014 25085015 25120002 25134025 25420003 25488005 25656009 25737025 25741006 25774006 25781004 25899011 25926022 25948002 25979007 26013014 26533007 26577003 26750002 26857037 26901002 26939003 26998003 27178009 27249009 27263002 27359002 27500002 27555009 27626007 27708057 27736018 27791017 27840028 27853026 27923006 28286006 30036031 30531021 30800028 30800041 31002008
sahị|8|23168003 28394044 29142007 29142010 29142014 30765016 31072014 31075023
sai|271|23200031 23238003 23240003 23244003 23245003 23256018 23257009 23257023 23263009 23267009 23267029 23274013 23277018 23310002 23325003 23325010 23325016 23341003 23343003 23428018 23429012 23440014 23457002 23457010 23458002 23458011 23459019 23460002 23517018 23520017 23521007 23538006 23538010 23583003 23638014 23686024 23688007 23697010 23698003 23698014 23726022 23729013 23732002 23733003 23734002 23772005 23775036 23788021 23816015 23820003 23837015 23850044 23851027 23852008 23854032 23893010 23893014 23901012 23915010 23931002 23935013 24079018 24123013 24147014 24151009 24240022 24250033 24268014 24318003 24322005 24322010 24324002 24365012 24374008 24395025 24396021 24441015 24474016 24528025 24530009 24535022 24536003 24536011 24573013 24574019 24576002 24579003 24580003 24581002 24600007 24604005 24615020 24618006 24629005 24632009 24633003 24669015 24670023 24671007 24674026 24680002 24690015 24690019 24697010 24776018 24820021 24890002 24890009 24937003 24956012 25033022 25098022 25129015 25129025 25176003 25235030 25238016 25271030 25276008 25291005 25311021 25320026 25322006 25325013 25326003 25326014 25328003 25350009 25350025 25352017 25371016 25380016 25393012 25416003 25416009 25416015 25425006 25465007 25468004 25469003 25470003 25474005 25480020 25485002 25502004 25565003 25632015 25633013 25639002 25639016 25653020 25683005 25685002 25715013 25735007 25740025 25782021 25784007 25788019 25804011 25813009 25888012 25892004 25892015 25901007 25929012 26064021 26066007 26067008 26078007 26154002 26167012 26223004 26224011 26293026 26318021 26322025 26326013 26346002 26347002 26347013 26349010 26357022 26367003 26407004 26428002 26435021 26462014 26463027 26477006 26581018 26606002 26606011 26607002 26607024 26615034 26619009 26619016 26625006 26628002 26629002 26642006 26651025 26653015 26655017 26656012 26681006 26723002 26729016 26763010 26790024 26793013 26850023 26883015 26911028 26919031 26948033 27027003 27030027 27144017 27152020 27169002 27211014 27222003 27388013 27601024 27698024 27713007 27839007 28116033 28141026 28148017 28150002 28152002 28195031 28196003 28205015 28243014 28243020 28244010 28244017 28245002 28285003 28411008 28411016 28416006 28416013 28441002 28620013 28687013 28827013 29104017 29170023 29733006 29868029 29978005 30013004 30014021 30164008 30233034 30350024 30438002 30586012 30630002 30682021 30710011 30782012 30824020 30930031 30951002 30951010
sai'm|1|23552003
sai-sai|59|23266007 23287007 23338017 23350011 23410018 23693014 23709010 23710019 23889043 24260006 24408014 24500012 24531014 24629025 24688026 25040023 25070033 25338023 25691020 25693027 25871020 26121007 26233006 26295018 26322019 26397014 26415017 26416011 26649014 27040030 27196014 27288042 27757007 27782010 28275007 28408013 28437014 28559023 28560007 28730004 28902023 28919017 28919033 29075008 29616011 29687027 29769009 29785026 29805019 29917008 29926014 30012004 30033017 30090011 30280029 30328008 30439019 30587005 30735047
sai-saiewen|2|25181010 26141002
sai-saim|3|28382003 29499011 30756004
sai-sain|19|26947003 26999026 27175013 28181012 28388004 28410002 29689017 29745002 29842034 30014033 30052022 30251038 30359015 30437008 30437026 30489004 30612002 30619002 31098013
sai-saing|11|23877014 25179021 25815003 27725025 27971003 28385028 29439020 30049003 30136003 30279035 31099003
sai-saịewe|1|23487027
sai-saịewen|3|27965011 29707019 30589002
sai-saịeweng|1|30245016
saiewe|1|24882021
saim|15|23459002 28254016 28521003 28580002 29228023 29852002 30574015 30580021 30735002 30735016 30747002 30753002 30759002 30760002 30769002
sain|139|23243003 23456003 23466004 23475002 23520002 23549010 23552017 23801022 23801027 23975002 23976002 24078005 24103014 24349003 24576018 24733002 24734002 25037005 25037014 25037018 25196003 25219003 25264011 25264018 25380009 25429002 25429011 25508021 25508030 25580003 25581002 25589015 25631017 25647016 25647023 25683023 25706003 25718006 25758006 25758016 25851015 25901016 26235008 26236017 26293014 26302021 26366021 26394016 26433007 26434038 26483006 26484003 26491006 26533012 26534003 26616026 26626003 26657005 26690002 26693002 26705014 26706002 26713002 27020002 27027004 27963010 28020007 28027002 28171012 28303015 28477025 28477028 28518002 28518011 28518018 28519003 28526003 28526010 28554019 28566027 28684029 28684037 28711010 28799002 28895002 28948009 29113021 29115015 29116029 29171003 29197003 29241032 29636013 29782024 29784002 29822018 29871006 29879008 29980021 30044002 30123009 30179015 30273003 30279003 30292012 30295006 30304002 30305003 30307010 30349014 30371021 30406026 30407014 30435009 30458013 30557002 30560002 30562003 30574002 30590015 30620020 30622002 30626002 30635005 30635020 30655002 30670014 30670024 30695004 30701007 30725002 30725015 30729002 30729018 30735051 30970010 31088015 31092017 31092030
sain-sain|1|30219014
saing|97|23239003 23241003 23242003 23254004 23451003 23455002 23471014 23735022 23819011 23871002 23871012 23930002 23974005 24947002 25243015 25350040 25434009 25569015 25631002 25685010 25703033 25891008 25892021 26142003 26152002 26152012 26157002 26157016 26170002 26171003 26308011 26309013 26312002 26314002 26315017 26316028 26429002 26549017 26651007 26678022 26690021 26692005 26823040 26971005 27295002 28124002 28252032 28253002 28253016 28254002 28254038 28254048 28269021 28270003 28270014 28275016 28277002 28277015 28284002 28287002 28287030 28299002 28304003 28395011 28458036 28520012 28539011 28566002 28670002 28672002 28683002 28683012 28709017 28963003 28989008 29195002 29669016 29999014 30290002 30342028 30369021 30520018 30561002 30587010 30588004 30607003 30622023 30625012 30626022 30637002 30927007 31061002 31062003 31095003 31096003 31098024 31098030
sakaeng|51|23231031 23232006 23369006 23381006 23542015 23611010 23612006 23622002 23622022 23627010 24235027 24236018 24298012 24325025 24360007 24361016 24362003 24367006 24383007 24440007 24442006 24459007 24511009 24514010 24515019 25110005 25110019 25111008 25111016 25111026 25111034 25115015 25115033 25115040 25119007 25268010 25269021 25283028 26275005 26277021 26279012 26279018 26280016 26280030 26281005 26282022 26902029 26905012 26907008 26908006 26910008
sakaenge|7|23370011 23630008 23631007 23673014 24361012 24456009 24462006
sakaengkewe|1|24360024
sakaengu|1|24455004
sakapeti|1|29355006
sake|14|23395010 23878003 23883030 23884008 24280011 25142011 25561007 25563021 25564037 25578008 26106016 26583018 27278013 29734018
sakene|4|23607019 24430020 24434032 27907025
sakị|26|23234033 23350047 23363024 23415038 23419026 23716010 23716014 24758014 25104020 25120018 25121019 25123022 25165014 25303018 25666028 26215027 26215030 26221014 26352024 26999013 27424025 27598017 27927050 29030015 29031008 29845007
sakịe|16|23348005 23349017 23408028 23426009 23465009 24061012 24250009 24256003 24258005 25091012 25218025 25248014 25293034 25556008 25664012 28644032
sakịu|2|24726031 25531014
salasi|2|23942019 25448017
salun'E|1|30063019
salune|5|23935039 23937016 24431011 26980009 30086010
saluwe|1|23935020
sal᷊a|16|24789014 24810025 25460013 25702009 25806012 25940021 25958017 26388015 27735017 28041011 28294007 28476006 29144027 30322011 30364005 30858022
sal᷊ai|1|25614020
sal᷊aka|29|23427006 23795008 23802015 23803024 23892017 24070025 24133020 24139014 24445023 24689022 24690006 24760013 25237018 25237026 25399006 25597008 25804006 26265012 26586011 27553027 27605036 27610010 27610017 27611015 28423011 29848013 30393027 30861031 31006004
sal᷊akang|1|30358003
sal᷊aku|6|27653022 27736026 27807031 27917032 28438005 28438018
sal᷊amat'u|1|25032008
sal᷊amate|1|26188015
sal᷊amatě|3|27472050 27520037 27810015
sal᷊amatẹ̌be|4|27378041 27576015 27628030 27664014
sal᷊an|1|24666017
sal᷊ane|19|23497030 23954016 23954024 24134013 24149021 25977015 25983023 26809014 26816009 27744030 27763010 27824022 28372023 28439015 28928055 29957005 30162027 30361008 30443018
sal᷊ang|3|24291008 24591010 27564037
sal᷊awaku|6|23320015 23321020 23322006 25188014 25189026 25189037
sal᷊eh'i|1|25538026
sal᷊ehe|2|23366013 24356027
sal᷊iawuhangu|1|26494033
sal᷊imbang|10|23884016 23884021 23885022 25017004 25826033 26337008 26339009 26340002 26366005 26660014
sal᷊imbange|1|24757010
sal᷊imbangu|4|24280007 25562006 25953003 26212004
sal᷊induhunge|1|26129009
sal᷊iwang|20|23875013 23876012 23877038 23882012 23925009 24060011 24430002 24713014 25137007 25567006 25570014 25571006 25861009 26098009 26104017 26104026 26105032 28219007 28463006 31035028
sal᷊iwange|3|23877019 24019029 30514044
sal᷊iwangku|1|25578014
sal᷊iwangu|8|23395012 24429017 25142014 25496009 26097006 27158026 31017017 31027014
sal᷊ukateng|2|25573015 28581029
sal᷊ạ|2|27883024 28818033
sal᷊ạanune|1|29842030
sal᷊ụ|11|23209010 25065014 25195022 27497009 30838023 30947021 30959011 30967015 30977041 31082007 31083008
samatang|51|23214015 23511004 23658007 23722013 23994019 24680016 26134008 26181007 26423031 26780002 26841033 27106016 27193024 27327042 27555026 27756054 27878035 27991024 28021008 28032013 28037009 28079011 28303011 28422011 28453037 28695012 28736014 28751009 28756021 28822020 28893013 28918045 28950012 28969015 29025031 29503034 29569019 29732026 29948009 29997026 30043046 30116017 30130015 30227009 30318021 30336007 30445035 30513029 31011002 31092033 31092041
sambaiang|1|25990004
sambeka|1|29023004
same|1|24103021
samekang|5|23435008 23967006 24727009 24729005 30513017
sampokang|1|24557004
samuri|10|23805007 23807017 24650010 26740049 27021021 28034004 28765014 28811023 29788019 29966003
samurim|1|23702003
samurin|18|24783002 24813016 26060022 26072004 26075009 26259002 26913014 27297015 27399011 27590041 27798003 27823039 27975020 28033013 28064013 29120018 30022017 30040002
samurine|27|23192002 23745017 24330011 24680020 24847015 25163010 25432032 25693012 25959017 26010024 26225002 26357002 26585011 26810002 26827002 28062038 28304012 29331019 30053020 30180031 30215054 30224022 30407032 30521022 30522020 30678025 30873002
samuring|9|23204018 24541003 25207003 25885003 27147006 27388035 30051002 30093016 30495007
sandalě|1|27150007
sangiang|1|27138012
sangiangu|2|26596003 30197013
sangkonangu|1|28303019
sangkural᷊ange|3|28730021 29174036 29332013
sangị|1|30785011
sansahi|1|28602006
sansahě|2|27662010 29605010
sansahẹ̌ku|1|28602002
sapatu|4|23428013 25368008 25611022 25900021
sapatun'E|3|24223023 26072010 27388039
sapatune|3|23204041 25042032 27346022
sapatung|1|29353014
sapatunu|1|27346011
sapi|20|23877027 25559032 25573009 25573017 25612006 25616017 25619025 26110011 26111015 27158012 27428011 28550010 28550024 30118028 30119005 30119012 30125023 30138005 30776008 31007017
sapine|2|25534016 25559017
sapo|1|25031010
sapuạe|1|23386027
sapụ|1|25989015
saraeng|1|27483010
sarakang|1|23437007
sarakangke|1|28082021
sarakangko|1|29830012
saral᷊ain|1|28371007
saral᷊aing|3|25898010 27678030 28783013
sarameng|1|25548005
sarang|599|23146019 23151004 23151009 23162005 23162016 23162035 23173002 23178007 23182015 23183038 23183042 23184016 23185005 23190024 23191012 23192026 23192041 23203007 23205008 23206009 23211010 23215006 23218007 23222010 23296006 23296024 23307002 23360005 23365020 23374032 23378030 23387007 23413025 23415008 23415014 23423023 23424004 23440016 23447012 23462020 23483007 23510016 23541013 23548023 23567026 23570004 23573031 23588008 23608006 23609022 23618005 23620014 23671006 23677023 23686004 23721034 23738006 23749020 23750006 23762014 23801025 23810006 23817002 23846019 23865002 23885015 23917009 23919002 23953047 23954025 23956015 23958014 23960019 23971006 23978004 23980012 23982024 23989025 23993011 24104002 24113008 24115006 24134014 24138004 24142024 24181013 24184014 24194009 24200008 24211027 24264014 24265009 24316002 24318018 24331019 24402011 24418015 24450005 24509004 24533017 24542005 24547014 24548019 24561011 24561015 24578014 24639012 24655013 24657003 24661020 24708030 24710020 24720016 24723007 24727013 24731018 24737019 24738011 24745019 24749011 24750004 24754008 24791007 24810027 24816012 24865012 24927012 24944003 24949013 24955002 24974018 25035009 25091017 25093015 25120023 25144010 25208018 25224011 25261022 25269019 25289029 25297011 25302022 25306010 25319006 25323014 25368016 25379020 25386010 25394023 25396023 25435038 25442008 25452028 25466012 25471005 25505029 25525033 25553017 25554023 25560003 25578003 25582024 25587010 25605021 25618018 25634002 25637014 25643009 25648017 25651021 25663002 25676010 25679012 25683028 25699010 25702012 25708014 25723007 25729011 25762002 25767010 25776015 25789028 25790011 25794002 25795006 25800012 25807007 25811011 25823001 25833013 25842013 25845002 25851009 25851022 25860012 25861004 25864015 25875024 25904008 25912025 25917020 25917032 25943016 25945015 25947022 25950010 25950037 25951024 25958018 25980016 25993009 25997007 26004007 26004014 26005012 26014018 26016007 26025010 26041007 26041022 26042011 26044010 26048013 26083004 26104023 26106032 26123025 26124006 26134002 26153013 26157031 26171015 26184022 26228014 26284031 26293022 26293035 26297019 26302002 26309019 26316034 26323016 26342003 26356009 26373009 26387020 26402025 26410038 26417017 26432013 26433014 26434043 26445022 26451004 26456010 26460014 26462003 26467020 26500002 26510009 26510017 26511016 26517012 26518025 26539023 26550009 26555030 26615015 26632036 26659003 26675016 26685020 26732015 26749026 26759016 26772036 26795026 26806034 26824028 26830030 26832041 26837022 26839014 26849040 26862017 26907005 26910012 26916029 26921013 26922037 26926001 26928025 26932031 26942022 26944019 26945047 26979035 26985004 27003011 27018007 27026025 27027020 27032031 27035021 27055011 27057003 27064011 27069034 27070038 27083044 27122048 27144011 27162043 27175005 27180020 27180028 27187016 27193011 27201017 27209032 27210014 27224020 27276005 27318006 27369008 27371027 27374017 27403009 27439015 27446006 27568008 27574008 27596013 27622002 27626028 27628036 27638023 27647010 27651032 27660010 27668003 27670035 27744031 27759011 27805013 27808034 27815018 27818014 27818029 27846002 27850028 27864004 27876002 27878018 27889034 27901002 27905019 27915024 27916002 27923025 27948032 27948048 27956032 28002008 28003002 28003009 28004013 28004020 28011029 28012003 28025008 28079015 28082035 28085036 28090024 28116045 28139005 28161028 28175021 28195034 28218019 28220015 28235053 28246021 28288003 28288014 28323029 28328007 28328036 28329007 28332024 28364017 28378008 28403002 28410014 28439019 28451042 28537006 28541021 28556009 28565025 28568025 28592004 28638023 28685023 28686006 28688022 28689012 28779023 28785012 28788002 28832022 28847006 28856008 28866030 28869018 28878029 28879037 28889034 28919020 28936011 28941025 28950030 28974008 28997019 28999011 28999015 29021015 29023018 29034039 29038014 29039011 29046051 29063004 29070013 29074029 29075006 29075022 29076007 29079005 29083009 29084003 29087008 29098055 29114003 29118025 29126017 29127011 29133026 29136009 29190038 29206006 29238034 29273008 29273022 29308020 29334002 29342016 29367011 29392030 29400012 29434017 29438019 29461007 29463007 29489018 29503006 29576010 29580025 29594006 29621033 29625022 29659009 29665007 29748002 29752012 29805021 29805036 29822038 29837009 29878020 29887010 29889030 29908019 29938016 29969002 29969009 29972012 29977008 29987055 30009004 30010013 30016027 30026017 30027019 30028003 30035003 30037015 30055040 30056014 30062016 30065022 30068041 30078019 30082014 30084007 30086035 30089007 30090003 30090024 30092040 30093044 30104025 30116023 30118012 30118046 30144024 30146017 30147009 30168042 30177048 30178020 30179007 30186006 30208019 30210006 30217015 30227015 30228004 30233039 30234009 30238008 30250012 30256009 30263046 30362008 30362019 30400007 30422008 30443010 30458046 30477008 30501004 30505029 30540024 30541031 30546023 30560025 30568019 30570052 30616003 30648015 30676051 30686040 30698029 30698033 30704022 30716017 30728045 30729025 30740008 30743003 30744006 30749031 30754029 30754037 30755036 30756023 30758014 30759022 30778026 30779023 30783017 30784011 30793048 30805015 30811014 30820019 30823027 30847009 30868010 30888037 30926002 30932008 30937019 30938011 30954030 30955027 30999007 31005018 31016028 31048029 31049035 31060022 31086034 31094013 31095007
sarangbe|2|29761003 30903032
sarangbelain|1|28631011
sarangbem|1|28622014
sarangbeng|1|28744006
sarangkatewe|1|28143041
sarangke|18|24572008 25047002 25273002 25313002 26832002 27190007 27267002 27503002 27614002 27670002 27895002 27906018 27913009 27925015 28568028 29351027 30197006 30203009
sarangkeng|2|23472006 27301023
sarangkewe|10|24106017 25043011 25540019 25593037 27345023 29803010 29977016 30056016 30271011 30511033
sarangkewelain|1|24828007
sarangkewen|5|23547017 23979017 29645038 30679040 30705014
sarangkeweng|2|30027027 30530025
sariane|1|31015011
sarul᷊aing|4|23450010 25468018 25469020 25508025
sarul᷊uang|2|29279015 29283020
sarun|8|28181015 28181024 30741026 30744015 30756020 30759005 30763016 30768005
sarung|1336|23166003 23166019 23168004 23168014 23172014 23174023 23176024 23176029 23193023 23195014 23200043 23203018 23204016 23204022 23205012 23219010 23227020 23233023 23239008 23240009 23241011 23242009 23243008 23244012 23253020 23254020 23254042 23257014 23260026 23287021 23289028 23290019 23297016 23301023 23307013 23308011 23308018 23314008 23314015 23314021 23316016 23319013 23319026 23323027 23324015 23325007 23325012 23325018 23328029 23337009 23338009 23339005 23340004 23357005 23358012 23358020 23375012 23400033 23425007 23435007 23435016 23436003 23437031 23439006 23439017 23439025 23440003 23440018 23443028 23451012 23454003 23457005 23459011 23459028 23460028 23463004 23483018 23488015 23489023 23497026 23508023 23509004 23510014 23516020 23527009 23531007 23532012 23534007 23535040 23552005 23552013 23552025 23554014 23554022 23575011 23575018 23580011 23581004 23582004 23582016 23583008 23589009 23590006 23590016 23605012 23692003 23694034 23694042 23698009 23698021 23700010 23700020 23712012 23713032 23721040 23723020 23724003 23728024 23741014 23747022 23763016 23777026 23784026 23790020 23791014 23791028 23792027 23792036 23793008 23793014 23809011 23809018 23811012 23811025 23812010 23812026 23816016 23840022 23848046 23851019 23852039 23858037 23868007 23870012 23871008 23871016 23886022 23896027 23903007 23903019 23931005 23931011 23933041 23953005 23953018 23953026 23953032 23954006 23955004 23960036 23961031 23962007 23963005 23963019 23964003 23965003 23965011 23965018 23967005 23967016 23968004 23969004 23971009 23972010 23973003 23979005 23982003 23982013 23987010 23987021 23987030 23988007 23988019 23988023 23989003 23989008 23992005 23993005 23997017 23998011 24000012 24001018 24002012 24005004 24006010 24008004 24009004 24009015 24030019 24032019 24038007 24038014 24039017 24040015 24041006 24041014 24042007 24043004 24055005 24055018 24057015 24068014 24070007 24076014 24078015 24079006 24084005 24084010 24086031 24086039 24087009 24107019 24113032 24119016 24154016 24193026 24194036 24203032 24206026 24223011 24224013 24233011 24271004 24281002 24283015 24304004 24314019 24315017 24336004 24336013 24346005 24346012 24348020 24349006 24372013 24430037 24431019 24504011 24532018 24532031 24532039 24536006 24536021 24539029 24551033 24570011 24570023 24570031 24588002 24596006 24610030 24615022 24619003 24619012 24619037 24619043 24620010 24621042 24622013 24622025 24623003 24623024 24627024 24627034 24628015 24628022 24628031 24629006 24629026 24643021 24651003 24658026 24664017 24665029 24670015 24672031 24683007 24683016 24714023 24720023 24720031 24722017 24724003 24726003 24726010 24726018 24727008 24727019 24727027 24730002 24730013 24731003 24731020 24732003 24737006 24740010 24740014 24742008 24743004 24743012 24744008 24745003 24748006 24749005 24764018 24766011 24768021 24770003 24773019 24776006 24782011 24782027 24782035 24783008 24813009 24813022 24817014 24881026 24890005 24890013 24891010 24891019 24892022 24907019 24908003 24908009 24908016 24909003 24910004 24911003 24911019 24911033 24912007 24914004 24914022 24925003 24926003 24926006 24926014 24927004 24929009 24929018 24929029 24936017 24966015 24970005 24971009 24986007 25000015 25008029 25008036 25009014 25032006 25035021 25042021 25042041 25043014 25043023 25070007 25071004 25074011 25075005 25132006 25143002 25145018 25154024 25168022 25172011 25172023 25182033 25185014 25185032 25186021 25187011 25215015 25216027 25223019 25243022 25262016 25263013 25264025 25324027 25324033 25326008 25326022 25328012 25328021 25332028 25346012 25365025 25366003 25379011 25379018 25392012 25399027 25406015 25415010 25415016 25415022 25416006 25416011 25416018 25419023 25423045 25436015 25437008 25438006 25447023 25455010 25455021 25455026 25463007 25463021 25478021 25479003 25479017 25480016 25480022 25496021 25497015 25499015 25500011 25504004 25506003 25506014 25507017 25512009 25512012 25513003 25513016 25513030 25518040 25522019 25543014 25544029 25545003 25546004 25547024 25551029 25564015 25565005 25565009 25566036 25568004 25568011 25568016 25583019 25584003 25585025 25586018 25593020 25597018 25630028 25653015 25658031 25660006 25676014 25678005 25682003 25685005 25685013 25689008 25711024 25719003 25719015 25719019 25720028 25721003 25721011 25722003 25722015 25736020 25740029 25749019 25751009 25754014 25758011 25758024 25772013 25775003 25775019 25776003 25778017 25785020 25793014 25793022 25795025 25796005 25798008 25798016 25817008 25827025 25833002 25833009 25834025 25835012 25837010 25837018 25838004 25838015 25839009 25839015 25839026 25841011 25842003 25843003 25843023 25844003 25845011 25846010 25847012 25847020 25850021 25850028 25851002 25851007 25851019 25852009 25852019 25853003 25853009 25853021 25854007 25855017 25858013 25859005 25860005 25862004 25875017 25877004 25887004 25888016 25894014 25895016 25914010 25934008 25965003 25966006 25967015 25979011 25999019 26013009 26041005 26060020 26075007 26078040 26096010 26157008 26167031 26171007 26171019 26180003 26180016 26182017 26182025 26231017 26235024 26236010 26236020 26239010 26240011 26240022 26256004 26257010 26264006 26288023 26295009 26302023 26303013 26309017 26309023 26315020 26316032 26322027 26329029 26333005 26362022 26363004 26365010 26368011 26371015 26403011 26403016 26403023 26406010 26406021 26410020 26410034 26414004 26415025 26438010 26445017 26494012 26494030 26498024 26498030 26546012 26549023 26551015 26564019 26575026 26606006 26606018 26607028 26609016 26613017 26614010 26615013 26629021 26634030 26642007 26649035 26652022 26658024 26663013 26664013 26667028 26672010 26681010 26681020 26683012 26685003 26685010 26685016 26686009 26686042 26687012 26688029 26689009 26690019 26690027 26692010 26692017 26695007 26695017 26697010 26697028 26706007 26716028 26720023 26721003 26726003 26726019 26726031 26729004 26729011 26734038 26735008 26736003 26737018 26740017 26740041 26740044 26741003 26743017 26744040 26746023 26746035 26747004 26747012 26747017 26749014 26749022 26750027 26751017 26753006 26759003 26759010 26759014 26760019 26786014 26790007 26797021 26818017 26822022 26862022 26863011 26918011 26919032 26924031 26929017 26932004 26932019 26967009 26967025 26967039 26967051 26967054 26968010 26968019 26969003 26969020 26970003 26970006 26971010 26976016 26980014 26981023 26988027 26990033 27002010 27017003 27017010 27017019 27019011 27020010 27022038 27025028 27051017 27069030 27095022 27099019 27116015 27120015 27122038 27123012 27123024 27124004 27124017 27142006 27151032 27154015 27160035 27169032 27189014 27196018 27223012 27233004 27282049 27303018 27322003 27322009 27324020 27336025 27344005 27374015 27385045 27388033 27397019 27397034 27397039 27398012 27404012 27404030 27457031 27459011 27468026 27470020 27500033 27515012 27555019 27564051 27579008 27590038 27613024 27613030 27649024 27650018 27650023 27653017 27656006 27656022 27657007 27676037 27687015 27689026 27715026 27720004 27726014 27731017 27738013 27745016 27746032 27778019 27785016 27792018 27796007 27801019 27815025 27840034 27841003 27841021 27842034 27842040 27851012 27866023 27878024 27880014 27880035 27881024 27882005 27906009 27927046 27928035 27948061 27969005 27971022 27972005 27973008 27975029 27979002 27979022 27990008 28036012 28041032 28047008 28050043 28057018 28058034 28062036 28065052 28074018 28077016 28127012 28128027 28130012 28134017 28134030 28134052 28135018 28138006 28138014 28163020 28165014 28165019 28168010 28171008 28171018 28175004 28182016 28183021 28184004 28189023 28189034 28189045 28194015 28196005 28198032 28200010 28202011 28208038 28222034 28229004 28231021 28232047 28233017 28236009 28236023 28236029 28237002 28241027 28265025 28269024 28270041 28285032 28291027 28292012 28292019 28313025 28313034 28316009 28316013 28336016 28357008 28372004 28383012 28383019 28401035 28403026 28424020 28424026 28426011 28428009 28439039 28451029 28452015 28453022 28467016 28470017 28471011 28477013 28481018 28481043 28482015 28522016 28633010 28674023 28674036 28676016 28688034 28694011 28694023 28700017 28700032 28702036 28703028 28741014 28742004 28743013 28745003 28747019 28747035 28751061 28756026 28761003 28768021 28770010 28770017 28780009 28782004 28783005 28811017 28812016 28812043 28814046 28823029 28874014 28877015 28879021 28884035 28888007 28888017 28915027 28915039 28915047 28917003 28927017 28945010 28952026 28961036 28961055 28967015 28969009 28969018 28970016 28971004 28992028 28993007 28993010 28999052 29005022 29043011 29043022 29044014 29044022 29046057 29054026 29055034 29091043 29111041 29112014 29114032 29115019 29120003 29132016 29139022 29153017 29162027 29172003 29173009 29173032 29178015 29197011 29197032 29198025 29205018 29211024 29212015 29221009 29221027 29224021 29224026 29256007 29289034 29318006 29346014 29359015 29368014 29372012 29373003 29373017 29388005 29388020 29390023 29390028 29402018 29403004 29409003 29415011 29415015 29416014 29420018 29433008 29437027 29442022 29443010 29448018 29450010 29452024 29462015 29494005 29512008 29522014 29522022 29542005 29542020 29552003 29552030 29559023 29571034 29590027 29595024 29618022 29620005 29620022 29620035 29621011 29624013 29630037 29646009 29655026 29656009 29657018 29659004 29660003 29665024 29665035 29666006 29666031 29668022 29671003 29671012 29672003 29672015 29674014 29682008 29713033 29732004 29745008 29746009 29749011 29749021 29754016 29754028 29756030 29764023 29808019 29835009 29839015 29840010 29840022 29855010 29856003 29866016 29872004 29872019 29874002 29875005 29877020 29879018 29885015 29889005 29895012 29922016 29945012 29958011 29960014 29960027 29969043 29969050 29975003 29976005 29976012 29978028 29980027 29981015 29983014 29990008 29990020 29991007 30001024 30007009 30014010 30025013 30031020 30053016 30058015 30059008 30101017 30101021 30103010 30103023 30103038 30103045 30104027 30106023 30134017 30135012 30136029 30150005 30150013 30150021 30151008 30157017 30159036 30164016 30164020 30164030 30168040 30171017 30172005 30174018 30180013 30184031 30187016 30191016 30213023 30215051 30239020 30240011 30246031 30247024 30247027 30256021 30259057 30265040 30277020 30278013 30278022 30278029 30279022 30292034 30299022 30306008 30312019 30312035 30321022 30345015 30346009 30348010 30351014 30353013 30356015 30358011 30358018 30370009 30380029 30382044 30385020 30386046 30388012 30388020 30402020 30412029 30432030 30453030 30460014 30464043 30465019 30466031 30467034 30470007 30476014 30476020 30488029 30494009 30500016 30501020 30502023 30502033 30502045 30502067 30503004 30504010 30507022 30513059 30523013 30526011 30526024 30527007 30530015 30533006 30533014 30533035 30534004 30535014 30535027 30550015 30552040 30569017 30582038 30582047 30607033 30621022 30648011 30673007 30679049 30682022 30682045 30687022 30688007 30688020 30691012 30694021 30699015 30701028 30705010 30705027 30717016 30723029 30728009 30728016 30728031 30729022 30734015 30735028 30740004 30740020 30740027 30741004 30742025 30743006 30744028 30746003 30750032 30751019 30752006 30752030 30756032 30757013 30757027 30759019 30759035 30759042 30759053 30767019 30767026 30770046 30805033 30826032 30828011 30828018 30828030 30841033 30869012 30871039 30875024 30876003 30876015 30878038 30880012 30880019 30881005 30882010 30883004 30883012 30888035 30897010 30906025 30917003 30919006 30919015 30937003 30937025 30938008 30940042 30951025 30977020 30977029 30984021 30984028 30984053 30990004 30990023 30992011 30992018 30992028 31001044 31002011 31002020 31003012 31004003 31009012 31009027 31015031 31015036 31016018 31016024 31016036 31017004 31017013 31021018 31033019 31033028 31045033 31045047 31046010 31047004 31049030 31057024 31057031 31057036 31058003 31058022 31060028 31061006 31061015 31061021 31062019 31078006 31078016 31079006 31079011 31080008 31084023 31084031 31085005 31086021 31086028 31087035 31088010 31091025 31093011 31099031 31100015 31101014
sarungbe|91|23359018 23457020 23484009 23724011 23757012 23797015 23816007 23849012 23864016 24680034 24939012 25376007 25472007 26087028 26095030 26285025 26346008 26381018 26536016 26547003 26548010 26638021 26666011 26684010 26688016 26698022 26747024 26752012 26905016 26935034 27098038 27124023 27741059 27743034 27838034 27890025 27926013 28130034 28325016 28325026 28419007 28424004 28425019 28470008 28519035 28521007 28581043 28674062 28678014 28678034 28704018 28743025 28789053 28814033 28916025 28917012 28946053 28965022 28968006 29047004 29216021 29217027 29302025 29303024 29319028 29493028 29543007 29550007 29610028 29616020 29660019 29670015 29804004 29849011 29863011 29889018 30016012 30105002 30272022 30419004 30460023 30470012 30491006 30521036 30550026 30602008 30641038 30669006 30735018 30940032 30988018
sarạe|1|29726007
sarạeng|79|23157008 23170020 23200014 23345002 23405002 23407002 23586002 23593002 23633002 23837002 23847002 23872002 23907002 23934030 24137002 24164013 24183007 24197002 24253002 24310008 24330002 24457002 24481002 24567002 24654022 24877027 24885002 24991002 25077002 25092010 25104002 25128002 25160002 25195016 25197002 25200002 25206002 25208002 25209002 25235002 25353002 25459002 25619014 25681002 25746009 25944007 26118004 26197002 26211012 26316017 26597014 26835011 26903002 27138002 27146002 27220006 27331002 27342001 27392002 27408002 27435002 27563002 27663002 27705002 28058022 28064022 28101008 28447023 28568010 28747002 28754019 28763013 29094015 29122024 29453015 30166018 30279010 30829002 30872026
sarạewelaing|1|31007025
sarạewen|3|28062006 29368018 29603015
sarạeweng|22|23429019 23758017 23996016 24216019 24309015 24696003 24780011 24809008 24881010 24914024 25011005 25457006 25597028 25881012 25883016 27217026 28405018 28535021 28627019 30993033 31011020 31015034
sasadian|1|29808010
sasae|3|25112014 26902012 26902024
sasahaghe|2|25775013 28553045
sasahani|5|27589005 29278010 29507016 30446009 30631011
sasahaning|1|27589015
sasahidi|12|24419032 26399013 26400003 27239015 27302014 27829019 29047007 30631038 30632015 30634018 30635013 30636003
sasahidi-Ku|2|26242008 26247002
sasahidin|8|24814002 27115010 29982008 30634005 30634008 30707050 31028045 31028051
sasahidin'E|2|26153018 26154005
sasahidin'U|1|26395014
sasahidine|4|25936008 26243011 26861022 30149012
sasahiding|3|24811010 26132025 26247008
sasahidinu|1|27723023
sasahingkạ|1|28262020
sasai|1|29912003
sasaiko|2|29842017 29915003
sasailing|1|25087012
sasakene|1|31011019
sasakeng|2|27868013 27869012
sasakeěnge|1|27204056
sasaku|1|30264009
sasalu|2|30085007 30367017
sasalune|1|23937031
sasal᷊iung|1|29062015
sasal᷊ukạ|13|23296008 24096009 25077010 25259036 25911019 27646022 28294018 28581055 29146013 30269010 30270020 30381024 30510020
sasal᷊ěntihọ|5|25842009 26926027 28494013 28579020 29606007
sasal᷊ěntihọku|4|28496013 28513038 29055018 29898031
sasamede|1|30682037
sasamedě|6|29573020 30199010 30255016 30512022 30683004 30910042
sasangị|5|23188009 23886024 24403015 29440018 31058017
sasapụ|1|26004020
sasasa|3|27378034 27628019 27629011
sasasaku|4|28500010 29702002 30351031 30356008
sasasan|1|23745007
sasasang|2|23745024 30218004
sasasingking|3|27200011 27408015 28208029
sasasěpụ|1|30080010
sasaungu|1|29854010
sasawi|6|23571020 23572003 24355013 24355022 25538007 25658012
sasewane|1|26193006
sasewang|1|30359005
sasigěsạ|1|24619033
sasihing|2|28088009 30115004
sasimbah'i|3|23915016 24521027 30452009
sasimbahi|1|26011016
sasimbahu|3|24493009 25730009 28214002
sasimbahě|1|27282041
sasimbang|7|23591012 25024006 27756051 28129012 28812034 28820030 30259029
sasimbang'E|2|25021010 25806024
sasimbang'i|1|30028025
sasimbange|1|26067015
sasimbangku|1|27780037
sasimbangu|2|24117017 25710011
sasimụ|1|30911018
sasimụe|1|30911016
sasingking|3|27077018 29183012 29927032
sasipị|2|30851006 30851009
sasombọ|2|29514023 30995019
sasombọu|1|29763010
sasuang|18|23572020 23647005 24356013 24675053 24676016 24680010 24683011 24734004 25448012 25527004 25789025 25792020 25793003 25794009 25795008 25795020 30052018 30845011
sasuange|17|23860038 23861018 23862004 24678003 24679002 24683028 25526009 25789015 25789020 25790008 25791003 25792004 25796014 28417014 28756024 28757012 28757024
sasukunang|1|23691017
sasukạ|8|23319018 27884009 28984033 28984041 30874009 31069008 31070020 31071027
sasul᷊ene|1|25182028
sasunateng|1|29241019
sasupa|1|25185026
sasuěkang|1|25543006
sasěbangengu|1|30330005
sasěbangu|2|24876004 30195014
sasěgadě|1|30126012
sasěmba|81|23181033 23258011 23350029 23393015 23494016 23497014 23937023 23938014 24136027 24260029 24286044 24588006 24707035 24707038 24715006 24998007 25122033 25151014 25305017 25520022 25828018 25830011 25832016 27158020 27159044 27428029 27433019 27463025 27472011 27547025 27787021 28247028 28320036 28320052 28554021 28554026 28587010 28588003 28596014 29307022 29409008 29461045 29877011 30032030 30034014 30092051 30096008 30097022 30108024 30115015 30115028 30118030 30119009 30120036 30135040 30136025 30137004 30139023 30140008 30140012 30142012 30142019 30142024 30142034 30143024 30143030 30144015 30144017 30145016 30145021 30146008 30146013 30146021 30148003 30160025 30190012 30252011 30252028 30405018 30405039 30931038
sasěmbae|1|30092016
sasěmbaku|1|25701010
sasěmban|1|27691045
sasěmbane|5|23259006 23259026 30092038 30177007 30177034
sasěmbang|3|30135031 30152017 30177011
sasěmbạ|1|28586010
sasěmpikang|2|23942041 24472006
sasẹ̌bangeng|1|27348017
sasẹ̌bangu|1|27406002
sasị|11|25112025 25658027 25852027 27884011 27886017 27894015 27896013 30686005 30864012 30910020 30958011
satia|34|23307024 23971005 24030010 26710013 26710019 26977021 27398016 28312016 28356008 28581020 29343018 29359010 29400008 29446005 29467011 29473019 29489007 29550016 29552019 29682004 29841010 29850013 29878017 29919007 29921037 29998021 30002007 30703007 30731029 30737020 30755023 30761017 30919028 30939014
satiane|11|23457015 25506025 26157019 27962004 27995011 27995021 28993012 29113023 30006015 30102028 30342007
sauneng|17|24282022 24637009 25046005 25123006 26198003 26229011 26702015 27040007 27239007 27603028 27765016 28659037 28710029 29587032 29603020 30222041 30226014
saunengke|6|25508033 26834012 27044015 27088040 27707012 29175011
saunengkewe|2|25728014 25941004
sawange|1|27868041
sawelang|1|29299004
sawi|1|23721024
sawohị|6|25622014 25623029 25624002 25626002 25629003 28273016
sawohịe|3|23801008 25622023 25623005
sawěnahě|2|25548009 31067020
saị|8|24877009 25194002 25245015 25348010 25400016 25889009 28840051 30474020
saịewe|1|23931009
saịewen|9|23450003 23971003 25386028 25798012 28171022 28690013 28948016 29792002 30655013
saụ|129|23248012 23584036 23734013 23772015 23958013 24038026 24151003 24309012 24348004 24436020 24484004 24499009 24589009 24590025 24606005 24621031 24699012 24699017 24780006 24816018 24832007 25113030 25218036 25295028 25310008 25310021 25321030 25478006 25588010 25613016 25621018 25948016 25956011 25958003 26125007 26170009 26225025 26225029 26394003 26489005 26532023 26547004 26548011 26643010 26688008 26797009 26830005 26905027 27013041 27041004 27216026 27405019 27405027 27455018 27459026 27652031 27665016 27743013 27750037 27755028 27795035 27869021 27913006 27976004 28016017 28018027 28020009 28022012 28022029 28048024 28049005 28065047 28067019 28069025 28069037 28083011 28085048 28095034 28147018 28147025 28187015 28233019 28528009 28724010 28731009 28731024 28732007 28732014 28733007 28734026 28734036 28734046 28735008 28735014 28736008 28739018 28742016 28751035 28817015 28826010 28958006 29026003 29046045 29100004 29103016 29104025 29111016 29114028 29127018 29141043 29164024 29290016 29440014 29814012 29931008 30046032 30051017 30160026 30208006 30232029 30827005 30884015 30900013 30984013 30984074 31017005 31043068 31044017 31050025
saụbe|20|24116016 24644021 25616022 25621026 26125019 26499011 26697015 27229028 27234043 27579022 27791028 27890018 27948055 28186023 28222027 28225014 28720013 28899019 29141025 30984080
saụe|2|24127002 24473004
saụete|1|27581008
saụewe|38|23179007 23798017 23799008 23863003 23874004 24180004 24235008 24325003 24521014 24526003 24628008 24678004 24679003 24824005 24825004 25019010 25088003 25370019 25630004 25791004 26390008 26403004 26465004 26467004 26535009 26562003 26889004 26991020 27317004 27346027 27638005 27733003 27875006 27884028 27915052 28186034 28843006 30770004
saụko|3|23744006 27718018 28833009
sede|2|28219011 29739022
segel'u|1|30813015
segele|2|30789018 30845024
segelě|13|30781024 30782016 30785027 30795009 30795013 30797007 30799006 30801007 30803007 30806008 30814021 30815012 30829008
seke|3|25775009 26985007 29351023
selain|1|27957019
selaing|21|23970008 23979021 24742013 25902032 26948026 26979025 27475008 27537011 27652011 27652029 27772033 28118003 28462050 28959044 29015007 29874007 30065013 30136027 30159030 30685061 30887011
sello|1|25335029
selo|10|23705025 24544021 27162003 30112014 30113007 30114012 30117034 30118009 30182022 30255012
selong|2|27160002 30252022
sem|2|30121014 30542034
sembaụ|2|27815020 29664023
sembelain|3|28141020 28475013 30023020
sembelaing|6|24737023 27157026 27865020 30049031 30105008 30136017
sembem|5|23481030 23769005 28722011 30543035 30570021
semben|85|23227014 23551009 23775010 23881013 23903013 24819005 25238011 25554019 26106017 26171012 26172011 26293032 26308015 26445020 26632011 26725003 27216024 27988026 28019004 28071005 28075034 28380023 28442005 28442018 28509018 28519019 28525012 28528007 28541016 28646011 28659010 28677043 28748031 28779031 28894031 28928048 28929040 28943007 29128013 29131005 29139004 29193022 29217032 29249006 29254005 29292003 29313013 29483008 29514002 29529020 29553021 29585031 29592005 29606004 29623005 29746004 29864004 29878009 29907002 29921012 30049008 30117017 30160022 30374012 30406031 30410027 30448023 30454003 30460018 30472018 30492015 30494019 30504030 30528003 30538023 30603024 30755019 30757004 30827003 30827015 30891015 31008030 31016016 31058012 31086013
sembeng|55|23291007 23727012 23741003 23859041 24084003 25608002 25820005 25881006 25948015 26036012 26236006 26463034 26641004 26641024 26642020 26664005 26703003 26715003 26768015 27039019 27326007 27386015 27564036 27647007 27665014 27756046 27808018 28078015 28296021 28527019 28551022 28620002 28926004 28946028 28978006 29094033 29212024 29454017 29455003 29665019 29712007 29747010 30018048 30049024 30076048 30098022 30177026 30327015 30341006 30465013 30496028 30542023 30868025 30912014 30942040
sembengkewe|2|28113015 28818040
sen|34|23555006 23555010 23555015 25834021 26590038 27091005 27488017 28323020 28331037 28344028 28421014 28451006 28451043 28479021 28663010 28826005 28852010 29035013 29255014 29256014 29501006 29527013 29528007 29542011 29569040 29848033 29887018 30398013 30515035 30558019 30607028 30686030 30984011 31042022
sene|299|23183041 23185004 23215014 23304008 23345011 23374011 23382002 23481029 23500002 23534020 23535027 23541019 23567031 23582013 23594022 23598010 23621022 23633004 23663023 23665005 23765011 23811008 23824005 23835003 23839016 23844017 23850014 23883019 23914008 23940023 23981021 23986005 24027019 24073010 24106007 24126020 24128009 24166008 24169004 24177003 24183020 24191009 24200005 24206023 24213007 24229008 24229019 24251022 24254027 24263008 24267009 24275006 24293007 24360030 24413002 24418014 24419012 24463037 24464016 24488033 24535011 24547019 24553021 24585002 24587002 24646005 24652016 24658009 24759006 24770023 24771011 24802005 24821016 24824015 24825012 24856002 24862003 24867002 24868026 24877031 24881023 24893014 25120010 25125019 25127006 25153014 25155032 25156009 25159014 25281017 25306009 25316009 25325011 25331007 25338011 25370003 25371011 25372009 25372019 25373012 25374010 25377032 25396010 25431006 25432030 25443021 25475007 25494010 25557014 25569008 25604010 25649006 25673011 25675009 25689017 25720018 25736022 25756009 25762015 25789035 25864020 25877018 25905003 25914007 25946010 25954005 25970024 25971004 25975006 25984005 25995017 25996003 26004021 26010023 26015006 26025013 26097021 26102010 26108021 26110021 26144017 26185008 26185018 26197025 26202011 26217007 26260002 26280017 26282015 26330023 26365032 26391025 26481006 26522019 26524004 26530016 26568039 26578030 26607022 26610005 26659009 26672023 26788020 26791021 26804020 26808009 26811008 26852012 26868021 26873015 26874021 26882015 26928024 26935015 26947005 26999002 26999023 27026024 27075033 27081023 27082020 27132010 27146026 27162042 27182013 27213008 27219026 27223011 27228017 27243008 27256012 27256023 27258019 27260005 27283010 27331006 27334021 27342021 27345007 27352026 27369011 27416023 27418009 27422002 27424004 27435010 27445042 27455007 27476008 27477008 27484010 27494039 27497020 27497041 27524017 27526024 27534018 27537031 27541036 27543013 27545012 27547028 27561003 27577022 27580016 27581003 27587019 27595024 27616015 27618037 27630007 27640024 27644015 27649029 27670009 27670039 27675007 27678028 27680007 27682013 27683021 27714004 27715022 27717002 27725014 27730020 27738025 27779004 27787012 27788030 27789007 27801022 27802016 27806024 27807016 27811008 27817028 27835036 27863065 27868002 27868034 27895036 27911004 27912010 28182012 28227040 28329016 28335030 28360017 28538032 28554028 28623014 28837022 28838018 28838029 28859021 28887025 29022010 29026031 29084024 29096022 29119031 29252021 29520004 29936021 30065015 30130028 30182019 30336012 30351022 30497006 30505028 30536019 30679039 30759021 31016030 31017019 31043012 31079014
seng|1907|23163028 23179011 23188024 23190011 23192013 23195011 23201009 23203002 23204010 23226007 23247008 23263019 23268019 23285041 23288027 23299033 23317020 23350024 23350044 23354022 23375018 23382038 23385007 23388014 23397011 23400008 23426020 23436018 23441034 23443017 23448006 23474016 23481017 23483032 23487007 23491024 23494014 23514025 23516016 23518020 23531022 23531032 23534013 23554029 23559025 23572011 23578014 23592012 23601008 23607014 23613012 23622008 23639022 23640004 23645002 23666027 23713009 23716024 23717002 23728028 23734011 23753002 23759008 23760016 23761014 23769017 23770021 23774016 23783004 23790008 23816034 23832005 23843034 23848018 23861002 23869024 23877020 23877030 23877033 23896025 23897034 23901022 23907011 23929019 23951013 23958009 23964025 23983006 23987015 23990022 23991015 23997012 24017019 24019021 24031016 24035016 24038005 24043024 24050025 24057008 24073020 24087004 24089019 24093014 24100022 24101011 24103006 24109011 24111003 24112025 24115010 24120024 24130008 24130021 24133010 24139005 24140013 24172011 24190013 24194027 24201018 24202008 24202011 24203012 24203022 24203038 24214017 24231006 24248005 24260022 24260043 24263010 24266019 24270006 24278033 24297033 24297038 24310005 24334007 24335009 24339031 24349004 24353005 24353015 24356003 24368003 24368010 24368017 24371006 24379025 24380018 24380023 24381015 24384019 24385014 24390010 24391003 24392003 24393012 24394023 24399028 24400018 24407009 24422006 24422017 24422029 24424022 24424030 24425007 24425034 24426009 24428005 24434027 24438022 24441005 24455008 24467030 24474004 24475021 24493016 24494020 24501015 24552009 24565022 24565032 24567005 24572009 24608003 24609009 24617009 24618008 24626025 24652021 24661018 24662006 24662026 24665018 24676002 24684004 24697020 24699010 24702024 24706028 24708008 24708020 24708028 24722028 24725020 24727042 24729020 24741006 24746023 24747010 24747018 24756005 24763005 24763013 24770014 24780004 24785017 24789013 24797013 24799004 24804021 24827030 24869003 24871010 24871025 24875005 24877036 24880017 24880027 24881032 24885014 24888042 24895005 24895014 24896014 24898011 24901015 24907012 24908014 24909025 24911048 24912016 24912022 24916033 24917008 24921015 24930009 24930013 24930019 24962009 24964009 24971014 24985007 24989003 25000007 25003007 25004007 25005004 25008016 25010008 25010022 25034010 25035003 25039010 25043003 25045029 25047006 25049009 25070021 25082010 25090002 25122026 25122047 25128023 25131009 25147010 25160004 25171015 25185019 25195033 25198017 25201010 25202012 25203017 25212019 25212028 25240036 25242013 25243010 25244012 25247020 25248008 25248028 25250013 25256006 25264006 25275016 25275029 25276021 25280006 25281034 25281039 25285006 25285024 25288015 25289008 25289018 25293007 25294016 25295022 25309025 25311007 25322022 25332024 25338026 25342002 25362022 25364007 25373016 25375021 25377015 25377021 25377033 25383004 25384002 25386003 25387019 25401009 25406009 25413018 25413025 25426016 25454011 25456015 25461008 25479013 25480027 25508022 25509010 25526011 25530006 25531011 25535012 25544005 25545019 25554007 25563004 25563018 25564026 25571002 25571023 25576008 25578010 25583011 25595023 25596020 25598023 25603003 25605014 25609016 25610008 25616012 25619005 25623025 25630023 25632011 25646012 25647010 25650006 25661006 25662008 25667008 25673017 25684003 25692010 25709003 25710004 25717008 25718007 25743028 25746012 25748014 25750014 25757009 25758007 25761002 25769036 25797023 25808035 25813018 25815017 25816021 25835017 25836021 25840004 25849017 25857004 25857014 25858018 25866010 25879002 25883008 25894004 25896005 25897004 25899017 25918019 25920006 25926013 25926026 25936011 25941024 25944012 25950026 25951010 25962023 25967008 25976020 25978013 25983007 25990006 25993015 25994006 25998008 25998014 26004033 26006009 26012010 26012020 26013017 26014009 26014017 26021020 26021023 26026009 26026014 26046010 26048010 26059003 26059013 26059018 26060036 26075025 26078019 26079003 26079014 26084017 26085005 26086020 26090013 26090028 26093026 26095013 26105007 26109006 26118018 26121014 26125004 26132016 26134012 26139014 26140009 26142017 26149004 26153006 26155013 26156007 26160008 26164006 26172015 26175004 26178014 26179020 26180006 26183002 26183013 26186008 26191019 26192009 26192022 26192025 26193002 26193008 26195012 26196023 26199025 26201004 26202028 26204009 26204039 26207010 26208016 26216009 26217013 26218025 26224017 26225021 26233012 26235030 26238003 26244003 26244012 26247025 26248005 26249018 26260016 26264003 26270002 26274002 26275014 26280027 26284015 26284027 26285035 26287017 26291013 26293019 26294003 26294011 26295003 26297014 26298011 26304006 26304020 26322012 26324013 26327004 26331005 26348005 26355022 26376004 26378018 26402003 26408027 26410012 26413011 26426049 26434026 26435005 26435012 26438015 26439022 26440017 26448026 26449007 26459018 26462031 26462034 26464015 26466029 26470008 26471014 26476007 26478004 26486005 26511004 26514010 26519007 26532022 26535018 26537008 26538014 26541012 26543004 26549028 26563019 26563027 26564008 26565023 26568005 26571029 26576020 26578006 26579008 26579015 26581013 26593005 26593016 26597031 26609012 26612003 26613007 26618002 26620011 26622008 26629011 26633015 26634008 26641016 26642003 26646015 26648004 26649002 26649015 26649021 26650019 26651034 26662014 26663024 26664018 26665015 26669020 26676018 26676023 26678024 26680026 26681013 26688006 26689002 26693012 26695031 26697003 26698017 26699003 26699011 26703007 26715030 26718010 26719020 26720003 26720017 26722023 26724027 26727012 26728003 26731021 26734033 26738005 26738013 26740005 26740036 26743006 26744027 26748009 26748020 26748034 26750006 26752018 26752023 26755008 26759006 26760031 26761015 26762003 26764002 26766003 26766013 26766028 26766036 26768011 26769017 26771010 26771033 26772011 26772030 26773005 26774003 26778004 26782003 26782011 26786003 26794005 26795008 26797028 26800006 26804012 26807013 26814003 26818007 26820017 26821026 26848008 26850032 26854007 26854013 26857056 26859018 26863016 26868008 26869023 26870020 26886016 26886022 26893015 26897012 26917029 26923013 26923024 26925008 26928031 26928034 26932012 26933022 26940025 26941012 26942005 26945014 26961011 26966004 26972017 26972062 26978004 26979022 26980004 26981013 26981019 26982014 26983017 26986023 26997024 27010012 27010018 27012019 27012028 27013005 27013017 27013040 27015009 27015022 27017030 27018015 27025016 27026016 27027005 27033024 27033044 27033053 27037009 27037012 27043010 27045009 27047022 27050010 27050037 27051009 27056010 27064014 27069025 27070027 27075005 27085024 27088007 27090008 27092020 27096040 27101013 27102026 27102034 27103030 27107055 27112015 27116004 27116024 27123002 27133014 27134002 27134019 27142012 27149024 27151003 27151017 27169025 27170004 27181005 27182019 27184009 27186014 27191011 27204037 27204048 27217007 27225010 27230006 27230020 27231007 27232013 27237003 27238017 27239033 27250013 27258032 27264026 27268008 27275010 27276003 27277023 27284011 27288012 27288031 27291013 27296005 27298003 27298009 27301010 27307007 27312010 27317010 27349024 27359004 27365031 27380004 27385015 27385027 27386018 27387009 27389020 27390017 27390033 27390052 27394018 27395014 27396003 27396035 27397004 27397016 27397042 27399003 27399025 27400005 27406022 27409037 27410015 27411023 27426023 27434048 27441030 27442031 27446029 27447032 27448009 27448020 27450025 27451012 27451035 27455029 27458005 27459017 27460019 27461002 27462019 27463023 27464006 27467011 27468006 27468011 27469006 27471005 27472008 27472042 27485025 27499030 27503009 27511037 27520019 27520033 27521023 27527016 27527042 27530053 27531004 27547050 27554005 27555006 27555043 27560035 27572008 27576042 27583002 27585066 27587026 27590016 27598006 27607020 27612006 27612027 27612038 27618009 27618014 27623015 27623026 27629008 27636053 27638017 27640027 27651018 27652002 27655017 27655032 27655056 27657023 27659045 27662007 27662026 27674007 27678021 27681035 27685025 27687009 27687012 27687021 27688012 27690011 27690016 27690034 27692008 27694009 27699031 27710020 27719016 27720011 27724010 27731014 27734023 27741056 27743011 27746022 27749020 27750045 27755009 27756027 27757012 27762004 27762010 27765028 27770022 27776003 27780020 27781003 27792005 27792027 27796019 27800021 27802022 27804012 27808004 27811004 27816021 27821015 27822033 27825010 27828022 27829024 27831025 27834003 27834021 27843013 27844034 27846034 27847007 27848016 27848024 27855002 27856010 27858018 27865010 27865015 27869019 27871009 27871014 27877028 27881027 27894003 27896036 27901007 27902028 27904031 27922018 27927007 27927012 27927018 27928023 27932013 27932022 27933003 27933013 27937016 27939024 27943008 27944012 27950009 27950020 27951021 27951033 27952031 27953008 27959006 27976012 27979007 28004003 28004010 28013005 28015004 28017036 28028015 28029018 28033024 28034014 28034061 28037012 28040011 28040051 28041009 28042010 28042015 28042020 28044009 28047013 28048004 28049004 28053012 28053027 28057005 28060023 28061010 28069036 28074004 28075010 28075026 28077004 28078008 28078021 28082031 28084014 28086026 28087003 28091006 28093008 28094022 28095021 28095028 28096017 28096022 28096034 28098014 28098027 28106020 28119014 28120015 28127030 28134036 28137004 28140019 28141015 28141032 28147009 28150008 28151019 28156028 28160049 28162009 28165010 28167009 28168004 28179018 28180004 28185024 28189018 28193002 28193015 28198023 28207027 28207035 28209023 28211005 28212009 28213004 28214009 28226006 28227015 28228009 28235011 28239017 28240012 28240017 28242003 28249004 28269015 28275019 28276020 28276025 28277022 28278025 28279003 28279006 28284030 28290003 28296028 28301010 28307028 28312006 28319018 28320003 28321004 28322008 28327009 28330008 28332003 28332012 28339037 28343007 28345013 28347007 28349020 28354027 28356003 28362039 28363009 28365011 28368012 28369005 28370008 28373011 28379006 28384026 28387011 28388005 28394004 28397003 28397029 28401009 28402013 28403019 28404030 28405004 28407023 28416024 28422006 28432013 28440012 28442014 28442032 28443008 28449018 28452006 28456004 28458038 28462036 28462042 28482005 28488003 28488008 28495015 28495028 28498027 28499005 28502017 28502037 28504008 28505008 28508011 28510005 28510017 28510020 28511005 28511011 28515005 28518019 28522040 28524021 28525005 28527004 28527014 28529022 28532007 28535032 28538044 28540025 28552004 28555005 28557017 28577010 28581008 28596012 28598027 28606042 28615002 28615008 28628027 28648023 28653008 28659006 28659020 28677034 28699041 28702041 28716025 28725027 28731008 28731022 28734025 28736027 28737008 28737011 28739005 28746012 28747005 28747025 28750026 28754020 28757018 28772019 28773004 28773015 28773037 28773040 28780004 28780013 28789010 28795005 28806008 28807034 28809037 28810004 28811002 28813032 28817018 28818005 28820009 28821007 28822003 28822012 28823006 28826008 28827024 28831011 28835009 28835024 28835033 28837015 28845005 28845016 28849040 28853010 28856005 28874008 28876013 28891007 28892017 28892029 28893023 28895003 28895010 28895018 28895024 28897036 28901015 28901025 28901030 28901038 28903022 28910022 28920013 28924010 28928053 28929004 28931004 28935003 28939011 28943015 28952009 28955020 28958003 28958014 28959011 28959024 28959036 28960032 28960044 28961039 28961044 28962019 28962030 28962035 28968024 28970005 28978015 28980014 28985024 28987033 28988023 28989017 28992024 28994041 28996016 28999022 29013011 29029043 29029045 29032014 29033036 29034004 29037004 29041003 29046007 29046015 29059065 29067003 29067023 29071004 29075012 29084009 29089011 29089025 29091016 29096029 29099004 29099016 29100008 29100013 29101004 29101019 29102031 29104023 29105011 29106009 29107007 29111003 29114013 29118021 29120010 29121018 29128004 29130004 29130013 29141007 29144018 29148005 29152019 29157023 29164005 29164010 29167016 29169005 29170015 29171009 29173018 29176003 29177004 29184021 29187003 29187011 29188004 29203013 29203022 29203041 29211008 29212004 29214014 29216016 29218017 29220004 29220039 29221012 29225037 29241033 29243007 29243018 29244029 29245012 29249018 29254013 29257019 29258033 29261020 29269024 29274023 29282012 29283004 29291005 29291009 29293005 29294003 29294013 29295012 29303009 29363013 29367016 29369024 29369032 29374010 29378019 29388014 29389008 29391004 29392018 29404026 29404037 29414003 29414013 29417011 29417028 29418020 29423013 29423025 29425006 29430036 29434007 29434011 29434029 29435013 29437005 29438015 29439011 29440003 29444023 29446019 29447009 29450018 29452003 29453005 29453016 29453031 29455011 29456004 29457004 29459008 29461002 29461021 29461029 29469003 29471014 29471025 29479003 29479010 29480014 29483019 29489025 29489037 29489055 29492004 29492021 29494040 29494045 29495018 29502024 29506009 29506023 29507031 29508029 29515003 29515008 29519004 29521004 29554015 29556008 29565014 29569009 29569032 29571018 29573016 29573034 29581014 29583035 29585009 29586004 29586021 29589013 29595013 29595030 29597006 29597009 29605008 29605027 29606009 29610020 29611004 29612016 29613022 29614005 29615020 29617019 29618006 29618027 29619032 29620032 29624005 29632020 29633009 29646005 29655002 29655015 29660028 29664010 29669005 29669018 29675030 29680022 29700014 29703004 29709009 29711031 29717015 29723006 29741016 29750010 29751026 29752018 29754046 29762011 29770011 29774006 29774013 29774034 29779007 29788010 29794009 29794012 29795012 29797010 29799017 29802019 29806028 29809003 29813012 29819022 29820007 29822027 29823007 29823021 29824008 29824022 29825011 29826006 29830004 29834003 29834007 29836020 29838014 29839009 29846003 29846020 29860006 29862022 29862029 29863018 29864015 29865004 29868016 29869013 29877004 29878003 29879004 29881006 29881022 29883002 29885006 29895020 29896013 29899015 29902010 29908033 29920004 29923003 29929011 29946026 29948015 29949023 29966027 29979014 29981035 29987006 29987051 29991026 29997008 29998007 30002017 30005020 30013020 30017004 30018009 30018019 30021022 30022004 30022031 30023006 30029025 30030021 30043004 30045015 30046037 30049005 30049017 30050018 30054025 30055022 30063025 30063040 30065003 30070007 30071029 30073022 30075014 30083008 30083011 30083014 30086021 30086026 30093038 30097017 30100010 30101005 30102005 30106020 30110036 30112005 30117005 30121026 30121036 30122018 30123023 30128008 30133003 30136010 30139028 30144004 30148012 30152010 30152013 30154003 30156021 30156029 30160009 30171009 30171020 30171025 30177037 30178029 30182030 30184015 30185010 30185022 30188004 30188017 30189037 30191003 30192021 30200025 30206006 30208012 30218009 30224028 30230032 30233004 30235005 30236044 30240009 30247019 30262004 30262020 30265014 30265023 30272034 30279029 30298007 30357004 30357009 30358005 30358026 30359029 30360003 30363016 30364015 30364021 30366011 30376042 30379009 30380027 30384007 30386020 30393007 30393016 30396013 30400013 30403010 30406012 30408025 30410016 30421016 30425017 30426035 30446055 30447002 30448004 30452015 30453006 30453013 30453021 30457005 30467027 30468010 30469008 30476038 30481006 30481022 30483003 30483025 30484019 30489028 30492025 30502049 30504038 30518019 30521011 30527022 30532007 30539031 30539034 30540010 30542013 30542031 30544003 30558039 30559024 30559029 30563011 30564013 30564018 30564032 30565027 30565057 30568009 30569006 30569024 30569035 30570010 30570044 30571006 30572017 30573007 30573015 30578008 30578019 30580003 30591005 30594008 30596015 30604034 30605043 30607040 30608011 30614008 30615010 30617005 30617019 30618005 30618016 30623009 30634020 30635011 30635027 30636008 30638015 30643009 30645009 30645012 30650018 30651024 30652011 30653005 30668003 30674006 30676018 30676044 30677052 30678003 30679006 30684006 30685058 30690012 30691003 30696034 30699031 30700010 30702030 30706013 30716010 30720048 30722010 30723005 30732003 30732045 30738012 30738036 30743014 30750006 30750015 30755030 30766005 30768017 30770023 30777036 30780033 30785021 30786029 30786049 30789024 30790004 30792013 30804028 30805016 30811003 30811008 30813032 30825023 30825031 30848008 30856009 30869018 30875014 30880004 30883023 30887004 30888023 30890011 30890022 30890027 30891008 30894007 30896024 30898014 30900011 30901012 30902039 30902061 30903008 30904021 30904037 30905010 30905023 30906005 30913011 30916024 30917017 30917034 30921030 30923031 30930042 30931035 30934015 30935014 30935018 30937011 30942032 30942037 30945051 30948025 30949020 30951034 30960010 30960022 30961003 30961020 30964022 30984072 30986008 30987009 30990018 30993005 30993018 30996014 30996019 30996030 30997005 30999005 31000035 31001014 31004033 31005015 31008015 31008024 31009004 31011009 31013030 31013047 31014020 31018009 31018023 31020008 31020017 31020026 31025013 31025025 31026005 31031007 31038011 31043025 31050022 31056021 31057018 31058021 31058030 31059016 31063007 31087019 31087026 31089004 31089013 31089026 31091012 31091019 31093023 31097005 31099042 31100019
senggọ|2|27873030 27896026
setang|76|23211016 23218003 23220007 23272013 23516006 23578028 23579009 23696015 24050028 24229010 24315005 24339026 24534018 24577016 25066006 25070014 25229020 25258011 25351011 25382007 25424006 25535020 25868003 26328020 26430021 26431008 26434022 26658008 27063014 27184007 27298043 27598025 27599007 27599031 27599040 27602004 27842018 28357012 28460010 28493047 28589018 28589035 28836005 28914007 29004009 29005008 29030022 29300002 29349017 29350014 29671008 29717019 29738019 29739024 29749030 29854011 29992038 30313013 30335019 30345010 30588012 30588032 30590013 30592012 30682015 30682034 30727044 30731016 30731038 30742019 30756007 30901017 30996023 31041014 31046008 31049003
setange|19|23215002 23216002 23219002 23221002 23516015 25069002 25069014 25073002 25077003 26426020 26503016 27601004 28588021 29589019 29596024 30474004 30588014 30728015 30904020
sewa|2|25608013 26495002
sewan|1|23801016
si|3411|23147020 23157042 23165024 23169014 23170029 23172039 23174019 23177017 23178034 23179030 23182007 23183012 23183046 23186013 23189019 23192015 23199011 23200018 23200024 23204024 23206019 23209030 23216004 23218020 23219013 23219020 23220020 23221011 23228021 23229004 23229013 23231007 23231036 23237006 23239010 23240013 23251018 23257006 23258022 23263006 23265007 23266014 23267006 23269006 23274006 23274012 23274017 23276006 23279006 23279017 23287024 23289015 23289031 23294002 23295014 23296011 23296016 23297008 23301026 23309026 23316019 23319031 23323013 23328033 23333004 23337011 23349006 23350005 23350010 23356024 23360012 23364012 23365007 23365016 23371007 23372014 23373020 23375021 23377007 23386005 23389027 23394005 23398009 23399011 23400018 23402010 23402022 23404004 23408012 23408018 23410017 23414015 23419004 23419016 23420011 23425002 23429011 23430013 23431014 23432013 23436020 23436025 23437033 23439027 23439030 23441015 23443019 23445004 23456011 23457016 23464007 23476021 23477007 23485017 23486006 23487011 23487021 23487026 23489006 23490010 23492010 23500019 23505011 23508019 23511006 23514028 23515012 23517020 23517030 23520013 23528021 23529016 23531034 23535007 23537007 23550008 23552002 23552010 23552016 23552022 23576022 23593005 23594020 23597013 23602010 23603008 23605005 23605014 23606016 23610021 23611031 23613009 23620011 23623013 23624005 23625008 23629010 23631011 23634005 23635017 23637005 23638007 23638010 23638016 23638019 23639017 23639020 23642013 23644009 23645018 23646008 23649005 23649013 23650005 23656011 23657011 23658013 23659007 23662005 23667006 23668003 23668008 23674013 23679004 23684015 23688015 23690016 23692012 23693013 23695006 23695012 23695027 23696007 23696021 23697013 23697026 23702007 23704008 23706011 23708007 23709009 23710014 23710018 23711005 23713005 23713016 23713022 23717015 23720007 23720012 23723012 23726013 23728043 23729008 23734015 23736007 23742017 23749006 23760025 23765004 23766008 23767021 23770005 23773006 23776025 23778014 23780011 23782002 23782005 23784004 23784037 23786010 23787004 23789004 23790015 23791004 23795011 23797005 23797017 23799023 23805028 23805031 23806016 23807022 23810028 23812015 23815011 23817016 23818008 23818032 23819021 23822011 23824007 23825008 23827026 23829010 23833013 23838015 23840005 23843004 23850029 23850049 23851009 23851021 23852048 23854005 23854017 23854026 23858026 23859009 23859035 23868023 23869005 23873006 23877010 23877013 23879015 23888015 23889019 23890008 23892002 23892019 23893005 23894009 23908010 23914012 23916015 23917016 23919005 23919018 23930010 23954020 23954027 23958021 23959013 23959023 23960005 23961023 23961036 23981009 23983008 23984005 23997004 24003030 24015014 24023029 24029023 24030022 24031023 24032022 24038024 24043006 24043026 24045018 24049005 24050006 24052030 24053006 24059006 24059012 24062008 24068019 24070004 24070011 24070018 24070036 24072014 24073013 24074010 24087011 24089005 24091017 24092005 24095022 24103009 24105018 24108010 24110024 24117008 24117021 24118013 24118022 24122009 24122015 24123007 24123016 24124017 24126014 24126018 24128011 24130011 24132004 24132008 24132015 24134025 24140017 24143006 24143016 24147010 24147029 24148018 24149012 24151006 24152009 24152012 24152018 24155007 24157007 24158011 24160004 24160013 24161003 24165006 24166006 24167009 24172033 24173024 24174008 24177012 24179015 24183024 24184008 24185016 24185019 24187017 24188022 24195011 24201015 24203025 24203034 24203041 24205015 24205022 24206006 24210012 24211013 24212014 24213011 24214004 24214019 24216009 24216017 24218023 24220037 24221012 24221024 24224003 24224015 24225017 24226025 24229026 24233004 24233007 24233013 24235010 24236005 24243034 24247006 24247016 24247027 24252009 24253016 24260005 24260014 24263031 24271006 24274014 24274020 24275030 24291020 24293005 24294007 24295015 24299016 24300011 24302010 24303016 24303022 24305016 24310022 24311024 24312013 24321013 24321031 24323006 24325013 24326007 24326018 24335005 24337006 24339008 24348025 24349024 24358011 24358029 24362016 24364019 24365024 24369028 24373009 24374005 24384022 24384029 24385018 24389012 24396023 24397012 24399013 24400023 24401011 24402014 24404008 24405019 24406009 24406017 24408008 24408013 24410043 24412005 24413018 24416007 24419018 24419033 24425011 24426013 24427009 24427014 24428010 24430040 24432008 24433020 24436024 24438018 24441007 24442032 24443009 24446010 24447005 24449048 24453011 24456004 24456027 24456041 24457006 24458014 24458026 24470029 24474009 24474012 24474018 24474021 24475016 24475019 24478012 24479013 24479023 24481016 24482005 24482027 24484014 24491004 24493006 24500011 24506003 24508002 24513014 24513025 24516014 24517020 24518013 24518021 24524032 24527005 24528019 24530003 24531007 24531013 24533021 24534013 24535019 24535036 24546006 24546022 24548013 24550005 24552004 24552015 24554015 24556014 24558005 24560005 24561007 24564027 24571014 24574008 24574016 24579006 24581015 24582005 24584007 24586005 24590038 24592009 24594016 24595017 24600004 24602019 24602029 24605018 24605023 24608022 24608025 24610039 24612009 24616004 24617015 24621024 24621039 24623005 24623008 24623011 24623015 24627013 24628010 24630019 24631006 24631034 24632021 24638022 24640013 24641009 24643011 24644006 24646008 24647010 24658006 24668031 24669017 24670009 24670017 24672039 24674013 24674021 24681020 24683020 24686024 24688050 24689016 24691026 24700036 24702027 24708016 24712004 24717010 24722005 24722010 24729030 24730020 24730023 24739007 24741010 24752023 24754012 24755005 24756033 24758024 24762016 24764024 24765022 24766014 24767022 24768027 24770005 24782005 24783011 24789010 24792015 24793005 24797010 24799007 24799015 24801014 24803006 24803022 24804017 24806018 24810018 24815023 24816021 24820015 24820023 24822003 24824007 24824012 24825015 24827019 24828030 24828036 24831020 24835007 24836004 24837012 24838011 24842013 24845006 24846013 24850010 24853009 24859021 24862013 24871020 24880036 24881018 24881028 24881034 24882020 24883017 24885017 24887009 24887018 24888006 24888020 24889005 24893006 24894017 24896007 24898013 24905010 24907030 24913024 24915007 24916012 24922004 24922009 24922018 24924005 24925016 24929011 24929020 24932014 24934015 24935023 24939009 24942004 24943009 24949009 24952015 24953014 24953023 24954012 24955015 24956007 24956011 24960024 24963006 24967004 24967027 24983007 24983016 24984014 24989033 24990008 24995015 24999033 25000009 25001006 25001021 25008004 25008008 25014018 25018021 25019017 25020010 25021005 25022006 25022011 25022020 25022031 25023011 25025013 25025019 25028019 25029023 25033014 25036016 25037013 25040022 25042008 25042014 25042043 25044005 25048007 25065023 25067003 25069004 25069021 25070010 25070015 25070023 25070032 25072017 25073020 25074017 25075007 25077006 25079012 25082005 25082012 25084029 25085006 25086012 25087005 25087016 25098010 25098016 25099035 25102025 25103028 25105024 25106024 25106032 25106038 25111013 25112011 25115019 25118020 25119018 25120027 25122020 25123018 25125041 25132008 25135021 25136011 25141005 25144007 25156005 25157005 25161006 25162012 25165006 25166006 25166019 25170027 25173010 25174002 25174007 25175005 25177005 25177009 25180014 25181009 25182016 25185010 25185022 25185035 25186005 25193005 25193015 25194022 25199026 25200030 25203008 25205015 25210020 25211014 25214007 25216016 25216019 25225009 25225028 25226016 25226022 25228012 25228020 25232009 25235006 25235034 25236005 25236013 25240012 25246013 25248021 25249028 25255005 25260031 25265017 25266005 25267005 25268022 25269024 25270005 25270009 25271014 25274003 25278019 25284010 25285012 25285028 25286021 25290004 25291023 25291029 25293031 25294004 25294011 25295016 25296009 25301023 25303004 25305010 25307022 25311037 25312009 25312021 25313012 25314012 25317011 25320020 25334015 25335015 25335032 25335035 25335040 25336010 25337013 25338008 25338022 25339019 25341005 25344005 25344032 25347015 25347028 25352008 25352020 25354007 25354027 25356035 25357006 25359011 25359017 25361010 25363010 25365018 25366009 25370014 25371012 25372020 25375015 25380011 25381023 25381029 25383026 25384012 25385013 25385026 25386007 25387011 25389009 25396017 25404013 25404022 25404027 25408005 25410014 25412015 25413015 25413034 25414024 25415004 25419027 25419031 25422009 25423011 25428011 25429014 25433014 25435009 25435031 25437017 25438015 25438031 25441007 25444006 25445006 25447025 25451007 25451019 25455012 25457004 25457008 25458013 25459018 25459027 25460008 25464007 25465004 25472012 25473008 25480006 25484024 25491021 25498013 25501007 25502020 25513012 25513025 25513040 25520007 25523018 25533019 25536006 25536010 25542005 25547007 25550028 25554010 25555022 25559006 25560006 25561004 25561017 25563006 25563010 25564019 25579013 25580011 25580013 25590015 25591018 25592008 25601004 25605025 25607017 25608014 25610013 25611015 25617019 25618031 25619027 25620014 25620018 25626006 25627012 25628010 25628026 25629011 25636005 25644021 25648013 25649011 25656005 25658033 25659021 25660008 25662013 25666005 25666016 25671017 25672007 25673020 25675005 25675020 25681021 25694026 25696014 25697019 25700013 25701011 25704018 25708011 25709020 25709023 25715005 25717013 25721016 25722007 25726009 25730006 25731013 25732013 25735027 25736015 25738008 25740011 25740033 25743007 25745014 25745024 25749021 25753004 25754004 25756005 25758009 25758022 25759009 25762009 25763004 25765011 25769029 25771011 25775015 25775021 25775025 25778006 25779024 25780015 25782003 25782007 25782026 25783008 25785030 25786015 25788005 25788014 25794029 25796025 25797005 25799014 25799022 25800025 25801009 25802007 25804003 25805006 25806016 25807027 25808010 25820012 25821004 25823008 25825005 25832023 25834004 25835030 25840006 25851028 25856008 25865012 25867012 25868006 25868011 25869025 25870009 25871015 25877006 25880005 25884018 25884033 25885011 25890003 25890015 25892017 25894007 25894018 25896008 25900006 25904018 25905007 25907010 25908004 25910016 25911005 25912030 25913005 25917024 25917041 25919004 25921006 25921018 25923007 25926006 25926015 25928004 25928010 25929007 25929014 25930009 25932008 25932021 25933005 25937008 25939006 25944009 25944024 25944032 25945008 25947010 25950003 25950028 25950042 25952005 25958009 25958020 25958030 25960007 25961022 25962031 25962041 25963004 25964005 25966012 25966019 25972013 25977003 25979005 25985012 25988015 25991005 25991012 25997014 25998016 26001012 26005009 26008004 26008015 26010009 26012022 26014011 26016025 26017005 26019005 26021007 26021015 26022020 26024030 26025017 26026018 26028015 26031025 26032011 26033018 26034009 26036006 26036015 26038005 26042006 26042021 26044005 26057011 26059033 26061011 26062018 26063023 26064017 26067004 26078021 26083008 26083011 26084010 26086007 26086015 26087014 26087030 26088017 26090008 26092004 26092023 26093006 26093022 26093029 26095015 26100007 26101014 26104006 26106003 26107031 26119016 26120007 26121008 26133024 26136006 26137022 26139004 26144031 26146003 26147025 26148012 26149006 26149017 26155015 26156011 26164024 26166018 26167015 26167026 26167035 26169010 26171035 26174010 26178005 26178012 26179017 26180018 26181017 26182014 26182029 26186014 26188007 26189010 26191021 26192017 26198014 26199018 26199027 26207005 26209005 26210016 26217004 26217020 26219005 26222011 26223007 26225015 26228006 26229014 26230004 26233005 26234016 26234027 26235013 26247020 26249014 26253004 26257005 26257012 26258023 26260010 26263012 26263023 26264016 26278007 26283016 26284009 26285030 26286005 26287014 26288018 26290006 26290022 26293011 26293029 26294006 26294014 26295007 26297016 26298016 26301005 26302015 26303022 26304010 26304022 26310016 26311005 26321019 26323012 26324018 26325009 26326006 26328008 26330026 26332011 26334011 26335004 26335009 26340011 26348011 26349014 26351007 26352019 26355015 26357055 26359014 26360008 26363006 26364026 26365012 26367005 26368017 26373005 26373013 26374021 26377017 26384023 26388009 26388016 26389011 26392018 26394018 26395012 26401016 26401020 26401026 26401033 26402028 26403006 26403018 26405006 26406005 26409010 26410006 26410054 26411023 26412013 26413013 26415016 26416008 26419018 26420004 26420022 26422014 26424005 26426037 26427014 26428011 26428024 26431012 26431020 26437006 26437021 26439024 26440008 26443008 26448003 26449010 26451012 26458017 26462016 26462026 26464019 26465012 26467006 26467018 26468008 26469005 26470010 26475015 26476023 26477015 26478006 26481016 26485018 26486017 26502021 26506015 26507008 26509013 26510006 26510020 26511008 26511019 26514006 26514012 26514021 26514033 26514037 26515014 26518005 26519014 26520019 26532014 26534012 26535026 26538008 26539013 26540004 26543007 26543013 26546021 26547009 26549014 26549020 26550006 26552010 26552015 26555005 26555010 26555021 26556013 26557006 26558005 26560010 26564004 26564011 26565025 26566009 26569008 26572014 26573005 26587029 26590035 26591009 26594012 26597028 26598010 26600023 26602004 26603007 26604004 26607005 26607016 26608033 26610026 26611005 26615005 26617038 26618020 26619015 26625008 26625012 26625020 26626008 26630018 26631019 26634013 26639023 26641012 26643021 26643033 26644004 26646006 26646019 26649037 26650006 26655008 26657032 26658018 26659017 26664031 26665005 26670010 26670019 26671020 26672014 26676025 26677013 26678026 26678033 26678045 26679025 26680002 26681008 26685005 26688010 26688018 26690035 26691018 26694005 26695021 26695034 26696009 26696020 26698005 26700025 26702003 26703009 26707017 26711006 26714013 26715033 26716005 26716011 26716035 26717005 26719022 26720006 26720019 26720026 26721007 26722011 26722021 26726012 26728006 26729018 26730005 26731007 26731024 26731032 26733015 26734006 26736008 26737022 26739006 26740046 26741012 26742003 26742017 26743009 26743019 26744020 26744031 26744042 26746009 26746026 26746037 26749003 26750011 26750021 26750031 26752006 26752026 26753008 26756008 26758005 26762026 26764016 26766017 26766032 26767012 26768005 26769021 26771029 26771037 26772013 26772026 26772032 26774008 26775009 26775023 26780017 26784012 26786009 26786023 26790015 26790023 26792006 26793006 26793012 26793015 26795022 26797005 26797032 26802023 26803009 26807007 26807010 26807015 26808011 26809026 26811013 26812019 26814028 26817004 26820021 26821014 26823005 26823048 26824004 26824030 26827009 26829019 26830032 26831020 26832025 26832043 26834005 26835020 26837012 26837034 26840019 26842008 26847005 26852006 26852016 26857046 26863013 26864008 26870006 26870016 26878005 26883004 26883032 26883049 26884004 26885003 26885008 26885031 26886027 26887042 26889008 26890008 26892004 26893009 26894035 26895006 26897005 26897014 26897025 26899022 26901009 26902021 26904004 26905004 26906007 26909004 26911005 26912005 26912015 26914009 26914042 26915007 26915034 26916006 26916027 26916057 26917044 26918022 26918026 26919026 26920002 26921027 26927029 26928017 26928037 26930014 26932014 26933019 26940036 26945007 26945035 26947009 26947013 26947019 26948030 26948044 26950012 26961027 26964050 26967027 26967032 26967044 26967057 26968024 26972054 26973011 26973023 26973032 26975020 26978007 26980006 26983036 26985012 26987017 26990006 26990017 26997032 26999025 27000006 27000019 27001007 27001016 27002006 27003005 27003020 27006005 27007030 27008005 27009005 27009008 27009027 27009040 27011013 27012004 27017036 27019034 27022030 27023021 27036007 27040021 27040029 27041006 27044008 27044017 27046032 27050031 27052009 27052014 27055029 27056020 27059039 27063007 27068005 27068009 27069005 27070025 27086012 27086039 27087015 27091007 27094010 27095026 27096028 27097020 27099015 27104018 27107017 27111006 27113018 27114025 27114029 27116027 27117008 27118004 27119014 27120018 27122017 27122042 27123008 27123026 27123031 27124025 27126008 27126026 27131007 27134010 27136022 27138016 27139010 27141018 27145007 27151028 27152051 27154020 27154033 27155044 27156012 27157004 27157032 27161026 27161036 27163010 27170009 27170017 27171021 27174014 27176006 27177015 27182010 27183006 27186031 27187020 27188016 27189007 27190013 27190024 27193009 27195011 27195019 27195028 27196013 27201006 27201025 27203009 27206006 27207023 27208011 27208017 27211006 27211010 27213026 27215024 27216028 27219030 27219035 27220018 27221010 27223014 27225022 27227019 27231018 27232005 27232015 27232019 27233006 27234037 27238006 27238035 27240013 27241017 27242009 27243028 27244018 27246017 27251004 27252008 27253014 27256008 27256025 27257004 27257034 27258035 27263023 27264037 27265007 27265011 27268004 27273006 27275006 27279018 27279028 27280011 27281008 27282053 27283005 27285012 27288006 27288034 27288041 27289030 27293012 27293042 27298011 27298049 27299029 27301007 27302005 27305005 27305009 27305025 27306006 27307021 27308005 27310014 27312006 27312012 27315007 27321007 27322005 27322011 27323018 27323023 27325021 27329005 27331014 27333009 27337005 27341027 27342019 27345021 27346033 27349011 27349041 27350018 27354017 27355014 27355020 27355033 27356018 27357007 27358024 27361009 27365014 27365034 27366009 27369006 27370024 27372006 27374049 27378019 27379032 27383025 27385029 27389025 27391009 27391021 27395010 27396006 27397045 27399020 27401023 27401034 27403011 27404039 27406031 27408019 27409022 27410008 27418036 27424006 27424033 27427008 27427016 27430027 27432026 27433020 27434034 27437014 27442043 27447037 27447040 27450034 27451032 27451038 27455014 27455036 27456015 27457016 27462012 27463009 27463013 27465033 27465040 27467020 27467032 27470022 27475027 27476019 27479009 27483005 27487014 27491021 27498037 27499014 27499044 27501007 27502035 27503019 27506007 27506031 27507019 27508011 27509023 27518014 27520008 27523006 27524022 27527033 27528006 27529036 27529039 27530008 27530014 27533006 27538011 27539003 27539025 27540005 27543018 27547055 27550012 27551010 27556028 27560048 27562022 27564010 27567011 27568005 27568012 27569021 27570015 27575005 27575012 27584031 27588004 27592008 27592015 27601006 27615014 27615022 27617016 27626014 27628020 27630025 27632004 27632010 27636046 27640016 27644018 27645013 27647013 27647018 27647022 27648014 27649026 27650013 27651023 27652005 27653007 27654013 27655024 27657034 27659015 27659035 27659042 27662011 27664010 27665003 27665018 27669033 27670033 27672026 27677019 27679006 27682015 27683010 27684005 27684010 27684019 27685017 27686033 27689006 27692023 27692040 27694011 27695018 27696010 27697042 27698005 27698014 27705028 27706018 27707005 27710055 27711021 27712014 27712023 27715032 27717032 27718006 27718032 27719006 27719018 27719028 27723008 27724021 27724025 27725027 27726006 27727006 27729033 27734010 27735018 27736006 27738015 27738045 27739008 27745029 27745037 27747021 27749033 27750025 27750028 27750049 27751023 27752010 27752028 27753018 27753022 27754020 27755017 27756020 27756039 27757006 27757017 27758014 27762027 27763014 27764018 27765013 27765040 27766013 27766017 27768024 27769011 27774008 27778031 27779008 27780005 27783012 27788011 27789023 27789033 27793018 27794011 27794024 27794031 27794036 27795037 27796024 27797008 27799023 27800005 27800013 27800025 27804026 27806015 27808040 27810016 27812030 27817018 27819005 27819019 27823030 27823045 27825005 27826026 27833013 27835004 27835011 27835022 27835033 27837023 27838015 27838029 27840009 27840017 27840037 27842028 27845008 27845016 27848026 27852006 27853024 27856005 27857021 27865037 27879018 27880004 27880023 27881029 27889008 27890004 27891027 27896009 27899016 27902006 27906033 27908032 27910023 27915034 27917022 27921005 27925023 27930025 27931008 27936008 27936016 27939034 27941017 27942019 27944018 27946011 27952018 27965010 27966014 27970008 27973025 28011017 28014014 28014027 28015012 28017020 28018021 28019007 28020030 28023009 28025021 28036004 28039024 28039034 28039054 28040008 28040026 28040032 28053029 28056006 28065045 28068038 28069022 28069048 28071009 28083005 28085034 28086028 28096005 28098023 28098054 28099019 28102017 28105013 28105030 28110018 28113017 28116055 28118007 28119016 28127022 28128007 28132006 28134039 28135020 28143009 28147006 28148020 28149020 28150005 28151013 28152005 28160020 28160033 28160039 28163014 28168006 28171005 28171011 28171021 28175006 28179011 28185015 28189042 28193009 28195038 28196013 28201036 28208015 28209020 28209031 28213013 28213023 28214004 28216004 28232023 28232032 28242015 28244020 28247010 28249007 28249014 28249038 28249042 28252018 28260012 28260019 28263005 28271024 28274034 28274041 28275006 28297007 28299004 28307025 28307030 28308012 28308026 28313013 28313027 28315013 28316019 28317026 28318013 28319008 28319022 28320008 28320054 28326009 28327018 28332015 28334016 28337010 28340003 28341011 28341027 28342012 28342022 28343003 28344004 28344023 28345002 28346003 28346018 28347002 28347005 28348002 28349002 28349012 28350002 28350008 28351003 28352002 28352006 28352010 28354029 28358007 28359017 28360005 28360029 28361008 28365075 28373013 28375010 28376010 28376017 28376026 28376035 28378006 28379009 28379013 28380012 28382002 28382020 28385027 28385031 28388003 28390016 28394048 28396015 28399004 28400008 28402019 28405006 28407029 28408012 28411018 28411027 28412039 28415007 28415015 28416026 28416030 28416041 28435006 28440016 28441031 28445022 28448007 28448016 28449038 28449049 28450013 28451009 28451013 28451045 28456021 28464009 28480013 28487030 28488005 28495021 28500028 28500046 28501013 28503019 28505012 28505020 28505023 28511007 28528026 28534003 28538028 28539010 28544005 28551006 28552008 28553009 28556028 28556040 28558022 28559008 28559022 28559027 28561053 28561057 28562025 28562029 28563017 28563021 28569025 28570003 28572021 28573008 28574008 28574021 28579004 28579021 28581046 28595022 28596005 28603005 28603012 28603020 28605026 28607029 28616018 28618008 28618020 28623034 28623040 28623053 28624004 28625028 28626034 28633012 28656014 28656025 28666023 28682011 28682022 28685018 28690029 28720020 28720028 28721016 28722028 28724005 28724018 28725007 28726007 28727008 28729022 28738004 28744017 28746017 28746038 28747029 28750028 28751013 28754017 28782006 28783024 28784006 28789015 28789028 28793004 28793024 28796011 28796029 28797010 28800005 28803020 28805012 28806005 28807036 28809031 28812010 28812030 28813012 28814006 28814036 28816013 28817007 28817025 28819009 28820011 28822017 28823035 28825005 28825020 28828010 28828017 28829004 28832009 28834004 28834008 28835011 28836012 28843022 28847024 28848005 28864017 28865030 28867034 28869003 28874023 28877022 28883016 28885010 28890012 28890022 28892006 28900019 28901017 28902022 28910014 28911010 28911023 28918011 28919016 28919032 28920023 28921005 28924027 28926039 28928008 28931008 28931022 28931036 28932009 28938024 28939008 28940030 28948015 28952017 28955023 28955050 28957008 28957025 28958008 28959021 28960038 28961013 28961034 28961047 28970048 28971013 28971021 28973012 28974013 28974025 28977021 28977025 28980019 28980028 28981012 28986008 28987021 28987047 28993013 28994023 28996019 28997007 28997013 28997017 28997044 28998005 28998026 28999041 29000023 29007013 29010014 29010028 29013003 29024017 29030028 29032057 29034014 29034026 29035018 29036024 29036028 29037010 29037018 29038027 29038038 29039014 29040014 29041007 29041019 29043009 29045009 29046024 29047024 29049017 29054032 29054040 29054047 29056024 29057005 29057018 29059037 29065013 29065019 29070018 29070030 29073010 29073017 29073021 29074006 29081012 29083017 29084011 29087010 29088017 29089027 29090008 29090021 29091022 29093009 29096015 29098015 29098028 29099042 29104029 29105003 29105030 29108006 29108035 29111023 29111030 29116005 29116028 29117009 29118034 29121020 29121028 29122035 29125024 29125028 29126006 29127009 29127025 29128008 29129005 29133020 29145010 29145017 29146015 29147034 29148014 29149008 29149029 29152012 29153014 29153019 29164012 29165014 29168002 29168021 29169027 29170026 29171011 29179012 29181008 29184015 29188006 29195014 29199005 29201015 29203032 29206009 29206020 29209030 29210021 29211010 29214017 29215016 29216011 29216023 29218019 29220033 29224016 29224029 29224035 29225025 29234011 29237026 29237030 29238011 29238018 29240017 29244023 29247012 29247015 29254017 29255009 29258045 29259006 29259022 29260021 29264003 29265006 29265014 29269006 29274016 29305025 29311023 29319030 29323010 29326003 29329005 29339005 29340002 29340005 29342022 29343030 29344023 29349007 29353010 29356022 29359020 29360007 29360013 29361018 29362005 29364016 29365004 29368007 29369018 29370008 29374012 29375019 29383002 29387020 29390013 29390037 29391007 29391013 29392007 29401014 29402020 29404014 29404033 29407036 29407049 29407064 29409022 29416016 29419018 29419021 29423028 29430027 29430053 29432010 29436024 29437030 29439007 29440008 29442015 29444029 29456008 29459016 29461019 29465015 29466006 29467049 29471037 29473004 29475039 29478004 29489027 29494019 29495021 29500021 29500028 29501008 29502020 29502026 29503009 29504008 29509025 29514006 29524014 29530013 29531023 29537011 29538014 29538017 29540025 29541004 29542022 29544013 29546012 29550009 29552032 29553008 29553027 29554008 29555014 29557010 29559027 29560003 29560009 29561020 29562035 29563031 29563052 29563062 29565016 29566007 29567029 29570040 29571028 29572012 29573028 29573040 29574005 29579009 29579027 29580037 29581011 29581016 29581023 29582008 29583005 29583011 29583037 29584007 29584024 29584053 29586015 29586032 29587006 29589007 29589022 29590009 29593035 29593039 29595016 29596019 29596029 29597012 29597019 29597027 29598027 29601007 29601027 29605011 29605043 29606014 29610023 29611006 29612022 29613007 29615022 29616010 29616017 29616022 29619014 29626018 29630039 29630047 29631005 29634022 29634033 29645007 29645025 29646007 29650009 29652014 29653032 29654030 29657002 29657012 29660034 29661035 29661057 29672035 29673010 29675032 29675045 29676013 29676019 29677015 29680024 29683026 29684021 29685015 29685036 29688029 29691011 29694011 29695015 29697008 29698053 29700018 29706035 29706038 29708007 29709004 29709012 29709016 29710012 29711014 29711018 29711027 29713018 29713035 29715007 29720011 29724015 29732017 29736015 29745019 29746011 29746020 29749017 29751023 29754019 29761020 29762013 29764033 29766008 29769011 29771006 29776011 29781019 29785025 29800029 29801026 29801041 29805031 29806032 29809005 29810027 29811012 29811032 29813030 29815006 29816006 29816016 29817009 29817016 29819004 29819008 29820010 29822029 29823010 29824024 29825013 29826016 29828018 29829007 29835011 29842033 29853017 29854014 29854018 29862008 29865006 29865018 29868018 29869030 29873029 29878018 29879022 29882008 29885017 29887013 29888006 29889020 29890002 29892018 29893011 29896015 29896027 29897017 29897036 29899017 29902012 29906015 29911002 29917012 29919016 29921005 29923010 29924009 29926002 29928006 29928014 29929004 29929031 29929040 29930007 29939010 29939027 29940035 29942019 29946014 29946019 29947015 29949007 29951011 29952007 29952013 29952020 29953032 29954016 29955029 29955032 29957009 29958027 29962017 29964006 29966009 29968014 29973022 29973027 29977019 29978025 29981039 29984024 29985020 29987038 29990010 29990022 29991031 29998009 30005008 30006005 30012013 30017006 30017010 30022024 30023009 30025011 30028028 30031025 30035023 30036025 30038025 30040018 30042017 30051013 30055026 30057031 30058006 30059010 30060015 30066033 30071023 30072017 30074033 30086017 30090010 30091018 30098027 30098042 30098057 30102042 30147014 30149013 30160011 30161024 30166024 30172024 30179038 30180035 30181013 30181025 30182014 30188020 30190020 30191005 30191022 30192023 30193009 30204027 30214022 30214031 30218011 30218032 30219013 30222015 30222022 30222043 30223009 30223028 30224035 30224045 30238014 30238024 30238045 30248022 30249005 30249014 30251013 30257025 30259013 30259040 30259067 30261004 30261026 30262024 30265038 30266008 30267005 30272025 30279034 30280028 30288029 30297017 30307009 30308025 30310008 30312023 30314010 30315002 30319003 30344009 30346011 30358015 30361014 30362024 30365023 30366029 30376037 30376069 30378023 30383019 30385022 30386047 30387038 30388014 30390015 30392013 30400015 30406028 30407013 30408010 30409025 30409029 30419006 30420026 30420038 30421010 30424038 30426041 30431009 30431013 30434023 30437007 30437025 30438006 30441030 30441038 30443032 30446015 30446049 30451028 30461011 30466027 30468015 30468018 30469005 30469010 30473014 30475004 30476040 30478007 30478031 30478035 30479016 30480019 30481028 30482010 30483022 30483027 30484011 30488016 30488031 30494022 30496006 30497023 30497034 30502069 30504028 30504042 30514021 30520007 30521006 30522028 30524011 30525019 30526026 30531033 30538010 30538027 30538039 30539052 30541023 30543020 30543038 30544015 30546013 30546025 30548033 30550032 30552009 30558014 30558022 30558030 30561014 30562030 30563004 30564004 30564024 30564034 30565003 30565016 30565035 30565059 30569010 30569030 30570003 30572006 30573009 30576008 30577006 30577014 30578011 30578025 30578032 30582049 30583007 30586018 30589018 30591010 30602006 30603002 30603028 30604038 30605028 30610031 30615013 30617010 30620012 30621006 30628014 30630011 30636010 30637013 30638003 30640009 30640016 30640028 30640035 30641042 30641047 30641053 30643033 30645015 30650022 30651028 30656008 30656028 30658006 30659015 30662017 30663005 30666005 30668022 30672006 30673032 30674022 30675011 30676013 30676035 30679043 30682047 30683034 30691006 30691016 30693017 30694027 30697005 30697015 30699021 30699052 30705012 30705020 30707023 30710013 30715005 30715022 30722005 30724019 30727025 30728027 30728043 30731021 30731052 30732030 30732041 30733014 30734022 30738008 30739005 30742032 30749012 30750008 30755024 30757016 30765005 30770026 30770042 30778013 30779019 30785008 30804030 30810014 30824008 30825015 30826014 30826039 30827018 30846006 30846012 30852006 30870014 30871022 30878005 30878023 30878034 30879038 30880021 30884032 30885012 30885027 30890017 30891040 30899025 30903015 30913037 30916010 30916026 30924021 30932010 30934024 30938005 30940044 30949017 30949050 30951028 30954014 30977022 30979014 30983005 30983010 30983015 30992034 31000004 31000017 31003029 31004030 31024023 31026007 31027005 31028015 31028020 31029016 31029019 31031004 31032007 31033021 31037020 31045028 31048027 31049006 31059024 31063034 31064007 31064013 31064024 31082005 31084033 31086023 31087005 31089031 31089038 31090006 31090011
sia-sia|1|28271029
sidarạ|2|28469042 29904010
sidutu|17|23220022 23738019 24278023 25863004 28736030 28749012 29057020 29639003 29640009 29645027 30135038 30226003 30243002 30257011 30259019 30260020 30694003
siděka|1|24416025
sie|1751|23164013 23165010 23165017 23165025 23169006 23169015 23169017 23173021 23174003 23174017 23177015 23178004 23186014 23186017 23186023 23188016 23192030 23192039 23193003 23200016 23200022 23250012 23258023 23259004 23259022 23266015 23274032 23277012 23307011 23307022 23325006 23343013 23343018 23348010 23349007 23350006 23350019 23352011 23353008 23355032 23355043 23355056 23361010 23389028 23398021 23398045 23399012 23400023 23400037 23402011 23404016 23451014 23459007 23459025 23460018 23460025 23462014 23470020 23470026 23478006 23478017 23493015 23494002 23512023 23519014 23519025 23520011 23521014 23521021 23521028 23522004 23522012 23522018 23522026 23525013 23525030 23532025 23534004 23534018 23535003 23535016 23540010 23552011 23552023 23572016 23572022 23586004 23586014 23603012 23605006 23605015 23607013 23607021 23608002 23628016 23629011 23645019 23657022 23662006 23699014 23712011 23713017 23713023 23716007 23716023 23717005 23717016 23726014 23732012 23734021 23740021 23741012 23743029 23745003 23745020 23745029 23749027 23752003 23752014 23755009 23756006 23756019 23758013 23758019 23762016 23775046 23784005 23785014 23792035 23795003 23795014 23797004 23799007 23799021 23813018 23855023 23856010 23857023 23859036 23860036 23865022 23868006 23868024 23880008 23880012 23881004 23884010 23885004 23886015 23934038 23935026 23935037 23937020 23937028 23939013 23940012 23941012 24001022 24003015 24003027 24004010 24006009 24007007 24015015 24023023 24024005 24024013 24024023 24024034 24024041 24037006 24038013 24038025 24039016 24062011 24065019 24067011 24068020 24070002 24073014 24078014 24089006 24102017 24104020 24113027 24126004 24130012 24133013 24133017 24134002 24148007 24148019 24149013 24154007 24154020 24154030 24178017 24187014 24188002 24188023 24190003 24190022 24190033 24210013 24218021 24218027 24220012 24223002 24247017 24247024 24258009 24259005 24260015 24273003 24275031 24286036 24316014 24316026 24317009 24318010 24324009 24345025 24349025 24351003 24351008 24356007 24368009 24368016 24369021 24369029 24370004 24371005 24371013 24372005 24373010 24374006 24375005 24380017 24383020 24385019 24387009 24387020 24387025 24388021 24392016 24394002 24394019 24394022 24398015 24404020 24406010 24424008 24424028 24427018 24428016 24428022 24428050 24434015 24434025 24435003 24436004 24479014 24479024 24482028 24484015 24491005 24493007 24494008 24499012 24524033 24526021 24527006 24537016 24545013 24552016 24556017 24557003 24559017 24560012 24560017 24561008 24561010 24565031 24566009 24574025 24576022 24577026 24577029 24578010 24580016 24581028 24601013 24611020 24619002 24619011 24619042 24632016 24636003 24636015 24637002 24637011 24638009 24638023 24640014 24641025 24675038 24675051 24675063 24676008 24680022 24681017 24683015 24693024 24695008 24697024 24702031 24707021 24708017 24732013 24752013 24752027 24754003 24754010 24761009 24761014 24761016 24763012 24764025 24768028 24775005 24800006 24800018 24806019 24807003 24809017 24822009 24827020 24835011 24837013 24842010 24842018 24869012 24869019 24871014 24871021 24873016 24873023 24873041 24899018 24906008 24909002 24909013 24909024 24911002 24911018 24911043 24915016 24916005 24916008 24916015 24916032 24918013 24919002 24924006 24930018 24930027 24934002 24934012 24950013 24951007 24953015 24954009 24955016 24960025 24961014 24961019 24974013 24974022 24981002 24999014 24999034 25000010 25000013 25002012 25011020 25012007 25044013 25077013 25099036 25116008 25117007 25120025 25120031 25122021 25127016 25127030 25133003 25135022 25144021 25150017 25151002 25176010 25177010 25195002 25199013 25201003 25204031 25204042 25204053 25223021 25223027 25229007 25229018 25231014 25233013 25233025 25234003 25243020 25248032 25262015 25273031 25274007 25275014 25275019 25275035 25275039 25281033 25284014 25284021 25285029 25287015 25289017 25293011 25293021 25293029 25294005 25295014 25299014 25301016 25309013 25327012 25328016 25329017 25341006 25341008 25341025 25344012 25350048 25351021 25351025 25352004 25370015 25389012 25393009 25394015 25395011 25395016 25396018 25396021 25398025 25399003 25399020 25404011 25404032 25406018 25412016 25414019 25417016 25418006 25428012 25430021 25430027 25431004 25432003 25432017 25439012 25445007 25468012 25468017 25469013 25469019 25470011 25470017 25470025 25476012 25478004 25480007 25497027 25498019 25499014 25503010 25504007 25505019 25518031 25525026 25526003 25526031 25527009 25528003 25532015 25533017 25535023 25558019 25558023 25559026 25566035 25580028 25582010 25582018 25583005 25583021 25584014 25586003 25586007 25586017 25587020 25593019 25594009 25595007 25597017 25598004 25598009 25601005 25602017 25602024 25603015 25604003 25604014 25605002 25605026 25606003 25609003 25609015 25609025 25611016 25613011 25614009 25614015 25615002 25617020 25618003 25619016 25619028 25621021 25622012 25623003 25626016 25627013 25628004 25628027 25629012 25634011 25634019 25642002 25644007 25644015 25644019 25646026 25654011 25654017 25655016 25655022 25656003 25656027 25659017 25659022 25660005 25660009 25667007 25668006 25673008 25673013 25675021 25694019 25702019 25708012 25712007 25712013 25719002 25719018 25725003 25725009 25726010 25728009 25728013 25729015 25732006 25732011 25735002 25735018 25735024 25736003 25740034 25745005 25746007 25746011 25747015 25754005 25756015 25757008 25758010 25758023 25758028 25789018 25790027 25793021 25794021 25794030 25795005 25795024 25796004 25808020 25809014 25810008 25813022 25817022 25831024 25869021 25870010 25875023 25892018 25913006 25922006 25924019 25926016 25942007 25944015 25944027 25951008 25956010 25962032 25975011 25978003 25979006 25983010 25983016 25986015 25986034 25986039 25988016 25989004 26004012 26052002 26053002 26053009 26060008 26064018 26081004 26081010 26086016 26088018 26090009 26092011 26092024 26105003 26105012 26106004 26123004 26123040 26124013 26125018 26129025 26139019 26140002 26144010 26144029 26148013 26157028 26164025 26169013 26171036 26178006 26204003 26204016 26207006 26207023 26208003 26209003 26210017 26210023 26215024 26217005 26217012 26217021 26219006 26220010 26225016 26235022 26235028 26244011 26254025 26256018 26302016 26329028 26333012 26347022 26389023 26394027 26426025 26426038 26426041 26426053 26429009 26438009 26438014 26438019 26442012 26443022 26444005 26448004 26448025 26449011 26449018 26450008 26450015 26451013 26452002 26453009 26456012 26456015 26459024 26460013 26461018 26462005 26462017 26462027 26462030 26464014 26464020 26465013 26467007 26469006 26475024 26476024 26484011 26485007 26485016 26486018 26491013 26494021 26495008 26495015 26533022 26534013 26535027 26536015 26544011 26549027 26552007 26552016 26555022 26555028 26558010 26563017 26568027 26584017 26587008 26587017 26587020 26587030 26588012 26592003 26598018 26605018 26605032 26622007 26625015 26628014 26629024 26641015 26651017 26655009 26657016 26658019 26661010 26681019 26690012 26690029 26690036 26699019 26705022 26706013 26729025 26748012 26772047 26800004 26801022 26811014 26834011 26835003 26838007 26839009 26861012 26861028 26864012 26864037 26864042 26869017 26870003 26872017 26873002 26873018 26874016 26876014 26879014 26879018 26880003 26882005 26882018 26883005 26883029 26884005 26885009 26886014 26886028 26897006 26902022 26906025 26906030 26914043 26915008 26915035 26916007 26916028 26916058 26919009 26919017 26920003 26920015 26921010 26922034 26923012 26939026 26941011 26942014 26947016 26950016 26950022 26964028 26979021 26980031 26981002 26981012 26990015 26999021 27000016 27001008 27003006 27004016 27005003 27005016 27006006 27007008 27007031 27013016 27013024 27020009 27032033 27059006 27059037 27061009 27062019 27063008 27065009 27067009 27068006 27069006 27070026 27088002 27094013 27094023 27095004 27096013 27096029 27096032 27097021 27097024 27107050 27110010 27111007 27114030 27116007 27119031 27119042 27123009 27125026 27125030 27126015 27126027 27127004 27127022 27127032 27129013 27130020 27131014 27132013 27135010 27136020 27137012 27137022 27138004 27138008 27138017 27139011 27139014 27141003 27141016 27142015 27143003 27143013 27143020 27146028 27148010 27148022 27152035 27152052 27154003 27155019 27155032 27156013 27156019 27163014 27171022 27172014 27175004 27177004 27177021 27179014 27180014 27186013 27186029 27186035 27187021 27188004 27188017 27190010 27196017 27204058 27207012 27207024 27208015 27209009 27211022 27212009 27215003 27215025 27216016 27216029 27217013 27217017 27217028 27218014 27219028 27221002 27221011 27225023 27226006 27226014 27227020 27229008 27229027 27231006 27232016 27232023 27233007 27235017 27235022 27236005 27237002 27238013 27238026 27241018 27242010 27242013 27243010 27243022 27243029 27243031 27244010 27244035 27246002 27246018 27247019 27249011 27250003 27253012 27253027 27254005 27256043 27257010 27257018 27257037 27258010 27261011 27262002 27262020 27262029 27263009 27263024 27266002 27270003 27270017 27271002 27273007 27275007 27279019 27282012 27282030 27282045 27282054 27285013 27286007 27287014 27288004 27288045 27291008 27292012 27295021 27321011 27322002 27331018 27331025 27334006 27336018 27341015 27341022 27345025 27349012 27352003 27352010 27355011 27355029 27358019 27358034 27361013 27369023 27369030 27370022 27370030 27374041 27374050 27375010 27375017 27385005 27385043 27399012 27399021 27424021 27424034 27427021 27428020 27434046 27435004 27435014 27435022 27487012 27487017 27493014 27493028 27498018 27498030 27498038 27499012 27499018 27499041 27502021 27511010 27511019 27511030 27513016 27514004 27517022 27518004 27518017 27518029 27520011 27526036 27527008 27539026 27541030 27542039 27543019 27560003 27564011 27564027 27565027 27570020 27575013 27576013 27578007 27578015 27579007 27579012 27579032 27580007 27581007 27582015 27583010 27584024 27586022 27587021 27588002 27590042 27595062 27596002 27608003 27608022 27611005 27612019 27612037 27613034 27616019 27617020 27619017 27620009 27621012 27628025 27629002 27629026 27630005 27630011 27630026 27630031 27631010 27634028 27636027 27636047 27636051 27637026 27640020 27640026 27640032 27643021 27644019 27663009 27665019 27665025 27673030 27676002 27676015 27677023 27678003 27679015 27684020 27695022 27698015 27699038 27700006 27701014 27717010 27717033 27718002 27718033 27719004 27725028 27727028 27729018 27729034 27734021 27735025 27740014 27741030 27742003 27744043 27745023 27745038 27750026 27750050 27751013 27752011 27752021 27752029 27756021 27758012 27759010 27762028 27762035 27763015 27764003 27764010 27764019 27765014 27765020 27765032 27765039 27766018 27768025 27769009 27769020 27770003 27770028 27772009 27775016 27775025 27776002 27776019 27776027 27777007 27778022 27778032 27793003 27793019 27794014 27796017 27797024 27798010 27800008 27800026 27802015 27802021 27803020 27803033 27804027 27806012 27812031 27813020 27813026 27817022 27818009 27818025 27818034 27819020 27821034 27822014 27822021 27822037 27823010 27823022 27823046 27856016 27859014 27862015 27891023 27899012 27899019 27903016 27904030 27904045 27906034 27907016 27908033 27908036 27915045 27917020 27921006 27930017 27930026 27931006 27992007 28020016 28020028 28025013 28025022 28025027 28026016 28028029 28029009 28033019 28034002 28034017 28034030 28034037 28035014 28035044 28036034 28036040 28041017 28042009 28043002 28043019 28044002 28094033 28095033 28095040 28124024 28189028 28199011 28199022 28209008 28212030 28249039 28266012 28266021 28266031 28271025 28271034 28283006 28283020 28283024 28284033 28285041 28287019 28291022 28338011 28339003 28339025 28339028 28339035 28342018 28343006 28345009 28349018 28379010 28385008 28421041 28426010 28426016 28429028 28451016 28451022 28451027 28469028 28469036 28490003 28495022 28499003 28500047 28503020 28503035 28505013 28505021 28506008 28506031 28506039 28508010 28520028 28521015 28522024 28522053 28524014 28524020 28524037 28525028 28525034 28528006 28530005 28531013 28566015 28566021 28607030 28607037 28608010 28611021 28616019 28628020 28629010 28630018 28635006 28670006 28670013 28671002 28672010 28673002 28681014 28681031 28690030 28695045 28703036 28704010 28704017 28717011 28787012 28787015 28787022 28788007 28788011 28788014 28789016 28789019 28789032 28789039 28799009 28832010 28832017 28833017 28864015 28924017 28924025 28931009 28932005 28932013 28932031 28939018 28950015 28950027 28951003 28955024 28955028 28955036 28955045 28956006 28979017 28979024 28979041 28982015 28982020 29041020 29066015 29093010 29094003 29094022 29109024 29112006 29118035 29121029 29133021 29133028 29133035 29133043 29157012 29158011 29193014 29195015 29197010 29197022 29197031 29301011 29310032 29333022 29334010 29338023 29346007 29360006 29414012 29415017 29417022 29417027 29418002 29418013 29418025 29419004 29419014 29419019 29420010 29421003 29421019 29422006 29422011 29426016 29473014 29474003 29550015 29551003 29552009 29552017 29552024 29553028 29553031 29555006 29555011 29555025 29556007 29593013 29593033 29597025 29666005 29666029 29671010 29672002 29693022 29693025 29694004 29694012 29732010 29733013 29735007 29736002 29736016 29737012 29738012 29739002 29739015 29744009 29765011 29765017 29769012 29769022 29770015 29772017 29772021 29780019 29782028 29827008 29828009 29828019 29832014 29833010 29834009 29847025 29849010 29849018 29849027 29852011 29853002 29881015 29882014 29882018 29885018 29886009 29886012 29900011 29900017 29901002 29902002 29902013 29902017 29934019 29935017 29950003 29950014 29952008 29952018 29954017 29955005 29955017 29955025 29955037 29955042 29957003 29984025 29985008 29985021 29986003 30008023 30025012 30034004 30034011 30035024 30044010 30060008 30060016 30061018 30066034 30067021 30068012 30068026 30068032 30068038 30071008 30071027 30072018 30075013 30079025 30081002 30162024 30163039 30172025 30177045 30178024 30178028 30178050 30180018 30180026 30180036 30181014 30181017 30181026 30182015 30185014 30190015 30194011 30195026 30196008 30196014 30196021 30198002 30200024 30204022 30222013 30222023 30227022 30229022 30230016 30230024 30230031 30233028 30265022 30265030 30272018 30272026 30273010 30274008 30276014 30277015 30278034 30279012 30279021 30281007 30291003 30292033 30293013 30297018 30308016 30308026 30310009 30315009 30315021 30317022 30319009 30319022 30322021 30323011 30324018 30326011 30326029 30333010 30335009 30337014 30337023 30342034 30344045 30345014 30349029 30362025 30362030 30366030 30368010 30368020 30369008 30372009 30373003 30431007 30431014 30436002 30436013 30462018 30474010 30475005 30478018 30489016 30489021 30501034 30508009 30508015 30509023 30517003 30521024 30538030 30538040 30557005 30557013 30560005 30561015 30562017 30562031 30573027 30589019 30589028 30590028 30594037 30597025 30597028 30607039 30620028 30620040 30622035 30624010 30624019 30626017 30635035 30641019 30641043 30669041 30669050 30669065 30682013 30699053 30739006 30739013 30740007 30740014 30759018 30767023 30767032 30785024 30796022 30798027 30802021 30813013 30825012 30831017 30863013 30865003 30868002 30871015 30871026 30871038 30871047 30894012 30898018 30900007 30901009 30901027 30903016 30904031 30905008 30905016 30906013 30906024 30907015 30909011 30910022 30913010 30913038 30914013 30915003 30916002 30916027 30921007 30922016 30924022 30926011 30942015 30944018 30945021 30970017 30974028 30984017 30984079 30987017 30992025 30992035 30995012 30996005 31000005 31000009 31000018 31001006 31001022 31002010 31002019 31002031 31003030 31010014 31010026 31011008 31013046 31014023 31020032 31026008 31035014 31041003 31042037 31047003 31061020 31064020 31089039 31090003 31091003 31097014 31098036
sigesạ|1|29598014
sigěsake|1|24372025
sigěsakeng|2|30510035 31049031
sigěsakengu|1|27764012
sigěsạ|47|23582021 24009019 24341018 24628020 24628029 24790027 25547028 25850023 26748015 26760021 27437029 27527023 27872027 28135002 28516029 28516043 28520010 28805009 28805035 28806002 28807032 28903020 28921018 28922024 28935009 29490007 29594015 29594024 29799030 29831006 29876016 29987054 30198005 30215028 30216005 30294020 30356017 30365020 30386035 30728004 30728033 30729024 30737029 30740022 30879050 31001002 31009023
sigěsạ-Ku|1|25893003
sigěsạbe|3|31004015 31010005 31013022
sigẹ̌sakeng|1|30937026
sigẹ̌sạ|6|26608029 28750011 29530037 29837008 29911031 30420024
sihing'e|1|30886031
sihinge|51|23173024 23356015 23374028 23586010 23724019 24077009 24093011 24144014 24184013 24459019 24501009 24545022 24789005 25302009 25853006 25880012 25944006 26044015 26652010 26969016 26972043 27039024 27053012 27072016 27110018 27153022 27179019 27185012 27354025 27375021 27418047 27455027 27597007 27700017 27733014 27935018 28644012 28809029 28877019 29035006 29219017 29226022 29304026 30409044 30484010 30720019 30820015 30884037 30893010 30948011 30963021
sikol᷊ane|3|25187010 27036028 27945016
sikome|1|29530032
silakạ|7|27877045 28116028 28812023 29016025 29016028 29016031 30853009
sili|1|30440012
silom|2|30429026 30531017
silon|4|26353005 29800022 30028008 30489011
simahe|7|23491010 24284011 24661007 25541010 25768004 26081008 27863060
simahen|1|25148010
simahěnụ|1|25556014
simaka|7|23663018 23961005 24212005 24302005 24454009 25159009 25330017
simake|26|23369003 23381003 23542012 23611009 23630005 23673011 23832017 23834020 24325019 24360004 24360021 24383004 24459004 24514008 24648018 25111004 25268009 25283025 26279010 26910005 27208019 27641009 27667013 27671013 27858004 27911013
simakạ|1|23236010
simakạe|2|23621007 26261003
simal᷊ungkende|1|30234019
simangị|2|24827039 25927010
simangịe|2|24130032 26559004
simangịen|1|25773013
simarang|5|24972018 24983014 27220016 27837021 30166023
simbang|1|28293007
simbul᷊u|12|26049004 27012011 29484013 29522002 30326014 30331003 30761020 30828023 30838026 30934033 30959014 31060034
simbul᷊ě|3|26171025 30331012 30879032
simiang|1|26552014
simimbah'u|2|23208004 23368006
simimbahě|11|23625007 23806005 24702025 24708009 24816011 25650003 25766003 25939017 25945014 26209016 27839015
simimbang|209|23175003 23392007 23395003 23464003 23493003 23501003 23538004 23551003 23568004 23577003 23647003 23650004 23658003 23660004 23675003 23712003 23718003 23721003 23726003 23750003 23767003 23771003 23774003 23780003 23781011 23814012 23851003 23910003 23962003 24021005 24049004 24073003 24078003 24088003 24090003 24105003 24119003 24142023 24144006 24254005 24278009 24280003 24322003 24374013 24432018 24445005 24470003 24505003 24513006 24529003 24530018 24551003 24556007 24568003 24592003 24616007 24626004 24640018 24647005 24663003 24670003 24689010 24698003 24703003 24720003 24775003 24832008 24913003 24929003 25037003 25039003 25040019 25068004 25072003 25076003 25139003 25142004 25150003 25218004 25256003 25315004 25321003 25322016 25343003 25360003 25362002 25382003 25390003 25391003 25394002 25401006 25434004 25452003 25474003 25502002 25527006 25534003 25542017 25551003 25616002 25618005 25627003 25628018 25646004 25651005 25658002 25672017 25689012 25716002 25758003 25772003 25783002 25814003 25875002 25923020 25925004 25932017 25935014 26071003 26091004 26093016 26100003 26115003 26124003 26126003 26131003 26148003 26166005 26167003 26189006 26218003 26230003 26265004 26284003 26287004 26328003 26345003 26350003 26396003 26401011 26407014 26421003 26431003 26436003 26440003 26444003 26452003 26453010 26456016 26461008 26468003 26471003 26482003 26507003 26516004 26548004 26563014 26616003 26638003 26639018 26657003 26669003 26675003 26678004 26692003 26758004 26806003 26809003 26817019 26820003 26821003 26823015 26826003 26835033 26837003 26841028 26848005 26881015 26893022 26916036 26921004 26931003 26988003 27031009 27042006 27089008 27119003 27197005 27208003 27227026 27230003 27264021 27274003 27282003 27290003 27316004 27515005 27588022 27678005 27699006 27704003 27715015 27733018 27740003 27755004 27780012 27807003 27813004 29032005
simimbangke|12|23214003 23220003 23637004 23854004 23902004 24080019 24286003 24674004 24786003 25023003 25521006 26477003
simimbangu|10|23366003 23689004 25787004 25898003 26222004 27222012 27699014 27801004 27849004 28214007
simindạ|1|24498010
simohọ|1|24296006
simokol᷊'u|1|25878018
simokol᷊u|2|25879005 26814039
simongo|5|24772005 25498020 26379015 26748035 27560019
simowa|1|27107056
simuě|63|23405009 23408004 23494004 23499007 23535021 23594010 23801023 23801028 23807016 23839005 23850010 23884005 23934033 24113016 24157009 24239010 24246016 24286037 24404005 24405030 24430009 24435018 24488019 24599004 24652008 24656011 25080019 25151003 25153009 25197012 25262024 25276022 25664003 25679016 25777003 25868004 26021030 26343005 26384005 26787028 26801023 26802025 26819003 26827005 26835004 26873021 27005017 27287008 27352014 27377020 27435016 27491010 27577013 27595054 27703025 27716017 27724012 28060002 30118003 30130007 30130024 30131027 30884016
siměbang|6|23172028 23794017 24395011 24494021 30798006 30908017
siměbangke|3|27348026 30278005 30843013
siměbangkě|1|24126005
simědạ|1|25104004
simědạe|1|24248006
siměle|1|23663008
siměnnang|5|25106005 25334017 25980009 27345012 28849014
siměpụ|7|23209006 27097006 29702009 30813007 30910017 30920007 31039008
siměpụe|1|28060012
simẹ̌bang|34|23799009 23844009 24242012 24367013 24379022 24493017 24565015 24823024 24916006 24918016 25099027 25102003 25135005 25222005 25292014 25420016 25681005 26544012 26555015 26661013 26802013 26815005 26824014 26830006 26831004 27153010 27347008 27355022 27523017 27903025 28715004 30594009 30944010 30953010
simẹ̌bangbe|1|27849018
simẹ̌bangke|10|23541007 23719017 24130030 24273009 24432005 24652028 25927002 26568002 26843003 28064018
simẹ̌nnang|1|29407051
simẹ̌sake|1|24643031
sinadian|1|28404031
sinasạe|1|26267006
sinasạu|1|29715026
sindo|3|23266013 23770017 24593011
singa|7|30206033 30474013 30776005 30849014 30858040 30865011 30911020
singangu|1|26969025
singkạ|1|27583031
singkạku|1|26466020
singongo|1|27549017
singongon'E|2|24180009 26890007
singongone|4|24864008 27065014 27177024 29670021
singongong|1|30884008
sini|74|23596005 23705027 23799033 23898009 23981016 23984032 24091020 24093018 24105011 24202004 24292013 24411026 24540008 24739015 24787017 24789018 24880023 25155022 25241020 25314044 25335024 25399034 25438035 25535003 25550017 25675013 25833017 25886009 25903008 25941027 25998005 26033026 26172018 26173006 26218005 26283024 26545012 26552020 26556029 26566021 26664008 26895016 27231009 27238028 27278010 27293030 27379025 27389012 27430021 27512017 27612048 27687023 27688010 27708022 27708055 27723017 27741049 27770024 27789016 27821028 27830006 27846013 28232002 28786003 28797006 28798004 28859005 28887022 29120005 29464025 29655003 29958007 30069006 30078003
sinsing|2|25611018 30296007
sinuang|1|28227023
sinẹ̌bạ|1|24995019
sio|9|23740027 23741022 23796002 24852005 25593026 25596018 26965016 27758047 29014013
siom|4|23740025 23741020 25593024 25596016
siong|1|25669017
sipirang|5|27952028 27979029 28029004 29262020 29498007
sipirange|3|28124004 28699013 29205006
sipirangu|2|29533003 30027037
sire|3535|23147018 23166024 23172002 23174020 23175002 23177018 23178006 23179004 23179006 23179014 23179023 23179031 23181002 23181018 23181030 23182008 23182020 23185002 23188022 23190005 23199002 23199006 23199012 23200019 23200025 23234018 23237007 23238014 23239011 23240014 23241015 23242011 23243007 23244014 23245011 23251011 23282018 23284015 23285022 23285040 23288011 23288030 23290014 23290018 23290025 23291004 23299015 23299018 23299024 23299036 23309006 23309027 23329010 23332008 23332018 23333005 23333010 23337012 23350037 23358003 23362006 23364013 23368018 23371017 23373008 23375002 23380011 23380016 23380026 23382020 23383009 23384006 23390012 23391003 23392005 23395022 23395036 23395043 23404005 23404020 23416006 23416010 23419005 23419017 23420002 23423002 23425003 23431015 23431019 23435020 23436026 23439035 23443027 23446004 23460007 23476010 23476022 23480027 23481036 23481045 23492008 23494025 23506005 23514008 23515013 23517027 23531016 23531027 23531035 23532022 23535008 23535020 23536018 23537024 23551021 23553012 23553020 23554013 23554021 23555009 23555014 23555022 23555026 23555031 23555043 23557020 23557024 23557034 23559031 23561009 23561015 23562017 23562031 23563018 23565005 23575015 23582002 23582015 23583021 23588015 23588034 23590015 23591014 23594027 23597003 23597014 23598014 23610017 23611024 23611028 23612014 23612023 23613023 23614004 23614014 23618002 23623014 23624013 23624020 23625009 23631014 23632005 23632011 23633013 23633029 23634003 23635015 23636015 23636020 23637006 23642012 23642018 23643004 23643010 23643017 23644010 23646016 23648005 23648010 23650006 23658014 23664016 23664027 23665023 23666021 23666026 23666035 23666043 23668009 23670031 23671003 23671011 23674016 23677040 23678013 23678016 23679005 23681008 23688016 23693010 23703004 23704003 23706012 23707010 23708008 23709003 23709006 23710004 23710015 23713020 23713026 23713031 23715005 23717012 23723013 23728008 23728044 23730011 23738018 23745008 23748015 23759011 23765010 23766011 23775009 23776014 23776018 23776026 23777018 23778015 23788011 23788019 23789005 23791005 23795012 23795016 23797006 23798003 23799024 23800002 23801017 23802011 23803012 23803019 23804007 23805029 23806009 23810021 23810029 23812009 23815012 23815027 23817004 23817013 23818009 23818030 23818033 23822004 23823014 23827018 23828005 23835009 23840006 23841020 23842018 23843002 23843012 23844007 23847010 23847023 23852029 23853021 23854003 23854018 23858027 23863014 23864012 23864019 23865010 23866005 23868002 23869006 23872016 23872024 23873003 23873010 23877011 23878010 23879016 23880025 23883006 23883018 23888012 23889003 23889007 23889017 23891005 23892014 23893006 23894004 23894010 23895003 23895008 23895012 23896016 23897005 23898004 23901019 23903012 23903018 23906009 23907019 23908003 23914013 23915017 23922014 23922020 23922023 23922028 23923002 23924005 23924012 23924026 23925002 23926002 23933023 23949027 23953017 23960006 23961035 23963017 23982012 23984022 23988022 23997005 23997009 24003031 24009014 24011004 24012007 24016008 24018005 24019012 24019018 24020004 24020010 24023030 24028015 24041016 24043007 24046003 24049006 24050007 24053003 24054015 24055003 24055012 24059002 24060004 24063012 24063020 24065005 24069004 24070005 24070022 24070037 24072017 24074011 24074013 24075007 24076003 24077012 24081003 24083016 24085004 24085012 24088010 24091018 24095011 24095016 24098017 24099006 24102010 24102028 24102030 24103010 24106003 24115003 24121010 24122003 24125007 24126019 24128006 24128023 24132002 24134021 24137004 24137007 24139011 24140006 24143015 24147011 24148022 24151007 24151023 24152019 24152025 24153010 24154014 24156007 24158002 24159002 24159014 24159022 24159041 24160002 24161006 24162005 24162014 24163004 24164005 24165004 24166003 24167005 24168011 24169008 24170002 24171020 24178003 24183002 24183015 24183025 24184021 24185012 24195012 24196003 24200010 24204011 24205013 24206007 24206018 24206025 24211014 24212015 24213003 24213009 24213022 24214005 24215017 24216003 24221015 24221019 24221025 24236021 24243008 24243031 24245024 24247028 24248008 24250029 24253004 24253009 24263006 24263032 24264007 24265006 24265012 24265025 24266008 24267016 24269009 24273012 24273015 24273025 24274021 24276029 24276037 24277025 24278006 24280019 24280022 24281011 24281018 24285023 24291006 24291016 24293006 24293032 24294008 24294015 24295011 24297023 24297032 24298002 24300003 24302011 24302015 24303007 24305006 24306011 24310019 24312014 24320012 24321011 24321029 24323007 24326008 24326019 24334019 24334023 24335006 24336003 24336012 24336022 24336038 24337007 24339009 24339037 24341010 24341016 24341026 24343005 24343018 24343029 24344020 24357016 24358012 24358030 24365003 24380002 24380028 24381002 24390003 24400022 24402022 24403003 24404009 24405002 24405011 24405027 24408009 24409013 24410019 24410025 24410029 24411030 24412006 24413019 24414004 24415011 24415019 24416008 24419011 24419034 24420007 24420013 24421018 24423003 24437010 24438016 24438026 24440003 24441008 24441018 24441027 24442016 24442019 24442033 24444005 24444011 24445012 24445031 24446016 24446020 24447006 24448002 24449049 24450003 24456005 24456028 24456042 24457004 24457015 24458003 24458010 24458018 24458027 24459009 24460011 24460014 24461008 24462003 24462008 24463003 24463022 24463033 24464018 24464027 24466002 24466012 24467018 24467020 24467027 24468023 24468027 24469028 24470025 24470036 24471004 24471012 24478013 24482006 24496014 24500006 24500019 24501011 24502014 24503015 24503021 24504004 24504010 24506012 24508003 24509002 24509034 24512020 24513026 24514006 24515012 24516015 24517012 24518007 24518014 24520021 24521028 24523003 24525018 24528020 24529002 24531008 24535020 24541023 24543004 24546007 24547003 24547010 24547018 24548005 24548014 24549002 24549010 24550003 24552013 24552019 24553006 24553017 24554009 24557033 24558006 24559002 24571011 24572003 24573002 24573008 24574009 24574017 24575013 24581007 24590039 24591014 24593015 24594017 24595018 24597003 24599003 24600005 24602004 24602020 24602030 24603024 24603030 24605019 24605024 24612010 24615012 24616005 24621025 24621040 24623002 24630003 24630016 24631007 24631031 24631035 24635003 24638012 24638019 24642005 24646002 24647014 24648013 24649007 24649016 24650002 24650009 24652033 24653004 24656004 24659014 24659023 24661006 24661013 24668002 24669002 24672016 24672018 24673012 24673019 24674003 24674014 24677013 24679010 24679020 24682010 24683021 24686016 24686025 24686028 24686036 24688002 24689006 24690003 24690025 24691022 24692015 24693005 24694004 24697017 24699009 24699016 24702012 24702028 24712005 24712013 24713002 24714002 24714014 24714017 24714022 24715018 24715028 24717011 24718003 24718011 24722009 24727052 24730028 24740013 24752024 24757013 24759012 24760023 24762017 24765007 24765023 24766002 24768008 24773003 24777004 24778023 24781003 24781012 24782006 24784007 24787002 24789011 24793006 24795014 24795020 24795025 24796009 24798026 24799008 24799016 24801003 24802004 24803007 24806015 24808004 24810011 24810022 24811011 24814003 24815008 24819020 24820010 24824013 24824022 24825010 24825025 24828024 24830008 24831018 24836005 24838017 24840002 24841013 24842014 24844003 24845004 24845014 24846002 24846011 24847006 24848005 24850003 24851003 24854006 24856011 24858015 24863004 24867016 24868003 24876013 24877003 24877029 24879003 24879015 24879024 24880035 24882003 24882016 24885004 24885020 24887010 24887019 24888007 24888015 24888021 24888024 24888033 24888036 24889006 24891005 24891008 24891018 24891029 24892003 24892014 24892017 24893007 24894018 24894026 24896002 24896011 24910013 24915010 24916013 24945016 24952019 24953009 24953017 24955014 24956004 24957014 24960011 24962015 24971008 24971018 24981022 24983008 24983017 24983020 24987014 24989006 24990002 24991004 24991011 24992007 24994021 24995012 24996016 24998002 25007017 25008005 25009011 25016013 25017007 25019009 25029024 25033015 25038013 25041019 25042009 25044006 25075011 25085007 25086008 25086015 25087006 25091021 25093003 25093014 25093020 25093022 25096003 25099023 25100026 25102023 25103029 25104017 25104031 25105025 25105029 25105034 25106030 25106035 25106044 25110025 25114003 25114007 25114014 25115004 25115013 25115020 25115023 25115027 25117016 25123024 25125021 25126016 25127009 25127014 25127024 25128010 25130006 25133008 25134003 25134017 25137021 25140014 25140019 25141003 25142022 25143011 25143017 25144008 25148019 25148025 25148029 25154018 25155008 25156006 25157006 25158019 25160019 25160025 25160033 25165002 25165016 25165018 25166020 25173019 25178010 25179023 25182017 25186006 25200004 25200010 25200029 25202008 25212002 25212013 25215003 25225016 25226017 25226019 25227018 25228002 25228013 25247026 25248016 25249022 25249026 25256024 25256032 25256041 25258019 25258022 25259008 25259028 25259030 25259039 25260007 25260016 25260032 25261020 25265014 25266018 25267006 25267008 25267021 25268023 25268026 25269004 25269025 25270012 25271017 25271025 25272008 25277014 25278023 25280012 25281010 25281019 25281042 25282003 25283017 25286013 25286017 25289003 25291026 25299003 25299010 25301024 25302015 25303005 25304006 25305011 25307023 25312015 25312022 25312026 25313010 25313018 25313021 25313038 25314006 25314030 25315010 25316018 25317012 25319003 25319017 25320021 25321002 25332019 25336011 25336014 25338006 25338028 25339006 25342014 25345016 25347016 25347019 25347023 25348013 25349005 25354010 25355003 25356016 25356036 25358004 25365013 25366010 25377039 25377051 25381002 25381010 25381016 25381030 25387012 25388018 25388020 25388031 25400012 25408006 25419028 25422004 25422013 25423006 25423012 25432008 25432021 25435023 25435029 25435035 25437018 25438016 25438025 25438032 25454021 25455013 25459022 25460006 25461032 25464008 25484006 25484025 25496020 25498009 25498014 25502021 25520020 25521019 25522024 25523005 25523019 25523028 25533020 25536007 25538027 25548002 25559007 25561005 25561018 25568008 25572003 25579014 25584002 25591011 25591019 25591027 25592009 25613019 25625015 25626007 25629027 25635011 25635018 25636006 25649012 25649015 25650005 25650020 25651023 25651026 25651031 25652007 25652018 25664017 25666006 25666017 25666024 25666030 25667004 25669016 25679002 25680006 25681022 25690014 25696027 25697008 25698020 25704019 25704027 25705023 25720004 25722002 25723014 25723016 25726008 25728002 25732030 25739009 25743004 25745015 25745025 25746015 25747026 25756006 25757003 25759018 25759022 25760013 25768014 25769038 25770002 25772007 25775018 25776002 25776018 25778007 25785003 25786019 25787003 25788006 25791015 25792018 25793025 25794012 25795003 25797006 25799015 25799019 25799030 25800003 25800009 25800022 25800031 25801003 25803007 25804016 25805007 25806009 25806019 25807012 25807025 25809004 25813015 25815016 25816003 25816010 25816020 25820004 25821005 25826008 25826021 25827002 25827014 25827019 25827024 25831003 25831013 25832003 25832024 25834002 25835031 25843026 25848014 25848024 25851029 25856009 25867018 25868016 25869026 25870002 25871016 25880006 25884019 25885012 25888003 25888015 25889012 25890004 25890016 25900007 25900030 25905008 25906007 25910017 25911006 25912011 25914013 25915004 25919002 25920015 25923016 25929002 25930008 25931023 25932007 25935002 25936003 25938003 25938010 25941003 25950004 25957003 25958010 25959003 25959009 25959019 25961008 25961023 25961028 25962005 25962010 25962029 25964006 25967018 25968012 25969010 25970009 25970012 25970018 25970023 25972007 25984012 25986047 25991019 25992004 25992022 25993017 25994002 25995003 25995011 25996005 25996020 25997002 25997015 26001006 26001013 26002031 26003017 26007017 26008002 26008012 26010004 26012019 26014016 26015009 26015015 26016022 26017006 26020004 26020009 26025018 26025027 26026002 26028002 26028011 26029002 26029009 26032012 26033004 26033019 26034004 26035010 26036007 26037007 26037010 26038006 26042007 26042022 26043014 26044002 26057014 26066010 26066023 26067017 26083009 26083023 26099013 26103015 26104007 26104019 26108019 26114012 26116004 26118024 26120008 26120014 26140025 26141018 26143019 26144032 26147002 26184011 26184026 26187003 26188014 26195026 26197011 26197020 26198015 26199002 26202009 26202018 26209006 26209015 26214019 26223016 26227005 26228007 26229017 26230005 26234014 26260014 26263013 26263033 26265017 26265021 26268003 26268015 26269031 26269036 26271003 26272003 26272012 26273007 26273014 26275003 26275024 26277011 26277023 26277025 26278008 26279006 26279020 26280019 26282018 26283014 26286003 26288005 26289023 26290007 26292004 26293012 26297028 26300002 26301006 26307012 26310009 26310021 26311006 26316022 26325010 26329020 26335010 26342013 26359005 26360004 26361017 26361023 26369011 26374022 26378006 26378016 26381010 26384024 26385017 26388002 26388007 26388013 26389003 26389012 26391003 26391011 26392013 26401008 26403007 26405007 26407011 26409002 26409011 26410007 26415009 26416009 26421002 26423012 26424006 26449014 26451011 26453007 26456002 26457046 26463013 26463022 26465003 26467003 26469003 26475003 26476006 26481014 26485019 26485026 26486021 26487002 26488008 26490018 26496025 26496034 26498016 26498023 26498028 26502003 26506013 26509008 26509011 26510007 26510012 26510021 26511007 26511020 26514007 26521002 26521016 26523008 26532002 26537013 26538009 26555018 26555026 26558006 26558019 26561005 26565003 26566024 26569016 26570005 26571019 26573003 26577006 26580002 26580016 26581002 26583006 26590014 26590020 26590032 26592010 26594003 26597022 26599013 26602002 26604005 26610012 26611006 26617039 26618013 26618016 26620005 26621004 26621009 26621012 26621018 26621022 26621029 26623016 26623024 26623032 26624002 26632035 26633009 26643006 26643022 26659007 26670011 26713015 26720016 26720022 26720030 26720035 26721006 26721016 26722012 26722015 26722022 26722031 26724004 26724019 26724026 26724034 26725015 26725018 26730002 26730009 26745002 26746006 26758006 26766020 26766031 26766035 26767004 26768006 26768018 26768020 26768033 26769005 26769025 26770019 26771017 26771030 26771041 26772008 26772014 26772033 26772040 26773024 26774009 26774015 26774018 26775010 26775024 26776009 26777003 26778014 26779013 26779026 26780005 26780022 26781007 26781025 26782006 26782017 26783003 26783011 26783030 26784007 26784022 26785017 26786010 26786032 26786038 26789029 26789033 26790016 26791006 26791024 26792007 26793007 26793021 26794024 26795017 26799003 26804029 26807011 26807021 26811010 26814006 26814017 26814029 26814035 26815009 26816002 26817005 26826002 26827010 26828022 26829017 26831021 26832013 26832026 26834006 26840020 26841002 26842009 26842013 26842020 26849010 26849018 26849027 26850040 26850050 26857051 26859003 26859012 26859022 26863009 26863019 26870017 26870023 26877005 26885032 26887023 26887038 26888013 26890009 26892009 26894031 26902020 26902027 26902035 26903014 26904005 26904016 26905005 26905023 26907015 26908003 26908009 26909005 26911006 26911018 26911031 26912006 26912016 26914003 26914023 26927027 26927035 26928010 26928018 26930010 26933013 26933025 26934003 26934021 26937005 26937012 26938008 26939007 26943018 26948003 26948007 26950028 26952015 26953003 26953018 26954002 26954019 26954028 26955019 26956010 26956021 26957005 26957008 26958006 26961028 26962005 26963008 26963012 26964007 26964012 26965002 26967033 26967045 26967058 26968018 26968025 26987009 26987015 26990007 26990018 26990021 26990025 26991010 26992005 26992017 26994011 26995002 26995010 26996004 26996022 26997002 26997033 27007003 27007021 27008013 27008028 27009006 27009009 27025002 27026003 27029002 27030006 27030010 27036019 27036031 27037003 27037017 27038003 27038016 27039002 27039010 27041003 27044014 27046033 27047012 27047020 27050027 27051002 27052007 27054003 27055014 27055030 27055037 27056021 27057006 27057014 27057026 27057033 27058004 27066015 27069019 27069028 27070022 27070033 27072024 27073009 27075021 27076012 27076024 27081013 27081048 27081059 27082004 27082013 27082023 27083011 27084016 27085012 27086013 27086019 27086026 27086040 27087016 27093008 27093014 27095027 27098014 27098019 27098026 27099016 27100022 27101016 27102015 27104006 27104019 27107015 27108002 27111010 27112003 27113005 27114004 27114021 27115003 27115011 27115017 27123027 27123032 27124010 27124016 27125055 27126012 27128027 27130004 27133002 27136023 27136026 27141009 27142017 27142022 27151021 27151029 27156015 27157002 27158006 27158018 27158031 27159007 27159010 27162017 27162036 27169014 27171011 27171017 27174006 27174011 27175002 27175020 27176003 27177016 27179002 27182011 27183011 27183023 27186032 27187036 27188012 27189008 27189028 27189036 27191021 27192009 27192016 27193010 27193014 27194015 27195012 27195020 27202003 27202024 27213003 27219031 27219036 27224011 27225016 27238009 27238036 27241003 27241009 27243018 27243025 27244019 27245008 27246014 27247012 27252014 27255027 27256009 27256014 27256039 27257005 27258036 27259019 27268005 27268013 27269004 27270013 27277022 27278003 27280012 27280017 27281009 27282002 27283006 27283020 27284004 27284010 27288007 27299024 27303008 27305026 27306004 27306007 27307004 27307022 27308006 27308016 27308024 27311002 27311011 27311021 27312007 27312013 27319008 27320011 27320017 27323019 27326006 27326015 27326021 27326026 27327016 27327034 27329006 27329016 27330016 27331015 27331029 27334017 27336003 27343019 27348004 27348013 27348028 27353007 27353022 27354011 27354021 27355007 27355015 27355021 27356012 27357011 27358015 27358022 27358038 27358041 27358049 27365003 27365015 27365027 27366006 27367020 27368006 27369007 27369013 27376020 27377004 27377008 27377019 27378037 27380018 27380034 27381007 27382017 27383026 27384004 27384024 27385013 27387017 27387022 27390011 27390025 27390040 27391003 27391018 27392004 27392015 27394028 27405011 27405018 27406032 27406036 27408011 27408017 27409014 27411010 27411033 27413022 27414014 27417017 27418014 27418026 27418037 27426014 27427007 27427015 27429008 27431015 27434029 27434031 27434042 27436020 27437006 27437015 27438031 27439010 27440013 27441004 27441015 27441026 27441033 27442006 27442021 27442024 27442036 27444019 27444026 27445009 27446005 27446012 27446020 27446034 27447004 27447010 27447041 27448015 27450004 27450049 27451019 27451033 27452009 27452014 27452017 27454020 27455011 27457017 27457026 27460011 27462013 27463010 27463014 27463017 27463043 27463048 27465019 27465031 27466006 27467025 27467033 27468020 27468025 27470017 27470027 27473004 27473014 27474011 27474018 27475028 27479044 27481016 27483020 27484002 27484012 27488006 27488009 27488028 27490021 27491007 27491022 27492003 27493035 27498004 27501014 27501022 27503008 27503016 27504002 27504019 27504026 27505002 27505024 27507020 27509024 27517013 27517019 27518015 27521034 27522016 27522033 27523003 27523014 27524023 27525008 27529008 27529023 27529045 27530004 27530035 27531011 27531022 27535010 27535019 27535030 27536004 27537019 27542015 27542048 27543003 27543015 27545018 27550013 27550036 27551008 27551014 27551020 27552028 27554025 27556003 27556016 27558005 27560027 27561005 27561011 27564025 27564055 27565006 27566028 27569022 27571002 27574006 27575003 27578002 27578012 27584022 27584029 27584032 27585036 27588005 27588021 27589018 27590014 27590021 27590032 27591003 27591008 27592009 27592016 27592021 27593002 27594022 27594026 27595007 27595014 27595026 27595045 27598019 27598031 27599021 27599034 27601007 27602015 27602028 27602034 27603019 27604013 27605003 27605014 27605028 27614010 27614017 27615030 27616008 27618027 27618035 27619004 27620004 27623002 27623013 27623025 27624019 27624022 27628021 27628027 27632002 27633025 27636044 27639013 27645005 27645014 27648015 27648021 27656016 27657016 27657035 27663013 27664003 27665004 27665012 27665023 27666016 27669018 27669031 27670015 27670022 27670031 27671018 27672027 27672035 27673036 27674005 27684006 27684011 27684022 27685007 27685015 27685036 27686006 27686024 27686034 27686037 27686043 27687005 27689007 27689013 27689017 27689023 27689034 27690004 27690027 27691007 27691016 27691020 27691027 27691046 27692032 27693039 27694002 27694008 27694024 27695016 27696003 27697019 27697038 27700003 27701002 27705029 27707003 27707016 27709012 27710022 27710030 27710056 27714012 27723016 27724006 27724022 27726022 27727016 27728005 27728010 27735050 27736007 27741013 27741023 27744020 27745019 27745033 27747010 27747019 27749002 27755026 27756008 27756024 27756036 27756045 27757022 27758015 27762014 27763013 27763022 27764017 27764027 27765036 27766007 27766009 27767003 27767015 27768012 27770016 27771026 27771035 27783002 27783010 27784026 27785003 27788008 27789013 27789022 27789027 27789032 27790005 27790012 27791003 27791012 27799016 27799020 27800006 27800019 27804030 27808027 27808041 27811003 27812019 27814005 27815009 27815012 27815029 27816002 27816011 27820012 27821030 27828013 27829004 27829011 27829015 27831007 27831015 27834037 27835005 27835012 27835017 27835023 27835034 27841027 27841031 27842003 27842014 27842033 27842039 27844011 27844016 27844021 27844030 27844033 27844039 27844057 27855005 27859022 27865038 27868026 27869017 27869026 27875015 27877018 27884003 27885002 27885014 27886013 27889009 27891018 27891028 27892003 27894006 27894010 27895013 27895020 27895030 27895035 27896010 27896024 27898016 27899009 27900003 27902010 27904014 27906002 27906023 27906037 27906042 27909020 27910002 27910007 27910016 27914017 27915022 27915043 27917018 27917023 27918009 27921003 27923003 27923062 27925004 27925010 27925024 27927010 27927016 27927025 27927030 27927034 27927048 27927052 27928033 27931009 27951039 27952030 27953002 27953006 27953014 27954006 27955007 27955013 27955020 27955027 27956007 27956024 27957010 27957014 27957018 27958007 27958033 27958039 27959017 27959022 27960003 27960021 27961018 27961022 27963002 27963020 27964043 27966015 27970009 27971019 27973026 27975012 27975028 27977011 27977014 27977024 27977029 27977032 27978003 27978013 27978018 27978026 27978036 27982015 27990003 27990034 27990039 28005003 28005008 28005012 28005015 28006003 28007003 28008007 28009002 28011018 28015013 28017018 28017049 28022018 28022036 28031005 28034072 28035019 28035024 28035032 28039025 28039035 28039044 28065046 28065051 28068018 28068039 28118008 28146002 28147007 28147014 28147023 28159011 28160002 28160011 28160021 28160028 28160034 28160040 28160043 28160048 28161002 28161018 28178020 28182014 28186019 28186029 28186038 28187011 28187020 28188003 28188009 28188022 28188027 28190022 28191006 28191015 28192002 28192018 28192023 28192027 28203008 28203015 28203022 28203036 28204005 28204008 28206009 28207007 28207026 28207034 28209032 28213020 28214019 28216005 28216013 28217013 28217018 28217031 28218017 28218023 28218028 28219009 28219013 28219020 28220003 28220007 28220013 28221013 28221021 28224020 28225003 28225021 28228007 28230006 28230010 28232024 28233009 28233016 28233026 28234052 28235045 28235049 28237008 28237015 28238012 28238047 28241011 28241026 28242016 28260020 28261010 28274035 28274042 28313014 28325020 28331005 28331013 28332016 28341002 28341012 28341028 28342010 28344009 28344026 28344032 28344036 28351017 28352018 28353017 28354011 28355018 28355028 28363024 28365044 28376020 28380013 28384010 28384017 28387032 28387039 28403017 28403024 28430029 28452010 28453036 28457020 28465026 28465034 28467019 28467035 28498002 28500002 28502049 28516023 28524042 28535027 28535045 28535051 28535058 28540022 28543003 28553024 28554014 28561030 28561054 28562002 28562026 28563018 28563044 28569023 28569028 28570007 28571002 28572009 28572022 28573009 28573017 28574022 28575015 28576012 28577014 28577020 28578011 28578016 28579005 28586005 28586015 28588018 28595006 28600014 28601028 28663028 28663036 28664002 28674060 28682012 28682017 28682023 28700042 28702028 28702035 28707020 28707026 28713010 28713014 28714003 28714010 28714015 28724026 28725008 28725017 28754018 28781015 28792010 28792015 28792023 28793020 28793025 28794012 28795002 28795011 28796010 28796024 28827021 28845002 28856003 28856013 28856019 28857006 28857019 28863014 28864009 28864018 28864021 28893031 28915030 28915036 28915042 28915045 28916005 28916016 28935002 28935016 28935028 28936006 28936010 28937003 28937012 28937016 28938002 28938012 28938017 28946037 28946045 28946052 28956027 28957009 28957019 28959022 28959052 28960039 28961008 28961023 28962009 28970022 28970038 28970049 28971003 28971011 28973019 28974026 28977017 28977022 28983002 28984029 28984031 28984039 28984043 29002025 29003009 29004005 29005020 29005032 29012005 29012015 29012024 29013007 29013024 29040011 29044041 29046055 29081002 29082003 29086009 29086025 29086041 29087011 29088025 29091026 29091038 29091051 29092004 29094039 29094045 29095020 29096007 29111021 29125029 29149013 29149017 29149030 29185014 29186003 29201011 29201022 29201028 29202002 29202013 29202020 29202024 29228029 29233009 29233043 29241026 29241042 29244024 29246014 29258010 29260022 29284027 29287024 29287030 29291003 29291008 29291018 29291024 29291030 29291037 29292002 29292010 29317006 29342018 29342023 29377007 29378002 29378008 29378015 29379012 29379018 29379023 29390021 29403002 29407037 29407050 29424014 29425013 29441010 29441015 29441024 29441027 29446040 29465009 29494020 29496018 29497008 29497012 29497017 29497023 29510020 29510031 29529047 29537012 29539015 29540023 29540035 29554022 29554037 29556015 29563063 29570021 29571002 29585041 29586025 29586033 29587003 29587036 29587043 29618034 29621014 29625017 29628011 29634023 29635003 29635012 29672013 29672019 29672036 29673011 29673014 29685022 29685037 29690020 29690024 29691012 29691018 29691024 29700044 29701003 29701007 29702026 29704002 29704009 29704015 29704021 29716025 29717003 29717022 29723017 29724016 29729015 29741002 29742003 29742012 29742020 29743003 29743011 29745018 29749020 29750008 29751002 29751024 29761021 29762022 29768013 29768022 29768027 29768038 29771007 29771010 29775018 29776003 29776012 29777005 29777019 29781020 29784012 29790010 29791015 29791023 29791028 29791034 29794007 29794016 29799026 29799034 29806012 29806021 29807003 29808008 29808017 29810008 29810021 29826017 29838019 29842019 29845012 29846002 29846014 29850029 29853018 29853025 29854004 29854015 29854019 29856017 29857002 29858002 29858010 29860004 29862015 29862020 29862027 29863003 29863009 29867014 29867020 29873016 29873026 29873030 29873033 29874018 29874022 29874032 29875002 29875008 29887028 29894038 29902027 29903010 29903017 29903023 29904002 29904007 29905003 29906016 29906020 29908030 29909002 29909004 29909014 29909018 29909026 29911003 29911010 29911018 29912010 29912024 29912039 29913003 29913015 29915005 29915009 29917026 29918014 29925007 29926003 29926007 29926020 29926025 29937014 29938015 29967041 29978012 29978026 29981030 29982009 29988037 29989008 29989015 29989023 29989034 29990027 29992019 30004016 30005019 30006006 30006011 30007007 30011036 30012017 30013022 30014009 30015011 30015016 30017011 30017014 30017024 30017028 30018034 30020010 30021003 30021017 30023010 30026031 30032020 30045013 30049016 30049029 30050002 30050007 30050017 30051005 30051014 30051023 30051026 30070028 30070032 30076033 30088014 30088022 30090035 30092019 30098004 30102013 30102019 30102026 30102034 30102043 30103030 30103036 30103041 30103044 30104002 30104012 30104021 30105006 30105013 30112020 30113043 30119023 30120010 30121054 30135032 30136016 30136023 30137015 30150009 30150032 30150038 30151014 30167018 30172016 30186010 30186029 30186032 30187010 30187019 30188007 30188021 30189005 30189027 30189032 30189043 30196017 30196027 30201025 30202011 30202027 30203014 30204028 30206005 30206011 30206018 30206028 30207009 30208010 30210002 30210016 30210025 30211008 30211010 30212006 30212011 30212014 30213022 30223020 30231019 30231035 30232002 30232019 30232031 30233003 30236017 30238018 30245013 30249019 30249025 30249032 30259014 30259017 30259025 30259031 30259041 30259045 30259056 30294022 30301003 30313019 30319034 30319039 30359013 30359027 30361011 30365014 30365024 30366002 30366007 30385013 30386002 30386027 30386048 30387013 30387018 30387035 30387059 30408011 30408013 30408017 30408029 30412013 30412023 30426015 30426031 30426042 30427003 30430023 30432017 30432024 30437019 30441035 30441044 30451018 30451026 30452004 30452010 30453019 30464034 30466015 30466022 30466028 30468019 30469006 30469017 30501023 30502031 30502043 30502051 30502056 30502063 30502070 30503016 30504004 30504015 30504021 30504029 30504036 30504043 30505020 30506035 30509029 30510016 30511006 30511024 30513009 30513021 30513035 30513043 30513054 30513058 30514007 30514011 30514017 30514022 30514033 30514037 30514047 30514053 30514057 30515002 30515011 30515030 30515034 30515040 30516003 30516011 30516015 30516036 30518023 30519002 30519006 30519011 30519014 30520008 30520011 30522016 30522029 30523004 30526019 30526021 30528002 30539043 30539053 30570017 30570027 30570035 30570042 30570055 30577010 30604018 30605023 30605029 30609014 30609017 30632012 30641048 30641054 30653011 30656029 30665002 30665014 30665019 30665023 30666009 30666014 30669047 30669067 30677017 30677032 30677035 30677050 30678033 30679010 30679013 30679017 30679037 30679044 30680023 30680032 30681006 30681010 30681013 30683007 30683013 30683015 30683035 30684003 30684005 30684013 30684017 30684021 30684030 30685008 30685016 30685031 30685044 30686012 30686018 30686021 30687015 30688015 30688019 30689002 30689013 30689020 30689024 30689029 30691002 30691019 30691027 30692002 30692010 30696013 30696032 30696039 30705017 30720058 30727028 30727040 30732042 30734023 30740036 30744002 30744027 30746002 30751017 30751028 30752002 30752013 30752034 30756025 30756031 30766007 30768002 30773024 30773033 30779003 30779029 30779034 30785005 30788018 30788027 30789002 30790006 30790014 30791014 30792003 30792007 30802041 30803023 30803029 30804002 30804026 30805003 30805012 30805021 30805032 30805037 30810009 30811007 30811011 30811019 30812015 30815007 30815019 30815021 30815030 30816007 30820024 30820037 30820051 30821007 30823002 30824011 30824023 30825021 30825030 30825036 30826004 30826036 30826040 30827002 30827019 30828015 30828021 30828038 30830006 30830016 30834004 30840032 30841032 30845002 30845014 30846007 30846013 30847007 30847013 30847018 30847027 30848014 30848022 30849003 30849011 30850003 30850011 30851003 30852003 30852007 30856008 30860009 30860013 30860015 30860026 30861015 30861019 30862002 30862008 30875023 30876014 30883011 30885028 30886024 30886036 30889003 30889014 30890003 30903025 30903027 30903031 30913003 30913019 30913026 30916011 30923021 30925023 30925029 30928018 30928027 30930016 30930036 30931002 30931018 30931033 30932004 30932011 30937022 30938006 30938020 30938024 30940031 30940041 30940045 30949018 30949034 30949051 30950003 30953018 30953027 30953034 30954015 30955018 30961002 30961023 30961031 30964009 30964025 30964033 30965025 30966004 30966016 30966019 30966027 30969002 30969025 30976021 30985035 30986006 30987024 30988017 30989013 30989021 30990002 30992009 30992017 30992027 30993009 30993021 30993025 30997023 31003021 31004002 31004012 31005027 31006008 31009018 31009026 31012006 31012017 31013003 31013009 31013014 31017026 31022005 31022030 31024024 31033022 31037015 31039005 31039024 31043009 31043030 31043033 31043042 31043051 31043064 31043067 31045017 31045029 31045031 31045046 31047024 31048003 31048028 31049007 31049029 31051044 31052037 31057027 31057030 31057040 31057044 31058009 31078020 31085010 31086002 31086024 31086027 31095011 31096028
siren|2|26108009 30899022
sirẹewe|2|23687017 24658007
sitori|1|27619013
sitorine|1|29406009
siạ|223|23219021 23606017 23760026 24029024 24031024 24070012 24140018 24433021 24932015 24942005 24943010 25070024 25274030 25404028 25413016 25601008 25618032 25620015 25694010 25694027 25759010 26078022 26093007 26149007 26166019 26186015 26222012 26821015 26883050 26975021 26978008 27068010 27119015 27145008 27154034 27201026 27208012 27211011 27213027 27234038 27288035 27289031 27315008 27346034 27349042 27379033 27450035 27456016 27649027 27650014 27651024 27710028 27711022 27712015 27712024 27718007 27719007 27723009 27726007 27738046 27753019 27753023 27754021 27757018 27788012 27789034 27804018 27821018 27826027 27837024 27838016 27845009 27845017 27853025 27879019 27880005 27881030 27936009 28000023 28099020 28102018 28103011 28105014 28105031 28110019 28113018 28116038 28116044 28116056 28119017 28157029 28175007 28176030 28213024 28249008 28307031 28319023 28341008 28350009 28375011 28379014 28437002 28450014 28480014 28528027 28544006 28556029 28556041 28558023 28559009 28559028 28603013 28669010 28727009 28729023 28751014 28783025 28817026 28961014 28997018 29000024 29007014 29022026 29024018 29030029 29034015 29034027 29036029 29038039 29054041 29070019 29070031 29073011 29073018 29074007 29084012 29088018 29090022 29091023 29105004 29145011 29147035 29153015 29203033 29206010 29254018 29255010 29259007 29259023 29265015 29369034 29374013 29376003 29378023 29379027 29383003 29392008 29404015 29404034 29407065 29417016 29417030 29419022 29434031 29439008 29444030 29453038 29456009 29459017 29461020 29495022 29708008 29709013 29711015 29713019 29822030 29825014 29828012 29865007 29865019 29865039 29879023 29885011 29887014 29888007 29889021 29896016 29946015 29946020 29952021 29955030 29958028 29961030 30248023 30261005 30261027 30312024 30494023 30662018 30663006 30668023 30710014 30715023 30770027 30785009 30824009 30825016 30870015 30871023 30979015 30983006 31027006 31028016 31028021 31059025 31064008 31064014 31064025 31082006 31087006 31089032 31090007 31090012
slompretě|4|28687005 28771013 28771023 30232005
smimbang|1|23217003
soa|219|23176011 23176015 23186039 23193006 23215008 23235026 23379006 23389007 23415006 23415009 23429005 23432005 23433020 23441006 23441011 23461029 23480008 23480020 23515034 23633022 23837020 23844011 23845006 23953045 23953048 24073006 24207015 24249003 24251019 24254015 24261020 24261030 24297017 24379011 24387016 24418019 24441022 24524013 24527013 24635023 24643003 24643016 24660009 24768012 24771009 24848024 24920019 24933010 25093011 25106009 25107019 25120007 25125029 25208008 25208020 25208034 25233003 25247010 25250009 25273019 25280019 25285021 25306014 25307013 25308008 25365022 25372006 25373006 25374007 25376016 25541012 25575028 25577014 25691005 25692002 25733011 25734002 25746003 25749024 25751011 25773009 25773014 25847015 25848018 25848021 25848027 25848033 25875010 25904004 25955007 25962027 26005013 26020006 26041020 26042010 26162005 26164009 26185013 26187007 26196006 26203019 26578023 26579012 26582013 26846018 27050024 27076008 27120013 27123022 27175007 27186002 27187005 27202030 27217025 27220008 27223009 27241014 27242021 27348019 27407009 27413005 27419003 27421016 27421022 27428007 27428018 27434040 27435019 27437003 27437054 27441012 27443002 27446008 27464021 27479027 27488002 27496007 27497013 27523026 27529027 27530032 27532015 27534007 27538024 27540018 27568019 27610004 27615033 27621004 27621028 27627007 27650008 27670037 27694018 27695003 27704012 27782029 27820027 27835027 28360026 28751024 28785008 28988013 29016030 29022022 29375009 29376012 29465005 29898025 30183006 30187014 30188002 30189008 30189014 30189039 30254012 30351017 30507014 30680009 30875026 30881011 30881021 30886011 30947007 30974010 30977032 30994007 31003017 31004018 31009009 31010008 31012014 31012023 31012026 31013025 31014005 31018007 31021015 31048016 31056006 31064026 31064029 31066005 31068002 31069014 31070016 31072002 31073004 31075018 31076009 31078023 31079003 31080012 31083004 31084003 31084027 31095021 31096034 31100033
soam|4|23171005 23175006 24642009 31015026
soan|43|23270020 23423024 23433013 23611027 23655012 23880024 24409012 24488015 24977009 24985005 25087033 25093019 25095007 25108012 25164042 25207009 25312029 25377024 25436009 26364038 26371022 27121006 27146023 27182006 27185005 27228023 27259008 27313006 27498015 27560012 27621025 27633013 27704010 27864024 27912006 27913012 27913032 30235012 30507005 30680004 30759029 30974019 31004022
soan'E|2|23381013 26056005
soane|6|24464012 25088012 26201012 26554010 29016027 31072009
soang|19|23374008 23441028 23686007 24221008 24237008 24635006 24642002 25375003 25545026 25986009 26097009 26107015 27162023 27504030 27530049 27547007 27863022 28332029 29157015
soanu|1|28328005
sol᷊o|26|23250005 23250007 23250016 23305004 23306012 23510007 24345011 24345028 25262004 25262019 25439005 25439015 25442021 25597020 26246006 27513005 30108016 30499031 30710021 30711004 30718015 30718029 30719023 30877011 31017008 31086006
sol᷊om|1|25440004
sol᷊on|4|24012006 24016007 27435024 30965008
sol᷊one|4|24010020 24013006 27635013 31077021
sol᷊ong|579|23225007 23379005 23441010 23467022 23469006 23594004 23617023 23626016 23627018 23635011 23655009 23694016 23695008 23702016 23715009 23728012 23743010 23764014 23829002 23844013 23845005 23850006 23856015 23860046 23861015 23864010 23878013 23878016 23882011 23886016 23889008 23961006 23974011 23985016 24001030 24009009 24017016 24023019 24073005 24085014 24087013 24112008 24161020 24188004 24196005 24203027 24206020 24207014 24212006 24228010 24230009 24245012 24248019 24251014 24254013 24260009 24262008 24274005 24290005 24296007 24297026 24302006 24309006 24359016 24386005 24409011 24433007 24439029 24440008 24449015 24453013 24454010 24463016 24488011 24489019 24495013 24498007 24511012 24514015 24525005 24527012 24528007 24541015 24590011 24621007 24643002 24652030 24668005 24675065 24676012 24680025 24721006 24732031 24752009 24765014 24768011 24769001 24771008 24781014 24783013 24823025 24843006 24847019 24848023 24876015 24881020 24886022 24893011 24903015 24910008 24917016 24920017 24921004 24933009 24934005 24950015 24978010 24989009 24989023 24994006 24996020 25013020 25015007 25019013 25025009 25033005 25065025 25069006 25073005 25078007 25080006 25090011 25090019 25095006 25104010 25106013 25107028 25112015 25119009 25126022 25202031 25207008 25215004 25216007 25218007 25220022 25250004 25265010 25268015 25272009 25275049 25279025 25281012 25312028 25318014 25353008 25353015 25355019 25358007 25364014 25371028 25374015 25379013 25394009 25402026 25411014 25518036 25541005 25550019 25575022 25577005 25602019 25604015 25607006 25609006 25703008 25704008 25744009 25848011 26043009 26064012 26087006 26088007 26108006 26109012 26129022 26143009 26147004 26160020 26164008 26171031 26185012 26187011 26200010 26203006 26204018 26212013 26218022 26244006 26259007 26261004 26273022 26274010 26282026 26320013 26326010 26330015 26332019 26337007 26339008 26362024 26364017 26364032 26382007 26383006 26384013 26396023 26396036 26454025 26485028 26522006 26531015 26562010 26565012 26570007 26578022 26579017 26582010 26590016 26599007 26601005 26613020 26616035 26667005 26681032 26697032 26732007 26732021 26734041 26737012 26744051 26755023 26761008 26773006 26778015 26787013 26789006 26801028 26802026 26810012 26814013 26814023 26815007 26835007 26843008 26869013 26871011 26874011 26879020 26882007 26884010 26885017 26885023 26885038 26917020 26917046 26919006 26926007 26926014 26933009 26935025 26936008 26937007 26937015 26945040 26945052 26984006 26998009 26999028 27000012 27005019 27016015 27023013 27046010 27079018 27081015 27119025 27120012 27121012 27121025 27129026 27131022 27132006 27133008 27147013 27149029 27151037 27156024 27160040 27172011 27182005 27191026 27202018 27203014 27203021 27204016 27204039 27218016 27219006 27219037 27220003 27228010 27234007 27237007 27238037 27243004 27244011 27247015 27247020 27255033 27256016 27265004 27268014 27271013 27276013 27280005 27287009 27310006 27311009 27314005 27318016 27319014 27320027 27321022 27327024 27328016 27330019 27333006 27334011 27335012 27348018 27350009 27367015 27367022 27376010 27376024 27377009 27394024 27414022 27421010 27426025 27429023 27430042 27434038 27435018 27436022 27436026 27436029 27440015 27441007 27445028 27446014 27465022 27467013 27468021 27470009 27473009 27482022 27485005 27485009 27490024 27491011 27491023 27492009 27493030 27494013 27495011 27495016 27496005 27497007 27500007 27503027 27513010 27518009 27519012 27521053 27524010 27526006 27530024 27534014 27534024 27538013 27539005 27539014 27543007 27559010 27560029 27564053 27576032 27577014 27580009 27584025 27585010 27595055 27598013 27607010 27608018 27615031 27619021 27623007 27629028 27630014 27638007 27639010 27640006 27640012 27640035 27641017 27643027 27644008 27648024 27649014 27665026 27666043 27669038 27671021 27672008 27677026 27680018 27681016 27695023 27697020 27700007 27703026 27710057 27722004 27726018 27731007 27732006 27745039 27749004 27751016 27752016 27753007 27753030 27754011 27758042 27763019 27766022 27767020 27771017 27772006 27781018 27798012 27800015 27802010 27803016 27806020 27817024 27818035 27822038 27823013 27836017 27841025 27857008 27858021 27862011 27863042 27899027 27900026 27914022 27923018 27926008 28235061 28372007 28453013 28469008 28474008 28780026 28783028 28788019 28817012 28817029 28824018 28838032 28874026 28958016 28960013 28961017 28966022 29025016 29026012 29074027 29075030 29281011 29282014 29411014 29415018 29420012 29494035 29551004 29569011 29659012 29700024 29724007 29881018 29881024 29881031 29883006 29936013 29954019 29961032 29970009 30029027 30048012 30065006 30091036 30114019 30178014 30181019 30181037 30188025 30215006 30215023 30253015 30255009 30261029 30265025 30300020 30351016 30443034 30447004 30456006 30562024 30594015 30613014 30696004 30697017 30699042 30710005 30723034 30728023 30770037 30783025 30784020 30786051 30807006 30828022 30833015 30835016 30836018 30842016 30844011 30867015 30871006 30885021 30885033 30896013 30898007 30901005 30904023 30906015 30922021 30931024 30946021 30969016 30972008 30979016 30984030 31015018 31027013 31038054 31042008 31049010 31054014 31064015 31078021 31080010 31097009
sol᷊onu|1|25495012
solọ|1|25556009
soma|6|23230005 23231023 23587009 23588002 26907010 26910011
somahě|1|24456012
somang|2|25114013 26905007
sombang|1|29016015
somạ|7|24234006 24235029 25110023 25112021 25113033 26905020 26910035
songe|1|23648027
sordado|44|23355028 23356009 23359008 24157018 24184002 24184005 24207009 24208015 24211002 24843005 24866002 24866016 24871017 24872005 25040003 25199004 25200018 25200021 25202017 25204016 25204027 25206010 25972002 25983003 26828002 26849003 26850002 26850051 26858003 26860013 27267020 27344021 27356008 27697010 27734006 27745026 27758017 27887011 27888004 27898002 27916021 28548003 29022019 29832002
sordadom|1|24157004
sordadone|4|25585005 25585015 25947005 27697035
sordadong|7|23351011 24195005 25198004 26789013 26798003 27857025 29831010
sorga|131|23247020 23293010 23303006 23483008 23692023 23692035 23746013 23746025 23784030 23903024 23941008 23994011 24198011 24214012 24610034 24699022 24750015 24893012 24989010 25170030 25332017 25353009 25379014 25384024 25493024 25596005 25643017 25711029 25770018 26043010 26133022 26134006 26289026 26290021 26291016 26296006 26299021 26300028 26308009 26309007 26316007 26926008 26926015 26933010 26935026 26945053 26984007 27018006 27173008 27276014 27318017 27949002 28195035 28766018 28767016 28767026 28768028 28772024 28773021 28879029 28880025 28882052 29025020 29066031 29158004 29210019 29217009 29227018 29236024 29267007 29347043 29436017 29442007 29471017 29482011 29486025 29519019 29544029 29571014 29620025 29657029 29748045 30064033 30094023 30098018 30129011 30129018 30130026 30189016 30222033 30235022 30236022 30238049 30284011 30335007 30379019 30387049 30447005 30498011 30511036 30759038 30770013 30771013 30783004 30829015 30863011 30866016 30870009 30885016 30885034 30886042 30888013 30892006 30899003 30900016 30902007 30902064 30904004 30915022 30940006 30944016 30966009 30995010 30998007 31014002 31019012 31029005 31032004 31040009 31056014 31064033
sorodado|1|31036008
sowa|1|29775002
stadion|2|27617027 27618006
stadiongu|1|27615032
su|5579|23157006 23162011 23162020 23162026 23162033 23162043 23164017 23164024 23165038 23168018 23171004 23171007 23171010 23171029 23172004 23172008 23173029 23175008 23176003 23176016 23179016 23179035 23181004 23182009 23183014 23184005 23186035 23189005 23189010 23189021 23192018 23192035 23193005 23194008 23194011 23196008 23196017 23198017 23199013 23200008 23203022 23205014 23205021 23207026 23208008 23211015 23212004 23212010 23215015 23216017 23217005 23219004 23223007 23223009 23223013 23225005 23225009 23226004 23226013 23228005 23228030 23230008 23231029 23233011 23234007 23234015 23235008 23235027 23236012 23236021 23238010 23244006 23247019 23249008 23250018 23251006 23251020 23253015 23254023 23254028 23254044 23255020 23256004 23257011 23257016 23257025 23257033 23258012 23259009 23259027 23260007 23260019 23260030 23260034 23260042 23263024 23264026 23265026 23268004 23268023 23269013 23270003 23270013 23275008 23280009 23282007 23283003 23284009 23284030 23285007 23285026 23285030 23286009 23287012 23288014 23288018 23289008 23290008 23292009 23293005 23293009 23294004 23295010 23297013 23298013 23306013 23307016 23307025 23307028 23309016 23309021 23310006 23311011 23312016 23313002 23315015 23316011 23319022 23320007 23320016 23321004 23321021 23322007 23323005 23323021 23328013 23328021 23329002 23332002 23338021 23339002 23339009 23341016 23342022 23343021 23348006 23348012 23350014 23350035 23351006 23352008 23354015 23355007 23355012 23355020 23355038 23356020 23357021 23358014 23358017 23359005 23362014 23364019 23369005 23370007 23374004 23374007 23377020 23378016 23379012 23379015 23381005 23381012 23382008 23382011 23382026 23383005 23386008 23386022 23388019 23389017 23390006 23391010 23394010 23395006 23395011 23395028 23395038 23396006 23397007 23397030 23398006 23398023 23400011 23403006 23405011 23406005 23408005 23411010 23412014 23413027 23415020 23417005 23418003 23419009 23426010 23430005 23431003 23433003 23433011 23434008 23435018 23436005 23436028 23437008 23437035 23438003 23438015 23438018 23441005 23445006 23445009 23445014 23446024 23447015 23447017 23448003 23450006 23450013 23450016 23451006 23451015 23451018 23452008 23461009 23461027 23463007 23465010 23465027 23467013 23468020 23471016 23476016 23481021 23481042 23482003 23483020 23483035 23484003 23485031 23488002 23491003 23492023 23494005 23494017 23495008 23495020 23498007 23499008 23500024 23501014 23501020 23502017 23503006 23506008 23508012 23508025 23509010 23512003 23513017 23515047 23516003 23518023 23519004 23522034 23526004 23530009 23530024 23534010 23535022 23535042 23536006 23536020 23537021 23539006 23540006 23542014 23542022 23544007 23545004 23547005 23548006 23548026 23555037 23556010 23557008 23559004 23559027 23560004 23561006 23562004 23562027 23563005 23563034 23564007 23564029 23565013 23567005 23567019 23570010 23570027 23571007 23571026 23572031 23573008 23573029 23574005 23576010 23576027 23580007 23580012 23582006 23583012 23584015 23584024 23587008 23587011 23588023 23589003 23590008 23594013 23594016 23597021 23597026 23597030 23600006 23604014 23606024 23607016 23609009 23609014 23612021 23613029 23617008 23617027 23617041 23617045 23618016 23619003 23619010 23621008 23622009 23623016 23624008 23626018 23627012 23628010 23630007 23631006 23632007 23632013 23633018 23633030 23636023 23639011 23639025 23643018 23645004 23647011 23648025 23651008 23651012 23657026 23660013 23663019 23664004 23664020 23666045 23667015 23669008 23670013 23670026 23670033 23672006 23672014 23673013 23674009 23679008 23680012 23682021 23683011 23684019 23686015 23688002 23690022 23691014 23692017 23692022 23692028 23692034 23694009 23694037 23697006 23699004 23700022 23705005 23705014 23707016 23715020 23716029 23716032 23717006 23719008 23721029 23723007 23723022 23724006 23725008 23726018 23726028 23729018 23730009 23732016 23734025 23734031 23736031 23737024 23738005 23738022 23738025 23740002 23740029 23741017 23742005 23743006 23744014 23745014 23746006 23746012 23746018 23746024 23747005 23747026 23748013 23749016 23751009 23754004 23754014 23757005 23758014 23759017 23762011 23763013 23763029 23764017 23767009 23770018 23776006 23776011 23777005 23777013 23778006 23779008 23780028 23784020 23784029 23786005 23787016 23789014 23789017 23791016 23791030 23792031 23794024 23795018 23796017 23797011 23800020 23801007 23804009 23805019 23806006 23807014 23808007 23810009 23811014 23812004 23812021 23813010 23814021 23814024 23816018 23816021 23819015 23820007 23823009 23827013 23828008 23829004 23830008 23832002 23832007 23832018 23835010 23835023 23836004 23836007 23836023 23837007 23837019 23838009 23839007 23841010 23841013 23842026 23846006 23846030 23848021 23848035 23848041 23849006 23852025 23853018 23855003 23855007 23855025 23855033 23857007 23859054 23860017 23860041 23865013 23868017 23868025 23869015 23870018 23871005 23874006 23876011 23877037 23884015 23885006 23886005 23886018 23889033 23890018 23894015 23894021 23896012 23899012 23901002 23903023 23909008 23913013 23915002 23917004 23917007 23920005 23920009 23924009 23925004 23925007 23925011 23925014 23925016 23926005 23928006 23928008 23928024 23930004 23935015 23935028 23935030 23937015 23937024 23939008 23939017 23939023 23940006 23940015 23940020 23941023 23942024 23942030 23942052 23943009 23946021 23946026 23947011 23947014 23949010 23953036 23954012 23954035 23955006 23958025 23960031 23960033 23966011 23972012 23973013 23974007 23975003 23976003 23977004 23977010 23978009 23978013 23981002 23981025 23982025 23984012 23984028 23988009 23988016 23988028 23994010 23995010 23996022 23998007 24001012 24002014 24003032 24004002 24005008 24006012 24008006 24017007 24018020 24019028 24023005 24023012 24024030 24027013 24032015 24033026 24033034 24034011 24035024 24035031 24036011 24036014 24037009 24039009 24039012 24040017 24041003 24041008 24042009 24042019 24043008 24043020 24043029 24044002 24044011 24044028 24047021 24047035 24049015 24050008 24050019 24051002 24051011 24052011 24054006 24056007 24056013 24057019 24058014 24060009 24061005 24061007 24061013 24062032 24064011 24066006 24067006 24070028 24072004 24073029 24075013 24077015 24078008 24079010 24081024 24082011 24082015 24084018 24086005 24086021 24088004 24089007 24093004 24094011 24095006 24100008 24100028 24104010 24107004 24107011 24108002 24108023 24109013 24110005 24110031 24111014 24113018 24114016 24116018 24117018 24119021 24119029 24119032 24120028 24121005 24124005 24124007 24125005 24133023 24133026 24135006 24136024 24136028 24139017 24142016 24147016 24149005 24151010 24154024 24154039 24155017 24157010 24159015 24159025 24159030 24160015 24163006 24168013 24168018 24170013 24173004 24178012 24178019 24178025 24181003 24183017 24190009 24190016 24192002 24192004 24193007 24194021 24196013 24196018 24197008 24198018 24201004 24203005 24204017 24206010 24207021 24208014 24211022 24212008 24214011 24214014 24215009 24215018 24219005 24220008 24221026 24225010 24225020 24227018 24229004 24231018 24232005 24232028 24234012 24235025 24236017 24237007 24237011 24237018 24239011 24243011 24244009 24246017 24249007 24251017 24255013 24256004 24256008 24260035 24261019 24261028 24261031 24261044 24262018 24265017 24266012 24267012 24269020 24271009 24271025 24275020 24276005 24276035 24276039 24277027 24279003 24279020 24280006 24281003 24283007 24283030 24284003 24285007 24285028 24286038 24286045 24286053 24286057 24289009 24291029 24292004 24292014 24293018 24294023 24297009 24297018 24300015 24303010 24313006 24314003 24315002 24316005 24320014 24321026 24325005 24325023 24325028 24325035 24326009 24328006 24329004 24330010 24331008 24332006 24332029 24334012 24336029 24339003 24339033 24340005 24341006 24342004 24343015 24343026 24344005 24344032 24345019 24345030 24350021 24355019 24355027 24356028 24359008 24360006 24360016 24362011 24363009 24364005 24365008 24366008 24366012 24368012 24369004 24369007 24369017 24371019 24376010 24377005 24377012 24378017 24378031 24378039 24379010 24379013 24383006 24383015 24384012 24385008 24387015 24387027 24390013 24392010 24393002 24394009 24395002 24395018 24398008 24398017 24399005 24399022 24403005 24405031 24407012 24410002 24410009 24412015 24416013 24418009 24419006 24421014 24426002 24428012 24429006 24430025 24431005 24433022 24433028 24434029 24435020 24436008 24436012 24439023 24441023 24444014 24445026 24447011 24448017 24449019 24449034 24449038 24451014 24452014 24455009 24455017 24456016 24456031 24457009 24459006 24460002 24461003 24461010 24463014 24463029 24464005 24464009 24464011 24464014 24464023 24465012 24468003 24469012 24470031 24475025 24477009 24479008 24481011 24482021 24488020 24489025 24490020 24490023 24491024 24492007 24494013 24496011 24496016 24496021 24497013 24498014 24504013 24507008 24507020 24507033 24507038 24508013 24509012 24512008 24514009 24515018 24516003 24520008 24521012 24523005 24523014 24524026 24526006 24532034 24533008 24537004 24539008 24539024 24541020 24544006 24544014 24545019 24547005 24548018 24549008 24549021 24551025 24552024 24555013 24557011 24557023 24559006 24559028 24564037 24567006 24567012 24570013 24570026 24572005 24572010 24572016 24572025 24575011 24575022 24577005 24577017 24578018 24579012 24581023 24581030 24582024 24584031 24586029 24589021 24590016 24590028 24595004 24596014 24599006 24599011 24600018 24602008 24603011 24603019 24606019 24610024 24610033 24612013 24614004 24614011 24615015 24616016 24616025 24619015 24619038 24620005 24621012 24621017 24621044 24622015 24622031 24623018 24626012 24626019 24626027 24627029 24628027 24629008 24629011 24629028 24633007 24635005 24635031 24641016 24642008 24642013 24643004 24643015 24645013 24645016 24648002 24648020 24649008 24650005 24650022 24651013 24652005 24652009 24654024 24654035 24655005 24656006 24656013 24656028 24662014 24663005 24664005 24664012 24666013 24666025 24667012 24668013 24675010 24675030 24675057 24679021 24680036 24681007 24682011 24683029 24684009 24687013 24688004 24688035 24688060 24691009 24691015 24692011 24693006 24693028 24693039 24695017 24699021 24700014 24702033 24706006 24707040 24708035 24709002 24710015 24710018 24710027 24711026 24712008 24712022 24713005 24713007 24713012 24715007 24715019 24717021 24720026 24721011 24721027 24722012 24726015 24726034 24727021 24727050 24728010 24729008 24729032 24730015 24732009 24732015 24732027 24733003 24733011 24734003 24735004 24735007 24735013 24736009 24739025 24744002 24744011 24750014 24752029 24755010 24757008 24758006 24758008 24758058 24760010 24760018 24760025 24767010 24769006 24770009 24773014 24774015 24775016 24776010 24777013 24777023 24778013 24778018 24780012 24780018 24782017 24787013 24790008 24791013 24795007 24795032 24796007 24796010 24796032 24804006 24804009 24804028 24808005 24809010 24809019 24811015 24814009 24815006 24815012 24817020 24817029 24819016 24821005 24822006 24823018 24829004 24830010 24831006 24834008 24839006 24843009 24844007 24844021 24846005 24846017 24849004 24854013 24854017 24855007 24855018 24856023 24860005 24863012 24863022 24865003 24866005 24868017 24868029 24873028 24873031 24873036 24876003 24876006 24876009 24877006 24879006 24879011 24881007 24883007 24884010 24886007 24886011 24888039 24889018 24891014 24891021 24892018 24897012 24899007 24899020 24900013 24902002 24902016 24904009 24905015 24909007 24909021 24909026 24911036 24912012 24914006 24915019 24916002 24916037 24917005 24920021 24922014 24923011 24924014 24927008 24928008 24931003 24933011 24933013 24935009 24936014 24937012 24938010 24946011 24959010 24960007 24966005 24971003 24973012 24974009 24974015 24974026 24975002 24975018 24976011 24977003 24977008 24978008 24978012 24980005 24981014 24981026 24982011 24982015 24985004 24986016 24988002 24988005 24988009 24989018 24990016 24993009 24996024 24997002 24997016 24998020 24999002 24999005 25001009 25003016 25006010 25006017 25011010 25012002 25012019 25013022 25016010 25017014 25020012 25022028 25023027 25025021 25027014 25027020 25027030 25027041 25028024 25029005 25029008 25030004 25030015 25032003 25034002 25035025 25038007 25043016 25043025 25044011 25045021 25046013 25048012 25049015 25065009 25066010 25069010 25071011 25072011 25073011 25074002 25075018 25078023 25079004 25080020 25082019 25084012 25084022 25085014 25085019 25087028 25087032 25088011 25089004 25089022 25089032 25090024 25090026 25091003 25091009 25092003 25093027 25095009 25095019 25097002 25099004 25099021 25100007 25101007 25102010 25103005 25104027 25107017 25108007 25108010 25109006 25110009 25111005 25111007 25111024 25112024 25115009 25115014 25115032 25116011 25120006 25120033 25122010 25122016 25122039 25123008 25124007 25125030 25126002 25126027 25127017 25127033 25127036 25128014 25129011 25130017 25132011 25132027 25133006 25134024 25135015 25137010 25138016 25142013 25143013 25144035 25145009 25146006 25148003 25149021 25151004 25151015 25151026 25151031 25152009 25153002 25153010 25154027 25155013 25155023 25156018 25157009 25159002 25159019 25160016 25164017 25164036 25164046 25170003 25170029 25174023 25178006 25180008 25181023 25182022 25182050 25182056 25185002 25186023 25188007 25188015 25189006 25189020 25189038 25191006 25194011 25195012 25197007 25197014 25200006 25202022 25202039 25204006 25204010 25204020 25204025 25204037 25205011 25206007 25212021 25213009 25215018 25218043 25220013 25221020 25223031 25224006 25228008 25232016 25232021 25233002 25233019 25234005 25235015 25237008 25238023 25240006 25240021 25242018 25244005 25245012 25246005 25246020 25247029 25249007 25250011 25251011 25252004 25252008 25253005 25254006 25254014 25259003 25259010 25259024 25259034 25260003 25260020 25260024 25261003 25261015 25266015 25268002 25269013 25271005 25271027 25272014 25273028 25273035 25274011 25276004 25276024 25277015 25278011 25278027 25279012 25280018 25280021 25282010 25283027 25285019 25286004 25287008 25287017 25287028 25288013 25289011 25289023 25293016 25293023 25293036 25294019 25297003 25301007 25302023 25305005 25307008 25308017 25309005 25314035 25314040 25316006 25316013 25316025 25318019 25318036 25318041 25319021 25320014 25323005 25323013 25324030 25325006 25327004 25328017 25332013 25332030 25342005 25345028 25346014 25349016 25350005 25350043 25351012 25352023 25354018 25354021 25355004 25356002 25361005 25364003 25365020 25366018 25368015 25369005 25369012 25371003 25372005 25373005 25373010 25373022 25374006 25375006 25375030 25376002 25377017 25377023 25377047 25378013 25380005 25381031 25384023 25385042 25387005 25390007 25390013 25394029 25398029 25398035 25399011 25400018 25402013 25407007 25410010 25410023 25411003 25412007 25417011 25419013 25419019 25420002 25423019 25423026 25423043 25424003 25430011 25430032 25432024 25434012 25436007 25436022 25439017 25443013 25445021 25447003 25447015 25448025 25448033 25449010 25449013 25449019 25452031 25456017 25457012 25458021 25460002 25460014 25461021 25461026 25463004 25463009 25463017 25465013 25465025 25466004 25467003 25468007 25468023 25469007 25469022 25471011 25472014 25473016 25475002 25477005 25478011 25479005 25481014 25482005 25488004 25491010 25493010 25493023 25497008 25499022 25500013 25501010 25502022 25505008 25506005 25506026 25511011 25514005 25514014 25518007 25518023 25518044 25518049 25519010 25520023 25521014 25523008 25523011 25523013 25523036 25525017 25526006 25528006 25529008 25530009 25530017 25532006 25532010 25533011 25533027 25533036 25535015 25535019 25535030 25537016 25538011 25538028 25539014 25540012 25540017 25544015 25545022 25545025 25547017 25547034 25548015 25550010 25551006 25551025 25552020 25553036 25554031 25555009 25556003 25557004 25557026 25559019 25559021 25559033 25562005 25562011 25564010 25564024 25564034 25566005 25568020 25570005 25571012 25572013 25575009 25575018 25575027 25577012 25580005 25580015 25580017 25585008 25585019 25589006 25593028 25594016 25596004 25601011 25601023 25602030 25603008 25604007 25606011 25607014 25610010 25611019 25611023 25614005 25615017 25616024 25617010 25618009 25620010 25622004 25623020 25625013 25626011 25626021 25627005 25628006 25628020 25629032 25630030 25631004 25631011 25631020 25631028 25632003 25632020 25633003 25634005 25634021 25634034 25634039 25635020 25636013 25636031 25636036 25641006 25643012 25643016 25644012 25645013 25645021 25647003 25649018 25650024 25653004 25654006 25654013 25656012 25656015 25657005 25658017 25658026 25664004 25664013 25666012 25667016 25668002 25670010 25671005 25674006 25676004 25676020 25678011 25679017 25680002 25681008 25682004 25683006 25683017 25683024 25684005 25686007 25688004 25697021 25698009 25703005 25704030 25705010 25705018 25707008 25711018 25711028 25714004 25714011 25716006 25716011 25719009 25719013 25721005 25722010 25724012 25728004 25732017 25733005 25736011 25737005 25737023 25739016 25740003 25740019 25743016 25743034 25747009 25749009 25752012 25753025 25754033 25755010 25755013 25756018 25759024 25760011 25761007 25767020 25767028 25768015 25770007 25770011 25770017 25775005 25776020 25777004 25777011 25779005 25781003 25781014 25781017 25789004 25789021 25794016 25795027 25796015 25798005 25799024 25800035 25801038 25802010 25802018 25805010 25805016 25806003 25808033 25811005 25815011 25818015 25822006 25822014 25822017 25825011 25826003 25826017 25826024 25826026 25826028 25826031 25828015 25832017 25833019 25838022 25839017 25841003 25848006 25848016 25848031 25849019 25850005 25850010 25852002 25852006 25853011 25854009 25861025 25862009 25862012 25863017 25864004 25864007 25865007 25875009 25876003 25877010 25879014 25881018 25882014 25885024 25888008 25891011 25892010 25892027 25895008 25895018 25895030 25898008 25902019 25902024 25907019 25909017 25910008 25917006 25918008 25918024 25919008 25921009 25925007 25931019 25934010 25938027 25940007 25940012 25940022 25941014 25943008 25943024 25950021 25951015 25960010 25962026 25966008 25966015 25967003 25967019 25969003 25969019 25969025 25976007 25979013 25981003 25986011 25986042 25989021 25989026 25991027 25992028 25995005 25998018 25998023 25999007 25999014 26002007 26005021 26009009 26010016 26011010 26019009 26022013 26024005 26024015 26027022 26030012 26035008 26036030 26038026 26039003 26039011 26041019 26045006 26047002 26049011 26050004 26054008 26055003 26056004 26064003 26068015 26071010 26073005 26073007 26074009 26077020 26078034 26080006 26090020 26093011 26093031 26095017 26096021 26097008 26097011 26098008 26099009 26101007 26102023 26103004 26104014 26105035 26107014 26107017 26110004 26112006 26114017 26114025 26115008 26116010 26116021 26117004 26118025 26118028 26118034 26119006 26119008 26123006 26125013 26125021 26126024 26131008 26134005 26134014 26135008 26135011 26137006 26139022 26140011 26141012 26142011 26144012 26144025 26146010 26147017 26147039 26152007 26152035 26153016 26154004 26156004 26157005 26157020 26162007 26162020 26163014 26171026 26177008 26177018 26178016 26178022 26182004 26184028 26184040 26189014 26195005 26196009 26198007 26199004 26200005 26201011 26202002 26202021 26202023 26203008 26203010 26203033 26204030 26205005 26207015 26208006 26210009 26210032 26211010 26215008 26215019 26216013 26218009 26218012 26220002 26220021 26221009 26225009 26226007 26227015 26232020 26233014 26238005 26249005 26251007 26253013 26255011 26256007 26258007 26263016 26265009 26268017 26268026 26269010 26269020 26270007 26271007 26272021 26275022 26277017 26279011 26279014 26280007 26280029 26283009 26286015 26289009 26289015 26291023 26293016 26295011 26295020 26297029 26298027 26299007 26302005 26302017 26302026 26303029 26307007 26308004 26309029 26312017 26317011 26317014 26323019 26325006 26330006 26330009 26336020 26338006 26338016 26339019 26340007 26342007 26343006 26347028 26350008 26351027 26352029 26353010 26355008 26357007 26362004 26362007 26363019 26363021 26364009 26364037 26365023 26365027 26366014 26366026 26367009 26368020 26379016 26379023 26381013 26384006 26386003 26387023 26387028 26388027 26389028 26390010 26391033 26392007 26394006 26394023 26402008 26402013 26402016 26403025 26406012 26406023 26408022 26413006 26417007 26426018 26430005 26434007 26436024 26439006 26439016 26444027 26446004 26447008 26447018 26448007 26452013 26452021 26452029 26456005 26456021 26457044 26458006 26458012 26463038 26466019 26472015 26473002 26475027 26476013 26476029 26479010 26480006 26483008 26485013 26485020 26486010 26498011 26504002 26505005 26505008 26506008 26507020 26508010 26516008 26517007 26517022 26522011 26523004 26524006 26525006 26526010 26526019 26527005 26531008 26533005 26533014 26537011 26540007 26541007 26541017 26544022 26545004 26545013 26548013 26548020 26550017 26551007 26551017 26554014 26555007 26556006 26556019 26556030 26563023 26568035 26569011 26573009 26575018 26578009 26580007 26580010 26580019 26580022 26584014 26584021 26586015 26586020 26590010 26592013 26594020 26595014 26596011 26597033 26598005 26600008 26602026 26603014 26605011 26606004 26606014 26608008 26615029 26616028 26617002 26618011 26621025 26623011 26623034 26624011 26627003 26627020 26629025 26632020 26632029 26634033 26635016 26636007 26639006 26645021 26649023 26653006 26653016 26654007 26655011 26656005 26657011 26657026 26658011 26660020 26664022 26664034 26665011 26667010 26668007 26670013 26674006 26675019 26677006 26682007 26683007 26687014 26689003 26691008 26692019 26695010 26695028 26697017 26698007 26699022 26704020 26706022 26707011 26710014 26710020 26711012 26712007 26713005 26716037 26717009 26725011 26729029 26734026 26735010 26744012 26748036 26750023 26751010 26752008 26753010 26755010 26757020 26758011 26762009 26762019 26763021 26764005 26764009 26765005 26766007 26771005 26771013 26771020 26772058 26773020 26778007 26786028 26787029 26790009 26792021 26797012 26799020 26804016 26805005 26806010 26806017 26806022 26808021 26812021 26816017 26817029 26819005 26822030 26823028 26824020 26825013 26828014 26829005 26830010 26837024 26839018 26839022 26840009 26844014 26844020 26846022 26850006 26850034 26853006 26853023 26854015 26855015 26855027 26857014 26857018 26861005 26862009 26865008 26865012 26872020 26873005 26877012 26879006 26880013 26880022 26880029 26884016 26886007 26887014 26887036 26892020 26893031 26893037 26893048 26894010 26896005 26898012 26898019 26900008 26900011 26901015 26902005 26903010 26905009 26905032 26906036 26907025 26908017 26910007 26910027 26912023 26913011 26919019 26920007 26922005 26926028 26927009 26927017 26928002 26928039 26932023 26932025 26932028 26934007 26934019 26935030 26937017 26939002 26939004 26939015 26940008 26940015 26943005 26943016 26944003 26944023 26944033 26945030 26951012 26953011 26953016 26954013 26955011 26955016 26955023 26956019 26958008 26961030 26964015 26964020 26964039 26965008 26966010 26969008 26969018 26972033 26972049 26973002 26974028 26975015 26976018 26977010 26981036 26983004 26984017 26985002 26988013 26989018 26989031 26991017 26991025 26995015 26996008 26996019 26998002 26998015 26999003 27007014 27007017 27008026 27009030 27009048 27010026 27010033 27010036 27013011 27013032 27013044 27014020 27015012 27017005 27017023 27018005 27018020 27018023 27022042 27024026 27025010 27026010 27027025 27028017 27032005 27033026 27034009 27035002 27035013 27035016 27037015 27039017 27040009 27040031 27042012 27045013 27047015 27050023 27051024 27058005 27058014 27059017 27059029 27062014 27063020 27070010 27070042 27072032 27072035 27074007 27075011 27075016 27078009 27079023 27080003 27080008 27082010 27082030 27083006 27083012 27083031 27083047 27085028 27088034 27092022 27095007 27096023 27097002 27101009 27102005 27102009 27103041 27107007 27107022 27108008 27109013 27109025 27117005 27117011 27119027 27119034 27119040 27121039 27122052 27123017 27123021 27123038 27124027 27125009 27125027 27125058 27127019 27127035 27127040 27128007 27129010 27129028 27130006 27130013 27130025 27131031 27133012 27133025 27134015 27135015 27137002 27137024 27139018 27139021 27140008 27146022 27147004 27147016 27147025 27147028 27151013 27152053 27153023 27153025 27153030 27153038 27154009 27155009 27155020 27158002 27158021 27159014 27159022 27159051 27159055 27160043 27161008 27161016 27162014 27162034 27165006 27165012 27172022 27172026 27173015 27175021 27178013 27178024 27178030 27180033 27181014 27185004 27187004 27191003 27193018 27194009 27198008 27198019 27199010 27201013 27202028 27202031 27204042 27204054 27212021 27217009 27217023 27217030 27219013 27221005 27223008 27225025 27228013 27229002 27229017 27229022 27230015 27230023 27230025 27232026 27232033 27232037 27232041 27234013 27234024 27236011 27238015 27238022 27239030 27241011 27242002 27242014 27244006 27244026 27244044 27244046 27245015 27248003 27248017 27249017 27250017 27252018 27253017 27254018 27254020 27255008 27255013 27255023 27256018 27256040 27259006 27259014 27260009 27260011 27262016 27262032 27263012 27264006 27266005 27266016 27269014 27271016 27282035 27285016 27290014 27290026 27292015 27292025 27293031 27296014 27297008 27299012 27299017 27300002 27300016 27301002 27302010 27303015 27304013 27308008 27309006 27309015 27313005 27313027 27313033 27319003 27319018 27320035 27321016 27323002 27323025 27325010 27325013 27325023 27325028 27325036 27327007 27327018 27327039 27328024 27328029 27329017 27330010 27330012 27331036 27332019 27334027 27334033 27336021 27336036 27337012 27337019 27338017 27341009 27341032 27342007 27342033 27343006 27343020 27344008 27344020 27344035 27345013 27355036 27357039 27358006 27359014 27359021 27361022 27364004 27365005 27368003 27368012 27368025 27371020 27371031 27372017 27375012 27375022 27376012 27377011 27377015 27377022 27379028 27380022 27381008 27381016 27382004 27382011 27383009 27384030 27385039 27387012 27388008 27389015 27390005 27392010 27392025 27394015 27394037 27395016 27396016 27396030 27397022 27398003 27398019 27404017 27405012 27405022 27406040 27412007 27412010 27414008 27414012 27415003 27416010 27416016 27416033 27417023 27420019 27421017 27423002 27426017 27428005 27428030 27430056 27432024 27434010 27434014 27436014 27436031 27437018 27437020 27437048 27437052 27438002 27438027 27440010 27441018 27444007 27444013 27445007 27446002 27446035 27446045 27447007 27450042 27453009 27453017 27462023 27463026 27464014 27464019 27465055 27466028 27469012 27470033 27472012 27475018 27476011 27477010 27478008 27479022 27479025 27481017 27483015 27483021 27485027 27486007 27487023 27488025 27490015 27491004 27493003 27493020 27494019 27494035 27496009 27496016 27497010 27497015 27499032 27499037 27500048 27501026 27502025 27502042 27504007 27504012 27504029 27507011 27508014 27508025 27509013 27513018 27515007 27515019 27516009 27516015 27516020 27517027 27518032 27521005 27521025 27522008 27526031 27529013 27529025 27530031 27531008 27532014 27534006 27535002 27535012 27536006 27537005 27537015 27537022 27538007 27538023 27540009 27541017 27541020 27541025 27543009 27545019 27546006 27546011 27546025 27547038 27548021 27549021 27550028 27550032 27551017 27552014 27554017 27558011 27562002 27562010 27563023 27565010 27565012 27566013 27566030 27568018 27569006 27570021 27572010 27575014 27576008 27576017 27576021 27576047 27577003 27579004 27579025 27580004 27580013 27582012 27584010 27585016 27585019 27585024 27585031 27585048 27585057 27585068 27586013 27586017 27587006 27587028 27588017 27590027 27590035 27591011 27592002 27592025 27593008 27594013 27594016 27596008 27596018 27597008 27599036 27603010 27604007 27604014 27604018 27605018 27605033 27608025 27609002 27609010 27610003 27610034 27612049 27613043 27613046 27615024 27616012 27617013 27617026 27618005 27619035 27624011 27624023 27625020 27626006 27628003 27629013 27629017 27629020 27632012 27633026 27635004 27636010 27636029 27637010 27639006 27640021 27641003 27643008 27643016 27643029 27645034 27646018 27647025 27647030 27648002 27648007 27648030 27650006 27650020 27657025 27658024 27659008 27659023 27660009 27666032 27668011 27668027 27669011 27670040 27671014 27673027 27673039 27676041 27676049 27677013 27681025 27682007 27685032 27685041 27688015 27689028 27690013 27690037 27691022 27691029 27692025 27693015 27693022 27693045 27694017 27694034 27695029 27696015 27699044 27702004 27702011 27703020 27704014 27705013 27705030 27707008 27708013 27708015 27708023 27708034 27708041 27708056 27709027 27710033 27710045 27710049 27712005 27715019 27716018 27717017 27717026 27718010 27720015 27722010 27724013 27725003 27727011 27728014 27729014 27730002 27730015 27735048 27736027 27736030 27737014 27738006 27739003 27740020 27741032 27746008 27746026 27746036 27748004 27750016 27756014 27758020 27758029 27758037 27765021 27768009 27768016 27770034 27772026 27773014 27780023 27780039 27781012 27782016 27782020 27782024 27782027 27784006 27784038 27785009 27786012 27786018 27787005 27787016 27787022 27788013 27788031 27790013 27791010 27795015 27797029 27798006 27801009 27803003 27803022 27805019 27805024 27806025 27807032 27808046 27809014 27810011 27811014 27812005 27812020 27814019 27816007 27818012 27820014 27821024 27822027 27824007 27826008 27826015 27828027 27829034 27830018 27834008 27834028 27835006 27837002 27838007 27838017 27840023 27840039 27842009 27843010 27844006 27844022 27844027 27844045 27844049 27844052 27845010 27846015 27847034 27847040 27850020 27850023 27850035 27850044 27852017 27853010 27856020 27858025 27861008 27861018 27862019 27864017 27866005 27866028 27867006 27867009 27867013 27868006 27868043 27873005 27873024 27873039 27874006 27874014 27879022 27880029 27881018 27882007 27883002 27883012 27884020 27884037 27885010 27886016 27887007 27887012 27887022 27889022 27889028 27891013 27891016 27893003 27893012 27894014 27896012 27897005 27898003 27903011 27904010 27904035 27905011 27908010 27909009 27909014 27910009 27910026 27911026 27912005 27914009 27915005 27915010 27915047 27916008 27916016 27917012 27917034 27917057 27917063 27919016 27919028 27923063 27925037 27927040 27930008 27930010 27932009 27933006 27933015 27937013 27938008 27938029 27939002 27939010 27940004 27941005 27943010 27943020 27944043 27945007 27946019 27947005 27947019 27948027 27948038 27948045 27949008 27950011 27950024 27951037 27957026 27958011 27958028 27968018 27969010 27972010 27972015 27973020 27976025 27977012 27978010 27979004 27983015 27988005 27992028 27994008 27996026 27997041 28000036 28001032 28002003 28011010 28011021 28012017 28012025 28017038 28019021 28020020 28025030 28026009 28028012 28029003 28029012 28032006 28032018 28032045 28034026 28034034 28034055 28035036 28035041 28036027 28036036 28037017 28039010 28039016 28039038 28039047 28041026 28042003 28042023 28047022 28049019 28050005 28051011 28054005 28054015 28056008 28056015 28058002 28059010 28060003 28060017 28060025 28061012 28063044 28065008 28065037 28065054 28066008 28067026 28068013 28068025 28069050 28072006 28073031 28075016 28078024 28080014 28080023 28082010 28082015 28082025 28082042 28083013 28083020 28084016 28084024 28085012 28085042 28086003 28088028 28093018 28094011 28094034 28095008 28096053 28097023 28098009 28098016 28100014 28104010 28110009 28110013 28112006 28115006 28115031 28116024 28116048 28120025 28120034 28121009 28121017 28124019 28124028 28126019 28127006 28128014 28128042 28132019 28134025 28135009 28138002 28139017 28140012 28144019 28144025 28145014 28147031 28151034 28153016 28154003 28155006 28155027 28156004 28156011 28156030 28161026 28167025 28167030 28172008 28172016 28172021 28173002 28173012 28173036 28174007 28176016 28176024 28177013 28181002 28182002 28182006 28183016 28188016 28188030 28189006 28190018 28191010 28191019 28192030 28195002 28195012 28195025 28196007 28197013 28197016 28198016 28201004 28201030 28203017 28205018 28207017 28207029 28208030 28208041 28210020 28212021 28212035 28214013 28217032 28218002 28221033 28223006 28224007 28226008 28226018 28227018 28228030 28228037 28229016 28234031 28234040 28234049 28234053 28236012 28237009 28238022 28241014 28245008 28246019 28247039 28254023 28255011 28256008 28256014 28258005 28258010 28259002 28259024 28260002 28262004 28263016 28265013 28268004 28270010 28270031 28271044 28272008 28274010 28275012 28277010 28280012 28287021 28287043 28292014 28293013 28294019 28294027 28295024 28297011 28303008 28303024 28304037 28305006 28305014 28308004 28308032 28309010 28309020 28311010 28312017 28312022 28317039 28318026 28319002 28319011 28320013 28320037 28322012 28322021 28323024 28324021 28327005 28330004 28330018 28330022 28331023 28332017 28333004 28334026 28335012 28335020 28337007 28338015 28339014 28339020 28342004 28342008 28342024 28347011 28348012 28353004 28353018 28354020 28356009 28356017 28356029 28356035 28357006 28357013 28360009 28362002 28362012 28362033 28362043 28363003 28363013 28363016 28363029 28364008 28364019 28365007 28365031 28368004 28369014 28369020 28370010 28372010 28378010 28380016 28380020 28381028 28382011 28383002 28387013 28387023 28390011 28393009 28395005 28396009 28397031 28400013 28400020 28404009 28405022 28409019 28412036 28423003 28424007 28424015 28425006 28425012 28427020 28430011 28430026 28436010 28439033 28439044 28443014 28443031 28445017 28449023 28453017 28453034 28454007 28460009 28460017 28463021 28469014 28472015 28472021 28474002 28475023 28476028 28477037 28479031 28484023 28487018 28489007 28491010 28491020 28491029 28492005 28492011 28492023 28492029 28493010 28496007 28503022 28503047 28504010 28505014 28505031 28506005 28506028 28509002 28510007 28510022 28512009 28512021 28513002 28514008 28519006 28519026 28520022 28522046 28523045 28524010 28525008 28525037 28528016 28531014 28532009 28533010 28533013 28535034 28538015 28538019 28538046 28540007 28540033 28541027 28546016 28548008 28548019 28553046 28554009 28561034 28561042 28562040 28565006 28566009 28567011 28569013 28569020 28570011 28570015 28573020 28574016 28576019 28576022 28579031 28581010 28581021 28583007 28584009 28584023 28584045 28588004 28588011 28588019 28589025 28589032 28593007 28594002 28595037 28596015 28597022 28598009 28598020 28598031 28600010 28601012 28605005 28605012 28606005 28606009 28606015 28611016 28611023 28612004 28614017 28614019 28616003 28617024 28619005 28619014 28621003 28622002 28624016 28625009 28626019 28628022 28629017 28634013 28635030 28637004 28638017 28642006 28643009 28644006 28644016 28644022 28645010 28645052 28646008 28648032 28653014 28653018 28656008 28656019 28663003 28668021 28668032 28669011 28672007 28672013 28673013 28674039 28678011 28680019 28681036 28682007 28684051 28685005 28688036 28690022 28692012 28693005 28695005 28696005 28696017 28697004 28697012 28698002 28698023 28698026 28699010 28699030 28700019 28700034 28701020 28702005 28704004 28705033 28706005 28707015 28707022 28707028 28709008 28709012 28710031 28712006 28712012 28712017 28713006 28714013 28714016 28714026 28721006 28722004 28722021 28723006 28723013 28724022 28725012 28726011 28729012 28736021 28738008 28738011 28738019 28740020 28743032 28746021 28746031 28747007 28747022 28751023 28751026 28755010 28756004 28757011 28762013 28769019 28771016 28771019 28773024 28773031 28776004 28776015 28778018 28778021 28779027 28785007 28785010 28792019 28792028 28794004 28796003 28796022 28802007 28802013 28804002 28804030 28805033 28806016 28807030 28808010 28809020 28810019 28810025 28811021 28812048 28813018 28814042 28816006 28821011 28821022 28823017 28825007 28826012 28830012 28830017 28830025 28830038 28835006 28835019 28835036 28837005 28839002 28839039 28844013 28845036 28845039 28846011 28846014 28848016 28848021 28849009 28849016 28849034 28849037 28849043 28856016 28862049 28866019 28866036 28867010 28867030 28870008 28870017 28871024 28872004 28872023 28875018 28877031 28879014 28879028 28880019 28880024 28882006 28884020 28885008 28885014 28887012 28887017 28888023 28890038 28900007 28901020 28903002 28905025 28906002 28906023 28910006 28912005 28913008 28919006 28920032 28920036 28922006 28923022 28924048 28924065 28928015 28929034 28932032 28933010 28934021 28937017 28937021 28938018 28940006 28940013 28940015 28940021 28940026 28940039 28943003 28943008 28943019 28945020 28946034 28949002 28949012 28951016 28953012 28954009 28954014 28956019 28958018 28959015 28959033 28968008 28968034 28969025 28970013 28970027 28970051 28972007 28975008 28975019 28983025 28985021 28985036 28987029 28988011 28988025 28994011 28995006 28996007 28996021 28999002 28999044 29000009 29000013 29002009 29009007 29011011 29014014 29015017 29015025 29015031 29016002 29016007 29016026 29016032 29019012 29022005 29022012 29023002 29023012 29024019 29024023 29025010 29025019 29026045 29030016 29031005 29032027 29032046 29033037 29034041 29036002 29036010 29036016 29036034 29042002 29042014 29043005 29044006 29044046 29045018 29046003 29046020 29046026 29048003 29048028 29049015 29049030 29051005 29054010 29056006 29059007 29063002 29064028 29066005 29067019 29072021 29074016 29075009 29076019 29080007 29083003 29084031 29086013 29089017 29089033 29093005 29093011 29096017 29101006 29102012 29102025 29104020 29109005 29109016 29110015 29111032 29111045 29113005 29113010 29113014 29113028 29114015 29114022 29115006 29116022 29116032 29117013 29117024 29120024 29121007 29121014 29122031 29124024 29124032 29125002 29125011 29125022 29130006 29136002 29136018 29137009 29138016 29141028 29144030 29147007 29147021 29150004 29151018 29151032 29153008 29153024 29155007 29157008 29158003 29159002 29161006 29162005 29164019 29166006 29167007 29167024 29168017 29169032 29169036 29174028 29177006 29182006 29183001 29183004 29183008 29185023 29189015 29190024 29193025 29199013 29199018 29202026 29206012 29208003 29208007 29210002 29210018 29211025 29213002 29217008 29217013 29219008 29220008 29220022 29221015 29221031 29222011 29223006 29226009 29227017 29228032 29228038 29229006 29229013 29230014 29232028 29235002 29236022 29237006 29237023 29240009 29241039 29242026 29242038 29244032 29247026 29250005 29257009 29257021 29261026 29262015 29262024 29266007 29267006 29267010 29269012 29272006 29273010 29273018 29279022 29281025 29282017 29283023 29284007 29286026 29288017 29289002 29290003 29302019 29302028 29305013 29305027 29309021 29311018 29313021 29313031 29314013 29324009 29324019 29325003 29325013 29325017 29327004 29327009 29329009 29329018 29331025 29332014 29339011 29341009 29343009 29343012 29344005 29344014 29347015 29347042 29351012 29352007 29354008 29357007 29359011 29363010 29365008 29366003 29367003 29368020 29369006 29369010 29369036 29369042 29369046 29369049 29371019 29372019 29375008 29376011 29376014 29377023 29379031 29380015 29382015 29382028 29384005 29386012 29387028 29387031 29388007 29389032 29392009 29393034 29394008 29400009 29400014 29402008 29402011 29402015 29404016 29404054 29405005 29407031 29407070 29409009 29409014 29409031 29417002 29417031 29418015 29422017 29424003 29425043 29426006 29426022 29427024 29431015 29431035 29431050 29432027 29435029 29435037 29436015 29440005 29440029 29444015 29446042 29449014 29449024 29455023 29455029 29457007 29458018 29459003 29461048 29462011 29463002 29464003 29465004 29465010 29467008 29467012 29469009 29469023 29469036 29471016 29472006 29475025 29476015 29477015 29478021 29479014 29482010 29482013 29482023 29483020 29485012 29485019 29486002 29486020 29486024 29486034 29488026 29489008 29489013 29489029 29489039 29489043 29492008 29492014 29492023 29493022 29494008 29495025 29496019 29500026 29502003 29504010 29507002 29509016 29510025 29511008 29511015 29513007 29515027 29515036 29519018 29519020 29520008 29521013 29522026 29524009 29525013 29525017 29526022 29530036 29531017 29533012 29533030 29534010 29534042 29535015 29535025 29536008 29540006 29540010 29540013 29540020 29544028 29545007 29552038 29553033 29554017 29555029 29555047 29556016 29558005 29558011 29558014 29558017 29558022 29559012 29563007 29563018 29563057 29563069 29566028 29568012 29569028 29570017 29570032 29573009 29573012 29573021 29577008 29578007 29580030 29583044 29583051 29584012 29584046 29585015 29585036 29587017 29588022 29592021 29593044 29594028 29595037 29597041 29598009 29600011 29600019 29604016 29604023 29608017 29610009 29611013 29614009 29614014 29618029 29621008 29621015 29621022 29622008 29625007 29626010 29627010 29627019 29629008 29630009 29630024 29630049 29632007 29634015 29637018 29637024 29640010 29640024 29645029 29645034 29645041 29649016 29653012 29654032 29655030 29656012 29657022 29660005 29664040 29666012 29666019 29666033 29667010 29668014 29672026 29673018 29675014 29675059 29676030 29683007 29685005 29693009 29693015 29694014 29695017 29696019 29698006 29700011 29700027 29703011 29707001 29708004 29709026 29710024 29712016 29715018 29715027 29716004 29716019 29717018 29718017 29719022 29725006 29726006 29727016 29727019 29734019 29735019 29738016 29739007 29740016 29741009 29743018 29745005 29747022 29748016 29748023 29748039 29748044 29749007 29749023 29752022 29754007 29755009 29756016 29758017 29758029 29760022 29760027 29760035 29761015 29762015 29762023 29763012 29767002 29769016 29769025 29773011 29773022 29774023 29775003 29782003 29783004 29784006 29786006 29786021 29787014 29788007 29796007 29798024 29799003 29800021 29800035 29801028 29801033 29802005 29802014 29802023 29804006 29805014 29806005 29806018 29806024 29807007 29813003 29813023 29813032 29816018 29816025 29820030 29824010 29825007 29825015 29826021 29827004 29828006 29828020 29828026 29830008 29830013 29833005 29838024 29842007 29849024 29850014 29850033 29851003 29852014 29857021 29858013 29860009 29860018 29864024 29865020 29865022 29865025 29869028 29870004 29870028 29871012 29872007 29872033 29875009 29876014 29877012 29878006 29880003 29884013 29884015 29887029 29889023 29890007 29891006 29891014 29894034 29895005 29896009 29898005 29900025 29901008 29902006 29907005 29908006 29908011 29909011 29911020 29911030 29912015 29914011 29916008 29918005 29918010 29921029 29921038 29922012 29925010 29925020 29926026 29927028 29932014 29932021 29934004 29936015 29939016 29941002 29941006 29941010 29943012 29944011 29948018 29948024 29949012 29949017 29949027 29952026 29955052 29959003 29959017 29961009 29962007 29965002 29965011 29965019 29967047 29967050 29968022 29969011 29969019 29970002 29972002 29973006 29974011 29977007 29977014 29977024 29979010 29980005 29980008 29984002 29984005 29986024 29990004 29990024 29991009 29992023 29993010 29995015 29997031 29998004 29998024 30001008 30001022 30003010 30004018 30004025 30005026 30007011 30008008 30009031 30009036 30010007 30010020 30010027 30011006 30011011 30011038 30013014 30013028 30014013 30015020 30016015 30017021 30019009 30020014 30022026 30022035 30024014 30026037 30027022 30028007 30028017 30029009 30030023 30032037 30033015 30038005 30038020 30038035 30043020 30044017 30046008 30046023 30046055 30047002 30047012 30049018 30050025 30051036 30052011 30055028 30058034 30061009 30062027 30063014 30063027 30063037 30063042 30064017 30064025 30064029 30064032 30068008 30074027 30075016 30075022 30076014 30079022 30082002 30085016 30086011 30089017 30090013 30090030 30094018 30094022 30095010 30095014 30096011 30097005 30098016 30098059 30100005 30101025 30101029 30102014 30102029 30103027 30103033 30108005 30108025 30109004 30111025 30112012 30113003 30113017 30113030 30115005 30118004 30118007 30120030 30121055 30125010 30125034 30125042 30127013 30127017 30129010 30129017 30130008 30130025 30131008 30131012 30132012 30134020 30137012 30139003 30139008 30139014 30140007 30140011 30141021 30142018 30142023 30145012 30146026 30147002 30150028 30150035 30153016 30155015 30156013 30157006 30165006 30166011 30168010 30171002 30173018 30179017 30179033 30182009 30182020 30185004 30185028 30185032 30186038 30189015 30194018 30194023 30199031 30200012 30201014 30202014 30211013 30211017 30211022 30211026 30214040 30215029 30215037 30215053 30215061 30217002 30221022 30222010 30222032 30223005 30223011 30223017 30224003 30224013 30229012 30235007 30235011 30235021 30236020 30238027 30241008 30241030 30241040 30243006 30244009 30244029 30246009 30246022 30247006 30247013 30251006 30252012 30252020 30252030 30253026 30254009 30256002 30259003 30259032 30263034 30265034 30266005 30266011 30268010 30270011 30270014 30272013 30272028 30278031 30279005 30279015 30284017 30288019 30290017 30294019 30295008 30296014 30297007 30297021 30297027 30297040 30299011 30299018 30299030 30302014 30311008 30312008 30312014 30315018 30315027 30315030 30317011 30319029 30322006 30322017 30326018 30329008 30338014 30339022 30340035 30344024 30345005 30346002 30348005 30352004 30357013 30358029 30364017 30365019 30370003 30374029 30376012 30379018 30380010 30380031 30382011 30382050 30386022 30388010 30388016 30389002 30390005 30392009 30392034 30392045 30394015 30395012 30395024 30396010 30396031 30397006 30404005 30406002 30406019 30409036 30411013 30412034 30413009 30413015 30414003 30418009 30418015 30418022 30423027 30424010 30424012 30425011 30426008 30430006 30430013 30430021 30432011 30440002 30440013 30440016 30444014 30445009 30445013 30445032 30446036 30447014 30448015 30449009 30452011 30453010 30457018 30458026 30463018 30465021 30466024 30467041 30470002 30471006 30471028 30472006 30473006 30475022 30476002 30478053 30479006 30479020 30486032 30487010 30487017 30487023 30490017 30491010 30492007 30492021 30493012 30498018 30499033 30499043 30502060 30505016 30505022 30506006 30506021 30506026 30506047 30507024 30509014 30510036 30511035 30512024 30514042 30516037 30523024 30525005 30526007 30531015 30531027 30532020 30533022 30533033 30535024 30536017 30537026 30537029 30539019 30539044 30547015 30547024 30547028 30548006 30548014 30548025 30549024 30550008 30551029 30552044 30554006 30555024 30556005 30556024 30559014 30560006 30560022 30561010 30561023 30562013 30562019 30565049 30566009 30567003 30572029 30575017 30578049 30579006 30579011 30582051 30584013 30585016 30591018 30594039 30598008 30598022 30599022 30602015 30603012 30604005 30605008 30605045 30606024 30607041 30608018 30616027 30620023 30621015 30621029 30631007 30634004 30635007 30635015 30635023 30639032 30641030 30641085 30644018 30648006 30653007 30653021 30655005 30655015 30656022 30657004 30657013 30662026 30662028 30664008 30664019 30665007 30665009 30666002 30668007 30668016 30673026 30673036 30675013 30676053 30677054 30678004 30679028 30679032 30679045 30680039 30682016 30684022 30685010 30685052 30686004 30686036 30693014 30693032 30694004 30698009 30699027 30701019 30702005 30702009 30702042 30705024 30707014 30707020 30707032 30707039 30708021 30709012 30714015 30714021 30715011 30717010 30718009 30719004 30719016 30720033 30722016 30725024 30726004 30728034 30729014 30730004 30730021 30731004 30731012 30731032 30731035 30731040 30732036 30732048 30733010 30734017 30734026 30735012 30735048 30736004 30737028 30738039 30740010 30740030 30742005 30748004 30749036 30750034 30751002 30751005 30751030 30752023 30754004 30756027 30757018 30757022 30757033 30758021 30759010 30759045 30759056 30761004 30765047 30767004 30768009 30768027 30770012 30771012 30771023 30772002 30773016 30773028 30774017 30775003 30775018 30775027 30775030 30777012 30778017 30778029 30779010 30779014 30779036 30780027 30781007 30781012 30781021 30783003 30783007 30783012 30787019 30788024 30790020 30792016 30793006 30793008 30793010 30793014 30793021 30793031 30800027 30800040 30802033 30803012 30809022 30809027 30810024 30811017 30812010 30812019 30812029 30812032 30814022 30815009 30815016 30816010 30820047 30821019 30823006 30826006 30826020 30826029 30830010 30831013 30831022 30831029 30831034 30832018 30837007 30838019 30841014 30841022 30844022 30845019 30850021 30851013 30851021 30852019 30852025 30854020 30855005 30855013 30857006 30857012 30858002 30860006 30860011 30864011 30864017 30867006 30867009 30868004 30869020 30870023 30870028 30870031 30871042 30872030 30874025 30875005 30875016 30875034 30876023 30877013 30879053 30881010 30883027 30883030 30884017 30885024 30886002 30886017 30886041 30888012 30888024 30889011 30889015 30891035 30892005 30892016 30893004 30893025 30895006 30896009 30896019 30896032 30897031 30897035 30898011 30898024 30899002 30900015 30901029 30902055 30904010 30905012 30906017 30906020 30909005 30909025 30910006 30910043 30913005 30913014 30914022 30916014 30917009 30917023 30923006 30923015 30925021 30925026 30928011 30928020 30928023 30930018 30930033 30930038 30931040 30931044 30933009 30933020 30933022 30936023 30936026 30937013 30937027 30937032 30937038 30939009 30939015 30941028 30942017 30942020 30943005 30943011 30944015 30945010 30945044 30946007 30947026 30948005 30949039 30952016 30953032 30955031 30956012 30956026 30957010 30957018 30958008 30958027 30959009 30960014 30963009 30964015 30966008 30967008 30969020 30969029 30970023 30971009 30971012 30972018 30973023 30974011 30976010 30976016 30977013 30977038 30979008 30979026 30979040 30981026 30982013 30984035 30984041 30989022 30993026 30994013 30997017 31001017 31001026 31004017 31004026 31005004 31008005 31009008 31010007 31011003 31011025 31012003 31013006 31013024 31013042 31014026 31016021 31017009 31017029 31017041 31018005 31018025 31020011 31022013 31022024 31028004 31028044 31028056 31029028 31030007 31030014 31031010 31033032 31034005 31035007 31035022 31038016 31041023 31042031 31043059 31043062 31043080 31044022 31045002 31045009 31045022 31045051 31046004 31047011 31047035 31048006 31050012 31051011 31051038 31051048 31052010 31052024 31053011 31053022 31054006 31059006 31062021 31063021 31066013 31067010 31067014 31067018 31067023 31068005 31070028 31071017 31075017 31076007 31078003 31078008 31081021 31081030 31083003 31083010 31083021 31084025 31085007 31087022 31087030 31088020 31089022 31090014 31090041 31091014 31095019 31096019 31096032 31099008 31099023 31099035 31099044 31100021 31102007
suagě|1|29687020
suahạ|1|28568007
suakal᷊ě|1|26435024
sual᷊ung|2|23956032 25262011
suangeng|1|26605010
suanunue|1|29936010
suapa|20|23174022 23476003 24072020 24569023 24769015 24874014 25227010 25669013 26083029 26340016 26401005 26453002 26558008 26581021 26870034 26881030 26883055 27166022 28451058 30527013
suapam|6|23973017 27945010 27945014 28182004 28324008 29321005
suapan|37|23302008 23303009 23304003 23480019 23748002 23965016 24261011 24412011 24422019 24894010 25494002 25597026 25775008 25838012 26185016 26520010 26672017 26784017 27352024 27488011 27530044 27693012 27969007 28008008 28167020 28451054 28641015 28805007 28934019 29569034 29898024 30670011 30725012 30760013 30769012 30775021 30910036
suapang|13|23480009 24463006 27417009 27775029 28282005 28303021 28440035 28859014 30062006 30174009 30701016 30747012 30753013
suapạ|2|24505011 29147014
suapạe|2|28774003 28774008
suapạewen|9|23883008 24764006 25306002 25307002 25359019 25396011 26607019 27476023 28757015
suapạeweng|9|24068006 26129003 26968014 27479028 27925028 27928025 28945015 30103016 30150010
subaěngu|1|30917004
sude|40|23326003 23429008 23597023 23779016 23781003 23858007 23909006 24003009 24389019 24464008 24702038 24722014 24726017 25131002 25288032 26514030 26917022 27550030 27550034 27589006 27782026 27981023 28365033 28438009 28645033 28645041 28654009 28686031 28922018 29000012 29036004 29045020 29384019 29541002 29725008 29969039 30045018 30045021 30220016 30879055
suhal᷊ě|2|28438008 28451034
suhal᷊ẹ̌ewe|1|28635034
suhal᷊ẹ̌u|1|29886018
suhingidu|1|30376049
suhinone|1|29297014
suhudang|1|28568043
suhị|1|26895012
sukakakoạ|1|30559019
sukakal᷊iomaneng|1|28695039
sukalu|1|29246003
sukal᷊ẹ̌pane|1|25237024
sukapulun'E|1|29218008
sukaral᷊enehě|1|29719016
sukarariadine|1|26698018
sukararěndung|1|29316008
sukawingu|1|29609008
sukilone|1|26865033
suling|2|28686010 31016010
sul᷊e|30|23749030 23750008 23934045 23956019 24089021 24130023 24375003 24426011 24785019 24827026 24827032 25553022 25656008 25692012 25701004 25740037 25899019 25926028 26175008 26669022 28789013 28816021 29014003 29015002 29015012 29031002 29589017 29934012 31000016 31000029
sul᷊ene|38|23548027 23563035 23749022 23750014 23792032 24099009 24332030 24344033 24619016 24785013 24796012 24827009 25656013 25958005 26125029 26913005 26915003 26916002 26916031 27130008 27276007 27318008 29014015 29016003 29037006 29045003 29046028 29366004 29440006 30134022 30145013 30322007 30466033 30492008 30729030 31045024 31053024 31083022
sul᷊ikud'u|3|25129029 25708017 25848026
sul᷊ikude|7|23866007 25563034 26748021 26802006 26830018 27352032 27855003
sul᷊ikudu|11|23301008 25792019 27928028 28275008 28397020 28486016 28617026 28987014 29016029 30255011 30947006
sul᷊iun|6|24268019 24547020 24607014 26063005 30486002 30486013
sul᷊iung|4|23487016 23487023 27975014 28339041
sul᷊ung'u|1|30442010
sul᷊unge|2|28914011 30098012
sul᷊ungke|1|28698020
sul᷊ungken|1|23433018
sul᷊ungkeng|1|28553041
sul᷊ungu|25|23264022 23265022 23736027 23737022 23787012 24582018 24584023 24586021 24614007 25376014 25378010 25638009 25654015 25714007 26140020 26574015 26624009 27662036 27867012 28497016 28556035 29858017 30198011 30199016 30522014
sumahe|5|24483006 25736021 27075032 28328004 28782015
sumahěnnụ|1|27906010
sumake|1|25341004
sumangị|6|24039018 25209016 25228040 26555032 26747005 29044023
sumarěndung|1|27982016
sumasake|4|27767006 27768004 31036017 31039011
sumasakene|2|30858014 30858016
sumasimbang|2|24831011 25933011
sumasingking|1|28670015
sumasuměllung|7|23355006 23917015 25204019 28192029 28272007 29404032 29427023
sumbal᷊iau|3|27012006 27613032 27985019
sumeke|1|30569029
sumendạ|1|29511024
sumimbah'u|2|23340005 23852033
sumimbahě|4|24815019 27572006 28890037 30440030
sumimbang|10|23851015 24054004 25413007 25471031 25544030 25545004 28176015 28544010 29549020 30312020
sumingking|2|23808012 30401018
sumohọ|1|30172018
sumongo|5|24179013 24683017 25497011 26580029 30826033
sumpinị|10|23547008 23562006 24331011 24342006 24700022 25253007 25253009 25260004 25817017 30053009
sumpinịe|1|23547010
sumuě|31|23651011 23787008 23787015 24001029 24564035 24586014 24614003 24614010 24627028 24903014 25458036 25543004 25714003 25714010 25898007 26218030 26463037 26475026 26476012 26483007 26491007 26623033 26999027 27225024 27616004 27650019 27702002 27842008 30153015 30767020 31095018
suměbang|1|30878013
suměnnang|5|23987017 24742015 28866035 29319029 30499042
suměpụ|11|26091010 26371016 28472003 28620004 29314006 29668023 29671004 30502026 30691013 30984022 30984081
sumẹ̌bang|8|23651017 24484008 25341028 25675018 26240002 27124018 30228007 30880013
sumẹ̌pụ|1|29665036
sunat'u|3|27988009 27988024 27992017
sunateng|1|27444021
sunati|1|29506020
sunatě|21|26351006 26351012 26352012 27448025 27992013 27993014 28032012 28032024 28034006 28034042 28034077 28035012 28035026 28035049 29085014 29169017 29174018 29202006 29241028 29425009 29506013
sunge|1|31006031
sungen|1|30920015
sungene|7|30786035 30895018 30910024 30910031 30920012 30979049 30983029
sunggilě|2|23582008 30843018
sungkal᷊ene|7|24210019 24427003 27213024 29169022 29332021 29900015 30100004
sunsara|16|23694020 24532015 24551035 25324013 26018008 26038019 27015028 27233009 27847015 28809015 29598012 29818030 30132010 30439007 30514004 30514014
sunsarang|2|29490014 30467030
sunsaraěng|1|30208018
sunạ|1|27622018
supangangimang|1|29593043
supiạ|1|29227003
supěngangimang|1|28538010
supěnise|2|29317007 29669008
supěseketange|1|30207016
supẹ̌bawiahě|1|29099010
supẹ̌wiahu|1|28454016
sural᷊akisě|1|30670009
sural᷊eng|7|24973022 25258003 25397010 25769009 27756022 29602016 30226004
sural᷊enge|1|28563036
sural᷊engu|1|28790008
sural᷊ohon|1|28348019
sural᷊okange|1|25126014
sural᷊okaěng|2|23360018 24246006
sural᷊one|1|25488002
sural᷊ungken|4|27567004 27979019 29084018 30292038
suraral᷊engang|4|25745022 27202021 27800027 28952019
suraral᷊engku|1|28328006
surarạganeng|1|30376011
surat'i|4|28489009 28982006 28983027 29664046
surat'u|7|23266012 23770016 24593010 25627015 25628030 27219003 30123002
surate|2|29940033 30539004
surateng|1|27823012
suratu|5|27834013 27836009 28780020 28843020 30122003
suratě|42|27463008 27466009 27470035 27473025 27474007 27585023 27710027 27710036 27750015 27760006 27768014 27769006 27921013 27938006 28319013 28359003 28365079 28828008 28844006 28845011 28925013 28929007 28929031 29054008 29559002 29559022 29649013 29664042 29693011 29811009 29894010 29960005 30122015 30123011 30524015 30538032 30539021 30542002 30658012 30668005 30672016 30676032
suratẹ̌ku|7|28464003 28925002 28925021 28981008 29696021 30264015 30524009
surosa|1|28537011
surul᷊unge|3|25273006 27901008 30812027
surẹ̌duhe|1|26875010
susa|11|23561017 24611016 25910021 26747020 28258012 28514004 28921017 29033030 29656011 29800036 30707017
susal᷊imbang|1|26580030
susamurine|2|24483014 26118003
susan|3|28518008 28925030 28928011
susanaung|2|31001004 31002014
susane|1|27127008
susasuměllung|1|29404013
susi|44|23215009 23323004 23973015 24943014 24966013 26327015 27011005 27050034 27053025 27115029 27150018 27397037 27621037 27693054 27738021 28091021 29297017 29581005 29607010 29702018 29786031 29901015 29914003 30091016 30163021 30337015 30376061 30390019 30391014 30409014 30498021 30583014 30583025 30687027 30693025 30754015 30777028 30804008 30875027 30937036 30951021 31056007 31064027 31100034
susigěsạ|1|30707030
susu|4|28548032 30043045 30044005 30402013
susul᷊ene|2|27944014 29965006
susěmbẹ̌kang|1|28148013
susěndihang|1|25644028
susěndinganeng|1|29857006
sutal᷊oaram|2|27944039 28344037
sutal᷊oaran|41|23395021 24553011 24834004 24895016 25313037 25367012 25368011 25474014 25955006 25956014 26024022 26027014 26028010 26224019 26364041 26369010 26578012 26724003 26770018 26892017 27558004 27684021 27775020 27844056 27877017 27987020 28201010 28313029 28401003 28473018 28475008 28915029 29091045 29091052 29407025 29510036 29748033 29904011 30412003 30678032 31083001
sutal᷊oarane|2|26385023 26844027
sutal᷊oarang|76|23439019 23481019 23483029 24412018 24632012 25018023 25224022 25426019 25997022 26059008 26322004 26348014 26389015 26616011 26623007 26746042 26894030 26979033 27072018 27110019 27356006 27645026 27653014 27656012 27686019 27802005 27828024 27944028 28146027 28282012 28374024 28375015 28390021 28456009 28458015 28458026 28458055 28473004 28479003 28620006 28704025 28753010 28787018 28935012 28982017 28983013 28987058 29044026 29047037 29108013 29152006 29308017 29404020 29437017 29500013 29559006 29566046 29608004 29634019 29660021 29686023 29689006 29690015 30099023 30228022 30298010 30339009 30368002 30459026 30462004 30502005 30502017 30719021 30786010 30828007 30881007
sutal᷊oarạeweng|2|27455039 28939023
sutawakal᷊ine|1|28028006
sutempọen|1|26601008
sutera|1|31006016
sutimonang|1|24077020
sutukadě|1|26802007
sutěngon|2|27277025 29203035
sutěngong|2|29044017 30822023
suwal᷊ine|2|28251034 29527004
suweran|1|26213011
suwowom|2|28421028 28421043
suwowone|1|29255018
suwụ|2|27233013 27906029
suwụu|2|28740007 28740024
suě|3|24733010 25848030 27223006
suěkang|2|24627036 24628033
suěkange|2|24769003 25875026
suěllo|1|26740048
suẹ̌ko|1|27715018
sěbangke|2|24373013 27502037
sěbapě|1|30641065
sěbu|2|25164047 30686008
sěbung|1|30686014
sěbạ|2|25702016 26092014
sěbạ'E|1|30711023
sěbạu|1|23166011
sědapeng|1|25548007
sědụ|11|23278016 23279010 23454005 23568011 25174017 25182010 25948011 28238014 29148009 29586023 29694007
sědụ'U|1|24710026
sědụe|1|23565008
sěgadengu|1|30124007
sěhal᷊ěkang|1|28793022
sěhapikang|2|29959016 30010006
sěhaweng|1|30777013
sěhiwu|9|24024038 24033008 30531026 31041022 31042030 31043079 31044021 31045050 31046003
sěhiwue|1|24027007
sěhongkateng|1|24998011
sěhěbi|5|23565002 26123002 27242003 27344002 27567002
sěhěllo|5|23806026 27642026 27672032 28576024 29969020
sěhẹ̌bi|1|25159022
sělampungange|1|24959003
sělamạ|1|30229029
sěliterě|1|30800023
sěllihu|1|29287019
sěmatang|21|23760019 25068014 25179004 25180005 25181005 26576007 27035006 28384035 28387007 28397025 28409042 29238027 29389036 29575008 29645016 29923021 30113009 30405029 30500022 30501031 30631024
sěmatangbe|1|29484029
sěmatangkewen|1|29441021
sěmbahageang|6|27699011 27741005 28224018 28830026 28959047 29984006
sěmbahageange|1|28563042
sěmbahageangkewe|1|27741017
sěmbahạgeang|1|25740014
sěmbalagheng|2|29585026 30104007
sěmbal᷊eěng|2|25717010 28792011
sěmbal᷊i|2|27651010 27651027
sěmbal᷊iau|26|23267012 23332014 23772008 24115009 24286056 25406001 25583009 26344017 26417010 26437001 26471011 27453021 27734027 28054021 28561037 28598024 28734032 28828025 29016048 29192008 29704007 29710001 30005017 30018044 30300010 30748040
sěmbal᷊iu|2|28502059 30520009
sěmbanuaěnge|1|24313003
sěmbaěng|2|23292022 27160030
sěmbaụ|755|23170018 23253011 23254006 23264020 23292017 23320012 23321007 23322021 23415007 23415013 23441007 23441012 23447013 23515016 23515021 23515035 23515046 23516009 23529030 23571006 23571021 23573007 23586007 23586025 23677024 23680011 23702019 23705028 23705031 23740034 23769010 23780015 23829017 23832022 23846022 23860004 23865012 23927014 23927022 23928019 23929014 23953046 23960020 23960030 23965002 23965010 23968013 23989024 24115007 24163008 24190026 24243010 24314013 24321022 24355014 24365007 24384016 24412021 24418011 24419008 24425025 24426025 24463031 24488023 24515017 24541017 24544023 24544026 24544030 24596021 24597010 24610012 24615014 24624023 24681006 24693035 24703019 24706026 24720017 24726002 24726009 24775018 24791008 24810028 24811014 24814008 24858017 24877005 24886024 24897018 24916035 24920020 24952006 24955007 25018026 25027026 25037011 25120008 25188011 25189009 25189054 25208031 25268004 25288003 25320003 25335031 25335034 25335038 25340016 25354020 25371005 25371027 25372007 25374008 25402015 25406005 25422019 25423016 25423025 25423036 25423042 25435040 25436017 25466013 25525034 25526026 25529004 25538008 25555004 25566029 25580021 25590003 25593012 25593034 25618037 25634013 25634023 25638012 25655008 25664006 25674018 25686009 25690006 25691006 25711008 25743014 25762023 25776016 25806015 25811008 25833015 25837009 25837017 25897029 25940020 25950038 25958019 26005014 26048014 26059024 26063008 26085020 26086011 26137016 26139027 26162006 26194007 26209021 26210029 26213009 26266014 26332005 26334005 26338010 26339005 26350006 26364008 26410039 26423027 26466018 26498033 26512006 26562018 26580018 26595006 26600007 26605008 26605021 26636009 26645020 26653005 26665010 26705016 26707005 26712006 26717008 26744011 26763015 26771043 26771051 26782023 26783014 26787021 26803016 26812007 26823034 26824029 26832042 26850005 26867009 26867017 26887016 26924023 26938026 26940004 26962009 26964033 26972004 26972029 26979004 26987026 27013004 27013049 27014004 27016006 27022013 27095015 27119007 27120009 27121034 27130036 27158014 27213006 27229005 27263014 27283026 27296004 27313012 27337016 27347034 27355040 27378028 27379016 27389004 27401006 27410020 27419006 27450018 27456012 27466019 27466045 27470014 27475015 27479019 27483014 27488033 27493008 27496008 27499024 27501030 27526017 27538006 27539010 27546035 27547026 27564021 27567005 27572021 27572024 27585028 27611024 27634016 27645018 27652009 27652038 27671008 27672018 27677011 27681007 27682012 27695004 27708052 27736015 27740011 27741038 27750007 27802025 27805014 27832006 27850029 27855007 27864019 27866004 27877024 27881006 27882011 27895025 27904018 27915004 27917028 27921015 27921022 27928009 27929013 27932005 27938012 27938033 27939020 27939030 27940008 27944004 27946016 27956009 27964006 27966007 27980011 28022005 28027011 28039014 28039027 28129006 28146031 28166014 28173023 28189032 28190004 28201018 28208032 28208043 28210022 28212017 28223010 28227033 28235004 28235017 28238026 28247004 28247027 28251017 28251033 28251040 28256005 28256007 28256016 28259014 28262003 28275011 28276028 28282016 28291005 28291011 28294022 28311007 28311009 28318025 28320051 28330016 28331020 28339019 28344013 28348008 28348016 28351013 28353003 28353009 28353022 28354004 28357022 28360035 28365004 28365055 28371009 28373016 28374004 28375005 28387048 28390004 28394009 28396004 28414020 28440004 28441008 28441036 28469023 28473009 28475015 28476032 28483004 28483019 28484018 28484032 28485016 28491028 28517009 28532028 28534009 28534028 28540011 28541011 28569004 28572007 28582007 28585006 28585026 28604011 28607027 28614005 28634006 28636009 28639014 28640016 28641022 28646006 28647010 28647022 28648026 28648044 28649010 28654006 28655008 28660012 28661004 28661018 28689013 28699004 28705005 28710012 28720007 28722008 28741007 28741019 28750004 28750021 28769007 28777006 28788034 28789004 28789024 28797005 28802004 28802031 28808014 28809004 28830021 28838012 28838028 28848011 28879024 28910004 28918004 28934004 28941008 28942030 28951013 28952006 28955006 28955015 28959032 28997040 28999028 29016044 29023011 29025032 29026024 29041014 29055005 29056003 29056012 29059004 29059016 29064007 29069004 29077013 29086023 29094010 29094029 29095004 29104004 29105006 29118004 29144004 29153004 29154015 29156015 29160004 29163005 29174007 29177009 29178007 29185022 29189014 29190004 29199022 29207011 29217016 29241004 29244020 29245020 29248022 29252017 29258037 29275015 29277003 29277006 29277015 29278002 29278006 29278009 29279003 29286008 29289016 29298006 29298011 29305012 29307021 29326009 29336027 29342004 29343004 29347004 29347036 29359005 29363004 29363023 29389041 29404006 29417005 29418009 29421011 29435005 29435020 29439004 29444006 29451005 29458004 29464021 29467004 29467033 29501004 29527003 29530028 29531005 29531031 29533025 29534021 29544004 29544027 29552012 29558009 29562004 29565007 29570037 29572004 29584003 29585004 29588006 29593007 29598008 29603007 29605005 29614022 29617004 29623004 29626005 29634004 29636009 29647010 29648007 29649020 29651004 29653004 29653039 29664027 29664043 29675004 29677006 29680005 29685004 29685027 29713027 29714024 29722005 29722008 29747021 29752013 29754011 29765026 29780013 29804017 29810032 29892026 29904015 29908020 29927036 29939004 29940003 29940026 29946003 29947007 29949006 29955051 29961025 29989025 29990015 29997004 30008004 30028004 30054005 30055034 30070026 30084021 30087010 30088004 30098011 30106007 30108002 30120035 30121009 30131020 30135043 30148004 30153005 30161005 30166008 30168035 30189009 30189040 30190038 30208031 30220010 30231004 30231009 30241020 30243005 30246021 30252009 30265008 30266022 30267010 30268004 30269004 30286009 30299007 30304005 30308004 30309007 30313008 30321004 30330003 30331013 30332004 30349004 30349010 30349021 30351004 30356004 30365004 30374010 30376004 30394003 30397033 30406015 30411004 30417009 30418004 30421027 30433009 30433017 30455008 30456005 30459004 30471014 30475017 30478022 30479005 30480002 30480011 30480024 30481004 30490006 30499050 30502022 30531007 30537006 30538018 30540007 30548024 30558004 30558011 30560016 30561006 30562007 30582004 30590025 30591017 30595007 30596010 30596034 30597018 30605004 30611004 30611010 30613013 30615004 30615022 30624015 30624030 30625022 30651020 30652023 30660004 30662011 30669061 30670004 30674004 30676004 30677042 30702004 30707008 30714012 30749032 30755033 30762027 30770011 30771018 30786008 30790007 30795019 30796011 30796019 30798005 30799024 30802010 30805024 30805030 30838010 30841011 30842012 30893006 30902052 30903004 30910015 30910041 30920005 30923029 30954003 30979029 30981007 31015010 31028038 31029012 31030020 31050007 31051023 31090030
sěmbaụ'E|4|23536016 26108014 29989039 29995014
sěmbaụ-Ku|1|26885028
sěmbaụ-sěmbaụ|12|24024009 24977010 26485022 26924016 26995018 27500039 28286031 28757025 28759011 29289021 29483023 30392024
sěmbaụe|6|23147009 23439010 23740012 23741018 24320009 30597011
sěmbaụewe|1|23705035
sěmbaụku|27|23749014 24206014 24323023 24324013 24324018 25128019 27706008 27718017 28093004 28096010 28159005 28265004 28318004 28541030 28718008 29423005 30283009 30295004 30362007 30374004 30524004 30531005 30593006 30601005 30664003 30690007 30693007
sěmbaụkue|1|24322014
sěmben|1|29454012
sěmbua|19|23271019 23908017 24062015 24085008 24781007 25845004 26135010 26862019 27903024 30154007 30772013 30789007 30863019 30874010 30895012 30930025 30944023 31033006 31040020
sěmbul᷊ang|1|31083025
sěmbuntuang|1|23835002
sěmběka|11|23265021 23503010 23503024 23736022 23736025 24584022 24879012 25176013 25969020 27160042 30980025
sěmběkaku|1|27313034
sěmběkam|2|23985017 31067024
sěmběkan|27|23172030 23179017 23186009 23357008 23632008 23678007 23764018 23985012 24297010 24359017 24386006 24453016 24461004 24514016 24590017 25286005 25396024 25437006 26147018 26259009 26934020 27203015 27913020 29016017 31067011 31067015 31067019
sěmběkane|28|23254029 23274020 23303002 23819009 24168014 24168019 25395021 25458028 25969026 28306002 28404002 28474003 28657002 28682002 28922026 29089002 29176025 29185002 29301009 29305002 29382019 29395014 29399002 29727002 29760016 29982002 29984003 30390002
sěmběkang|19|23225010 23235028 23532009 24096027 24119022 24579013 24817021 25272015 25934011 26280008 26283010 27565013 27737015 27863055 27872013 28876017 29018002 30109005 30967023
sěmběkanu|1|28264002
sěmbẹ̌ka|13|23500007 23737021 24290013 24292007 24431025 24582017 24586020 24854018 25153020 25155017 25176006 26844015 26844021
sěmbẹ̌kan|7|23171026 23177010 23374005 23620015 24366009 26073008 29585040
sěmbẹ̌kane|3|24042010 24042020 24043009
sěmbẹ̌kang|9|23942053 24905016 25268016 25352024 26522007 26787014 27739004 28380017 29016022
sěmbạgeang|1|25473020
sěmpalang|6|24787005 25069007 25164018 25407009 25442009 26951013
sěmpalangke|1|26867002
sěmparesě|1|30820039
sěmparě|1|30799028
sěmpikang|2|24362025 25448044
sěmpike|2|23648003 28787008
sěmpotọ|2|26034008 30884005
sěmpědi|9|24159024 24160009 24178022 24863025 26657024 27201018 27209034 27791006 30874006
sěnaung|3|24810005 24860009 26600019
sěnaungkewen|1|24828004
sěndal᷊eng|3|28927024 28983019 29792010
sěndal᷊engu|6|27055008 27505010 29096009 29389009 30317003 30453035
sěndihang|3|25643013 27746009 27754012
sěndihang'E|2|26888009 26893049
sěndihang-Ku|1|26895021
sěndihange|3|23695009 24533018 30775022
sěndihangku|1|27718011
sěndihangu|2|26860002 27070043
sěndinganeng|15|28306010 28680005 28778006 28941018 29711022 29800032 29850019 29864030 30158014 30329019 30487011 30487018 30594028 30641007 30664013
sěndinganenge|8|23242005 23244008 23494026 28474015 28477039 28670004 28672004 29702028
sěndinganengu|6|23912010 26255012 29760032 29955020 30302020 30350034
sěndẹ̌dagě|1|28419004
sěngapa|3|28418018 28877004 30076027
sěngapam|53|23380018 23982022 24195017 24388003 24408006 24526015 24740027 24790018 25277007 25278024 25287022 25543002 27941003 28247017 28253010 28253022 28254010 28254044 28264004 28334014 28450006 28600002 28666008 28691028 28751017 28793007 28887006 28900017 28974004 28999034 29017006 29099006 29144007 29290012 29435033 29445011 29495012 29555027 29583023 29605041 29614027 29634009 29649007 29663024 29718005 29785014 29872031 29873037 29892002 30411020 30467046 30651007 30676009
sěngapan|4|24301005 25962035 29754048 29843005
sěngapang|30|24375007 25518012 25648011 25693002 25959006 26197013 27033004 27416021 27493024 27539027 27643024 27677017 27680004 27727019 27773011 27786005 27878008 27923058 28223026 28354007 28560026 28898027 28936008 28937005 29274014 29534027 29876027 29932026 30232021 30261007
sěngapạen|1|25315019
sěngarihang|1|28953016
sěnggal᷊ipoho|1|28159007
sěnggapaeng|1|25912009
sěnggapaěnge|2|24507006 25279017
sěnggěsa|3|25111006 27880031 30180029
sěnggẹ̌sa|2|24325026 26280015
sěnggạ|26|23687006 23835013 23862015 23953015 24329002 24504017 24649012 25251019 25310003 25455019 25700020 26370003 27062005 27063030 27995005 29284009 29284014 29284018 29377017 29379002 29703003 29716014 29799011 29846011 30159016 30728019
sěnggạe|7|23687010 23862018 23878018 24820002 25455024 28622020 29788003
sěnggạete|3|23879002 25321018 27062011
sěnggạewe|1|23953023
sěngkaal᷊amatě|1|29112015
sěngkahal᷊ěkang|2|28340010 28956008
sěngkahaung|1|27630023
sěngkahindọ|5|25202006 27174012 27620014 27691021 28725014
sěngkahombange|1|25431007
sěngkakahengke|1|29467029
sěngkakahukung|2|28633019 30998026
sěngkakahukungu|1|25976021
sěngkakaiang|4|25920013 27208023 29236020 30768011
sěngkakaintol᷊ang|1|29967052
sěngkakakělla|4|30796006 30799020 30928006 30941006
sěngkakakěllae|1|24095014
sěngkakakěllane|5|24792007 24877032 27083019 27636049 30820007
sěngkakakěllạ|1|30802006
sěngkakapate|4|28073012 28074012 28075012 30204012
sěngkakapul᷊e|1|24409007
sěngkakapuạ|1|29621012
sěngkakarěnta|4|24334014 24801004 24868028 29604030
sěngkakasuě|1|26801024
sěngkakate|2|24786009 26540021
sěngkakatoghasě|1|29048046
sěngkakatualagě|1|25442014
sěngkakatuwo|1|23570003
sěngkakawangung|1|25438008
sěngkakaěng|16|23390027 24276025 24773017 25569006 25569017 25591025 26649032 26996013 27311018 27634011 27638015 28466040 28571005 30514039 30767028 30767034
sěngkakondạ|3|25069012 25259032 28771010
sěngkakuhuang|1|28925036
sěngkakui|1|27258021
sěngkakěllane|1|24098008
sěngkalu|2|23846005 25525016
sěngkal᷊ěbing|1|27399007
sěngkal᷊ěndị|2|25332002 29625014
sěngkal᷊ěpa|8|23795009 23892018 24689023 24690007 24957006 25597013 25804007 30781006
sěngkal᷊ẹ̌pa|2|23447006 25750010
sěngkamisa|5|24876010 25330002 25701005 27633033 27669020
sěngkamohong|5|24142025 24144008 25203013 25470005 25945016
sěngkamonaěng|9|24465003 25228010 25316027 25424009 27061018 28551029 28575013 28577012 28578009
sěngkamonaěnge|1|28576010
sěngkanarangu|1|26801017
sěngkanaung|17|25986041 26463024 26577010 26938004 27049011 27055006 27072030 27093015 27240011 27337008 27468012 28309018 28310002 28374030 29394013 29445016 29500023
sěngkanaungbue|1|28493015
sěngkanaungke|1|24137005
sěngkanaungu|1|29412008
sěngkaorasě|8|23805011 24095026 24792024 25924002 30988028 31004028 31011005 31013044
sěngkapahul᷊uasě|3|26193022 29409035 29410009
sěngkapahundal᷊eng|1|24788011
sěngkapahunděnta|2|24192014 27358017
sěngkapahungkaěng|2|24277013 28584036
sěngkapahunsuě|1|27820018
sěngkapate|1|24090007
sěngkapul᷊ong|4|30067005 30069026 30070017 30886009
sěngkapědeạ|1|27460009
sěngkapěhal᷊ě|2|27481012 27561008
sěngkapěllọ|1|27044023
sěngkapěluntingihě|1|27426016
sěngkapěmunara|5|26950023 28825026 29446035 29593018 30467020
sěngkapěmělle|1|29095010
sěngkapěnal᷊udě|1|30255017
sěngkapěnaming|1|23231022
sěngkapěnarimạ|2|29258040 29369025
sěngkapěnarimạu|1|30432031
sěngkapěndarang|1|24809022
sěngkapěngidopě|1|26583021
sěngkapěngimang|1|27943009
sěngkapěnginung|1|28572002
sěngkapěngirul᷊e|2|30007016 30014018
sěngkapětị|1|29252012
sěngkapẹ̌bansagě|1|25954006
sěngkapẹ̌biahě|2|24589020 28915033
sěngkapẹ̌buạ|1|27435026
sěngkapẹ̌dalo|1|28310006
sěngkapẹ̌dal᷊ahingidu|1|27800022
sěngkapẹ̌gaghighilě|1|27755010
sěngkapẹ̌kal᷊iomaneng|3|26938010 27047014 28334023
sěngkapẹ̌komol᷊ě|1|30159007
sěngkapẹ̌pake|1|26994014
sěngkapẹ̌parenta|6|24893017 30094025 30146032 30215068 30988024 31045048
sěngkapẹ̌salu|1|27749022
sěngkapẹ̌tana|1|26578033
sěngkapẹ̌tangkiang|1|28793023
sěngkapẹ̌tanạ|2|29663017 31057019
sěngkapẹ̌tatahang|3|28134045 29432020 30167015
sěngkapẹ̌tatahangu|1|30198004
sěngkapẹ̌tatibulu|1|27506005
sěngkapẹ̌tawakal᷊i|2|29389035 29941019
sěngkapẹ̌tiněnnạ|1|28374032
sěngkaral᷊eng|10|26007014 26865017 27283017 27468027 27683005 28546013 28781013 28956023 29552005 30751021
sěngkarial᷊ě|1|30352023
sěngkariọěllone|15|23313008 24192003 24661002 25488009 26074002 27026026 27284002 27495014 27634026 27642010 27666027 27691023 27735023 27820002 27874007
sěngkarěmme|1|30901031
sěngkarěnta|1|30498016
sěngkasake|1|24360022
sěngkasame|1|31038006
sěngkasoang|1|27615006
sěngkasoange|1|23380002
sěngkasoaěng|1|23837009
sěngkasuě|1|27005023
sěngkatahungkụ|2|28344018 30245010
sěngkatahạpul᷊ong|3|30071012 30073025 30074013
sěngkatamai|1|24092012
sěngkatau|689|23164006 23165019 23166005 23168009 23175017 23176026 23195017 23227023 23258006 23276002 23307003 23307017 23307026 23355027 23365002 23367002 23374033 23389015 23398015 23425011 23443004 23443010 23459015 23459021 23459032 23460004 23468009 23469010 23469019 23501007 23512006 23515041 23519006 23543014 23564023 23571023 23573020 23585013 23592019 23656004 23687026 23701015 23715015 23730004 23734004 23738007 23740007 23742011 23744009 23744025 23745035 23751014 23752008 23756010 23779006 23806007 23860012 23873024 23878015 23884014 23897013 23908005 23919003 23928007 23934026 23937007 23941005 23966009 23980013 23981007 24024011 24033019 24040007 24049016 24054013 24062006 24069002 24076009 24102008 24145013 24146005 24162007 24168012 24187005 24223013 24239005 24275010 24286021 24316003 24327004 24350012 24350018 24355016 24367010 24387011 24390007 24402012 24423022 24428027 24435007 24479020 24496006 24523012 24529022 24542006 24547015 24548020 24575008 24576005 24578015 24581004 24604011 24619022 24619026 24626008 24626017 24635026 24655014 24657004 24666014 24673026 24675027 24676011 24678006 24679005 24680014 24693019 24693031 24702003 24708031 24716002 24719007 24735014 24738012 24750005 24752004 24765005 24773010 24775008 24798009 24802002 24806002 24821007 24825023 24833009 24834012 24835013 24848007 24854012 24869028 24899012 24907021 24911045 24921006 24921018 24925008 24955003 24989017 24999009 25010005 25090012 25090021 25091018 25097007 25100006 25120013 25126011 25129010 25135008 25144011 25177002 25204026 25222014 25224012 25232002 25233007 25237013 25237020 25245011 25251003 25266003 25271026 25273010 25287004 25289006 25289030 25295006 25297012 25302024 25310015 25321023 25323015 25327005 25349011 25361006 25363003 25368017 25386011 25389004 25394004 25395004 25396004 25397006 25402018 25407014 25411008 25420010 25427002 25428005 25433006 25443007 25451003 25476009 25525012 25530003 25535007 25538010 25555011 25556006 25559010 25560004 25569003 25569026 25570012 25578004 25582002 25585002 25587011 25593003 25596010 25597004 25599008 25600006 25604008 25605022 25608011 25615005 25622009 25634003 25637028 25654019 25659002 25667002 25686010 25686013 25687007 25687010 25688006 25688009 25692006 25699018 25708015 25724008 25734005 25743032 25744005 25786024 25789013 25794015 25808015 25829005 25842014 25843010 25858023 25868013 25875012 25888007 25902015 25908002 25912015 25915002 25923004 25923014 25938036 25953010 25962013 25969018 25969023 25976003 25978016 25986002 25986016 25986030 26010002 26024004 26051002 26078035 26122002 26123026 26124007 26134003 26153014 26164014 26176009 26184023 26203022 26267005 26297020 26302003 26323017 26328015 26329018 26342004 26356010 26373010 26402026 26417002 26432009 26437027 26445023 26498036 26500003 26510018 26511017 26515026 26574013 26575015 26585005 26647012 26659004 26675017 26732016 26748002 26749027 26757017 26772037 26795027 26800013 26801007 26808006 26825009 26826016 26844013 26844017 26860010 26872007 26880021 26880026 26892006 26911015 26927043 26941005 26944021 26945005 26945022 26948023 26980011 26980033 26999012 27011021 27019013 27032013 27035022 27055012 27057004 27059024 27061003 27079005 27083046 27085005 27094007 27107019 27135004 27141006 27147010 27154018 27175022 27186006 27189017 27193012 27203004 27204010 27204022 27210015 27224021 27227005 27229012 27250005 27253006 27261005 27261013 27263016 27266007 27267019 27282028 27290023 27292017 27320021 27321014 27321025 27336006 27351007 27369017 27384006 27385036 27386011 27485014 27486015 27487036 27493018 27500016 27529033 27550002 27555022 27558017 27558024 27560005 27565020 27568009 27582005 27594034 27600009 27610008 27622003 27636004 27652021 27655048 27660011 27673033 27675010 27717005 27717012 27730024 27752006 27771020 27794015 27808035 27811024 27813014 27816015 27824012 27878019 27916022 27943019 27952013 27989002 27989021 27990011 28002009 28003003 28003010 28004014 28004021 28011030 28012004 28028031 28032038 28055013 28060007 28063025 28063051 28064010 28064014 28065004 28065012 28065023 28066005 28066016 28067010 28067024 28076002 28085013 28094002 28139013 28165024 28175022 28223017 28288004 28288015 28296010 28302015 28316011 28339005 28359016 28365082 28378009 28379003 28393006 28403003 28410015 28432005 28440044 28454009 28474005 28483028 28490010 28491008 28491018 28493003 28499015 28500017 28501004 28504005 28504030 28510002 28510015 28513023 28516013 28517024 28522012 28522037 28524004 28543032 28546007 28559036 28562010 28565017 28592005 28605002 28606003 28607003 28607015 28614014 28638024 28643002 28688023 28703014 28709009 28714022 28727013 28740009 28740026 28743029 28892016 28919021 28951009 28960011 28992016 28992031 28999016 29007026 29011029 29025006 29035026 29046052 29070014 29071011 29074030 29085006 29098056 29114004 29118026 29119037 29122026 29122045 29123008 29133009 29133039 29136014 29151015 29154017 29163014 29206007 29238035 29274005 29274022 29334003 29344021 29345006 29358007 29393033 29399011 29421008 29427010 29427032 29467017 29494039 29577020 29578014 29580026 29582012 29593015 29594007 29610006 29625023 29637017 29637019 29640021 29694017 29723003 29734005 29734010 29740008 29744006 29748003 29774004 29780003 29781008 29786007 29801008 29805022 29872023 29876031 29887011 29894013 29899011 29940016 29947004 29948014 29955008 29955044 29955048 29969012 29977010 30002009 30008013 30009005 30016028 30026020 30035004 30041011 30078020 30078023 30080012 30089013 30095006 30104015 30117028 30155009 30178021 30179008 30220012 30227016 30228006 30243013 30272003 30296004 30296022 30309002 30350004 30362016 30374020 30416019 30422009 30443016 30462003 30467017 30467024 30481046 30532029 30552028 30570053 30606027 30616004 30626024 30641005 30653025 30674020 30707033 30711007 30754030 30754038 30755037 30758015 30771021 30782006 30783018 30784012 30785002 30811015 30813006 30820020 30863005 30893016 30897006 30902030 30926003 30927022 30933006 30941017 30942004 30944006 30944009 30945005 30955028 30977003 30979024 30986011 30987020 30988022 30995007 31005019 31015004 31016029 31035005 31040006 31043074 31056024 31086031
sěngkatau-Ku|3|23538014 23539022 25267027
sěngkatau-sěngkatau|59|23526007 23700023 23763020 23801018 24605020 24752025 24774011 24851014 25572005 26391015 26759018 26849021 26953019 26956022 26958013 26961033 26988010 27058015 27337021 27431016 27551033 27658025 27691047 28250011 28251030 28286027 28292011 28293004 28306005 28416043 28424002 28424024 28439012 28439052 28491024 28495012 28592012 28622008 28629002 28662012 28673014 28710015 28742002 28888015 29194002 29280003 29338016 29338032 29346003 29395018 29494032 29549022 29582010 30056009 30088015 30457003 30673043 30735026 30741033
sěngkataue|4|23584020 23862013 24314018 24854016
sěngkatauewe|2|24024031 24168016
sěngkatauko|1|25924005
sěngkatauku|4|23540013 23540017 24049021 25649005
sěngkataun|2|23537016 25104016
sěngkataune|14|23151038 23595020 23792009 23897023 23898025 24310012 24618015 24730006 27130017 27262011 27284019 29610012 29772009 29780044
sěngkataunu|2|24930007 28296015
sěngkataunue|3|23743004 23743042 23763033
sěngkataụe|1|23998014
sěngkataụewue|1|23999010
sěngkatempo|11|24279004 27374024 27476007 27478007 27581004 28853009 28878019 29588013 29985003 29987021 30198016
sěngkatuwo|1|25253012
sěngkatěllung|13|30835028 30837004 30837014 30838020 30839008 30840009 30840013 30840018 30840026 30840035 30840043 30856019 30896004
sěngkatěmpo|1|27608024
sěngkawal᷊ụ|1|23753013
sěngkawanuang|4|23555003 24984021 25590012 30113039
sěngkawanuange|1|25786011
sěngkawanuaěnge|2|26800016 30092030
sěngkawawěllo|1|24359002
sěngkawinasa|2|27197009 29178017
sěngkawingang|5|23773010 24900003 27062026 27068015 29608012
sěngkawingange|1|27069010
sěngkawunsal᷊ě|1|23648024
sěngkawěkisě|1|26866017
sěngkempang|1|27122007
sěngkianu|8|24754004 24987002 25126005 25334011 25861029 27216013 27220010 29625035
sěngkianụ|6|27345004 27345039 27711012 30829013 30835006 30892019
sěngkianụe|2|24294033 27903021
sěngkilo|1|26936018
sěngkilometerě|1|23276011
sěngkomol᷊ang|1|23635003
sěngkompeng|1|28177019
sěngkul᷊e|5|29581009 29899008 29934009 30394020 30932007
sěngkul᷊ě|1|28006009
sěngkul᷊ẹ̌-Ku|1|30722004
sěngkělěndịu|6|25996011 26028005 26934012 27906012 28771008 29625029
sěnnang|3|23985008 30772003 30840030
sěnnange|1|28849033
sěnnangu|3|23226018 28760002 28760008
sěnsingang|1|29904004
sěnsul᷊e|49|23413026 23491002 24284002 24478008 24816020 25125002 25148002 25407002 25570009 25618019 25775006 25951025 26178007 26489006 26526020 26806035 26830007 26857024 26889006 27227015 28079013 28138004 28541022 28674020 28999012 29015020 29039012 29175013 29198021 29459011 29576011 29589015 29773026 29861012 29934010 29969003 30092035 30113016 30118011 30132025 30133009 30134007 30144022 30146006 30443007 30501005 30676050 30873008 31083026
sěnsul᷊eko|1|29067011
sěnsul᷊ẹko|1|30240002
sěnsunduang|3|27420008 27570013 27834034
sěntahanakeng|2|24314005 26417009
sěntakạ|1|27122024
sěntara|1|28984017
sěntarangkeng|1|30440020
sěntaung|7|25527011 27334014 27569008 27596010 30113019 30351023 31083023
sěntiniạ|50|23996015 24066013 24358004 24397005 24535038 24590033 24969001 25620008 25893007 26292010 26335015 26449020 26520033 26520040 26709015 26825007 27180006 27218005 27624037 27648012 27838027 27926014 27926022 28300007 28368002 28884009 28923007 28965012 29354003 29390004 29442027 29472014 29476011 29597033 29635015 29637012 29638003 29654012 29714011 29873009 30006013 30056012 30160017 30166030 30214028 30440028 30575035 30702033 30706018 30777040
sěntinuwo|1|29072015
sěntunduang|1|28617023
sěsa|1|28496021
sěsane|2|27778018 29212022
sěsanu|3|27689043 27738036 27964038
sěsil᷊ẹ̌ku|1|28925042
sěsẹ̌bangengu|1|30858044
sẹ̌bang|1|29175012
sẹ̌bangengu|1|30813009
sẹ̌bangke|2|24564029 26567010
sẹ̌bune|1|24559032
sẹ̌dụ|1|28266003
sẹ̌sa-Ku|1|27365024
sẹ̌sadiang|1|24911049
sẹ̌sahagheěng|1|24427024
sẹ̌saheěng|1|28784011
sẹ̌sahikangu|1|24588007
sẹ̌sahowongang|1|27413016
sẹ̌sahusuang|3|23441004 27178018 27327013
sẹ̌sahusuangu|1|23315004
sẹ̌sahěsekangu|2|29395006 30676029
sẹ̌sakeěnge|1|30983023
sẹ̌saku|43|25203004 25404029 25842002 26031010 26041004 26079005 26241025 26296012 26346021 26357034 26398015 26410044 26411016 26630008 26759022 26759027 27167004 27233003 27286015 27725010 27801013 27819008 27833003 28107003 28159013 28211012 28213017 28214017 28341016 28350014 28528014 28568040 28697009 28798008 28820018 29165022 29200007 29416009 29433007 29556004 29561005 29696007 30768015
sẹ̌sal᷊imaekang|1|29938012
sẹ̌sal᷊ukateng|1|25410027
sẹ̌samedang|1|27987019
sẹ̌samekang|1|27709023
sẹ̌sane|190|23238012 23317014 23439011 23454011 23601029 23611011 23621012 23697019 23709014 23846025 24094039 24172008 24268023 24334004 24352003 24547023 24607017 24710004 24721033 25072019 25088013 25129031 25320009 25338010 25362011 25398032 25425017 25427010 25696011 25700006 25708020 25735019 25817003 25822004 25907022 25936015 26007010 26010013 26028008 26053003 26056006 26117011 26120004 26121013 26159005 26169014 26201003 26201013 26230016 26250024 26319003 26334007 26339017 26347005 26347010 26391023 26434025 26435004 26450023 26575011 26588007 26663018 26704014 26754004 26843007 26931006 26984003 27138024 27190003 27211023 27348024 27719042 27807026 27822022 27850004 28016007 28046014 28068008 28120031 28137011 28143031 28147036 28149002 28150013 28160015 28163019 28167028 28172020 28211008 28307011 28339036 28364004 28365090 28372003 28385014 28394002 28406014 28406034 28417011 28422004 28428021 28438021 28467014 28487023 28548007 28572032 28592010 28612014 28612023 28622013 28624014 28646017 28747014 28747036 28757004 28760015 28822002 28842032 28879034 28883010 28915023 28950028 28992008 29004010 29070023 29101012 29123021 29130023 29146033 29216003 29218011 29244004 29328021 29333014 29334007 29338026 29343032 29368002 29370016 29373014 29390033 29405003 29425026 29484032 29485004 29497039 29542037 29645004 29678007 29737007 29769005 29772014 29780038 29804012 29805003 29819014 29841020 29923024 29967016 29981023 29988009 29992015 29996005 30036018 30058036 30118036 30154028 30184022 30190022 30253024 30254022 30394010 30409020 30421015 30424003 30443004 30476012 30501011 30576007 30589015 30592016 30631036 30682003 30825007 30911028 31001019 31030026 31057035 31076018 31086020
sẹ̌sanu|13|23271009 25189023 25754012 26091014 26917012 27838033 27984026 27985010 27985023 29886003 29958022 29974019 30951019
sẹ̌sasaěng|1|30766009
sẹ̌sawelangu|1|25275020
sẹ̌sawuhang|2|28008005 28967020
sẹ̌sewaěnge|1|27930013
sẹ̌sigěsakeng|1|30210031
sẹ̌sigẹ̌sakengu|1|30680033
sẹ̌sihasaěngu|1|30921023
sẹ̌sipirange|1|24993013
sẹ̌suiang|2|27729019 28593011
sẹ̌suieko|1|23178013
sẹ̌suěkang|1|27709026
sẹ̌sěmban|1|28588017
sẹ̌sěmbaěng|4|25408025 27547040 27954004 29462005
sẹ̌sěmpikang|1|29984033
sẹ̌sẹ̌dukang|1|29174012
sẹ̌sẹ̌mbaěng|1|27956020
sẹ̌sẹ̌suiang|1|26380017
sẹ̌sẹ̌suiangu|1|30385007
sạbarang|36|23277005 23277021 23790012 23830005 25214010 25386002 25428029 25459034 25495005 25653009 25832015 26182028 27549020 27855017 28668017 28903004 29139026 29218005 29229005 29229019 29406003 29430009 29443032 29482016 29485009 29529040 29743020 29908002 29986018 29995018 30030026 30046048 30483009 30486026 30513040 30535023
sạbarange|13|23487006 28432012 28534037 28566041 28673006 28746036 29217006 29483018 29643002 30028012 30454002 30458029 30527027
sạdia|1|29579007
sịdutu|1|29555018
sụsahe|5|23823020 24169003 24636006 25725007 25726005
sụsahoka|2|28497019 30946029
sụsake|2|27758024 31037023
sụsal᷊iwěbudě|1|26171030
sụsal᷊iwẹ̌bud'u|1|28005016
sụsangị|7|25168017 26557008 26879015 26881008 26883008 27179012 28518003
sụsarang|1|26050003
sụsasimpěllọ|1|30038034
sụsasuměllung|4|25381022 25384011 29329004 29329017
sụsea|1|27908016
sụsimbulung|1|25591009
sụsindạe|1|28758003
sụsingking|3|27529006 28414017 30334006
sụsohọ|1|30173007
sụsongo|1|25614010
sụsusu|2|23843033 28412035
sụsuě|5|23837005 24343014 26484004 30113002 30131007
sụsěbang|7|23652003 24479018 24483015 24848018 25166014 30859015 30968013
sụsěnnang|6|23583009 23703011 29967009 30499032 30559030 30863024
sụsěpụ|1|24487005
ta|230|23203013 23205023 23260017 23261015 23282020 23301011 23311005 23356039 23441024 23493007 23495004 23512009 23619012 23650008 23654012 23682003 23682009 23684008 23701009 23721043 23767005 23773015 23843021 23859049 23869009 23904003 23923013 23979011 23983014 23996005 24008010 24018016 24050022 24089014 24090014 24096022 24108007 24120015 24125011 24130016 24143011 24286007 24460008 24482008 24518034 24519014 24519017 24522004 24540016 24558019 24567020 24587004 24616013 24684016 24700010 24737011 24786016 24791011 24793029 24831010 24914012 24914018 24931009 24995026 25003008 25035016 25202034 25205029 25239009 25273022 25342016 25383024 25385046 25404020 25450014 25493015 25500015 25506009 25510017 25519014 25526023 25552015 25583006 25608003 25610016 25631018 25631026 25632012 25633009 25674028 25696006 25745002 25859015 25881007 25883009 25899009 25926020 25989033 26008013 26016023 26071017 26093020 26206013 26234020 26234025 26248017 26285014 26293020 26368028 26532007 26597009 26679005 26686022 26686025 26698013 26702005 26716022 26784044 26877008 26933023 27169007 27170015 27193007 27232031 27311012 27409043 27417005 27423019 27481010 27530006 27547034 27575023 27665015 27750052 27823005 27906004 27949020 27990005 28034039 28035046 28067011 28167041 28203010 28203024 28208007 28210024 28268015 28396019 28409003 28413017 28413028 28435018 28461006 28463012 28477008 28500026 28501011 28502004 28502025 28503005 28506026 28513004 28513013 28517025 28518024 28524006 28535061 28537015 28546004 28562038 28581025 28595007 28630011 28676013 28721023 28728009 28753018 28772011 28773007 28799003 28863009 28878013 28878024 29026037 29051042 29126002 29135010 29151030 29159021 29241018 29310012 29311021 29524012 29548009 29706018 29707023 29710030 29714020 29760004 29771012 29791010 29805016 29899025 29904019 29924017 30075005 30104003 30176022 30185023 30200030 30284023 30341013 30383040 30429020 30508021 30522006 30555011 30579022 30590021 30624026 30641020 30642003 30642011 30655003 30664023 30677002 30861005 30973017 30988012 31054003
tabeakeng|1|25449018
tabeạ|15|27476022 27761007 28358005 28360004 28360028 28796028 29056023 29553007 29557009 29558002 29939009 29939013 30266002 30479015 30673031
tabeạku|8|28340002 28342003 28344003 28346002 28346017 28351002 28798005 30673035
tabeạu|15|23287008 23529031 23597024 23677025 24412013 24413009 24416017 24568012 26487008 26772043 28359013 28721018 29783007 30740033 30917012
tabiat'u|1|26397006
tabiatu|1|29182002
tabidạem|1|29352013
tabidạen|5|28606036 29146022 29494038 29510032 29578013
tabidạeng|3|23956026 28678008 29226019
tabidạewen|1|29766006
tabidạu|36|23559006 23560007 23562008 23563009 24200013 24471013 24726030 24752003 25006001 25367010 25896010 26059020 26246005 27553021 27750033 28443025 28494012 28519013 28840006 28908013 29156011 29203040 29217020 29297004 29541011 30399011 30399017 30404011 30446007 30459021 30513012 30518006 30538007 30551013 30653024 30685034
tabiet'u|1|28281014
tabiete|1|29297013
tabietu|1|30336006
tadeakengu|2|29382008 30226006
tadeạu|727|23164019 23167005 23178028 23182012 23203004 23204006 23211013 23250020 23251009 23280001 23284013 23285034 23286011 23299019 23301001 23318005 23380020 23397035 23398043 23418007 23470024 23555020 23607023 23613026 23634007 23693008 23753009 23753021 23779021 23814016 23831005 23865023 23897028 23923017 23945015 23972015 23978002 24001025 24003025 24036013 24057017 24111006 24188016 24196015 24210014 24218025 24220031 24264012 24303018 24311026 24334025 24335012 24336001 24336019 24375009 24382009 24415017 24439036 24444009 24454012 24464029 24473017 24478015 24490003 24507036 24512016 24523020 24531009 24551012 24563018 24602012 24640023 24654016 24659018 24666022 24681018 24693041 24714011 24736003 24740021 24745007 24756031 24766023 24790020 24793010 24804024 24810015 24835009 24838009 24859015 24898004 24903013 24967020 24975008 25029037 25075012 25082014 25140012 25165010 25199024 25200013 25203014 25212030 25223025 25247014 25256010 25262021 25277009 25278021 25283009 25287024 25318039 25353013 25356026 25366020 25383008 25389020 25422015 25435027 25459029 25491006 25564012 25618043 25630017 25647014 25690012 25704012 25707018 25736013 25746018 25747020 25755012 25790015 25800020 25840008 25842010 25897009 25988009 26052007 26067011 26076014 26114021 26136001 26137017 26172009 26197015 26204024 26225027 26234005 26240024 26245007 26251009 26263031 26273009 26286013 26288012 26297024 26332021 26354016 26366028 26444021 26477012 26480013 26539015 26561024 26566022 26568025 26581028 26607011 26616020 26617014 26621010 26627010 26646008 26650014 26672016 26677015 26682016 26698015 26700006 26702014 26711008 26725006 26728008 26731009 26740019 26751019 26755021 26760006 26761020 26762011 26763008 26771039 26772051 26773022 26775005 26775018 26779011 26781030 26782015 26783009 26784005 26784020 26786019 26818004 26822027 26823035 26830021 26850020 26850029 26861016 26862005 26864010 26883058 26899006 26921008 26950020 26975022 26979008 26988018 26990019 27011017 27016019 27023017 27023030 27040002 27052020 27053002 27075019 27088013 27091018 27136024 27136035 27157012 27163012 27192014 27196008 27199012 27201015 27219015 27229025 27232021 27234040 27289009 27308018 27326037 27331027 27355005 27357019 27358045 27365025 27371025 27387015 27391023 27403007 27405016 27406034 27410030 27430029 27437016 27441024 27442034 27445015 27450039 27450047 27460001 27463015 27463041 27471011 27479036 27487004 27493026 27498028 27501024 27501033 27514018 27519017 27539019 27551006 27555032 27571013 27578005 27585034 27617018 27643010 27648016 27657019 27659011 27659018 27669035 27677021 27686022 27686035 27699040 27719020 27721014 27729009 27738043 27753024 27770030 27774002 27778003 27786007 27793010 27800001 27803028 27812025 27814024 27818007 27818023 27822024 27823038 27835009 27842001 27842012 27844009 27847024 27853013 27859020 27863064 27878010 27890015 27894016 27896029 27900020 27927023 27936013 27936024 27942008 27944007 27944027 27948013 27967031 27970015 28000013 28017007 28017027 28048006 28069024 28070013 28073014 28075019 28081009 28082045 28088012 28096044 28105032 28121006 28146011 28186017 28187009 28220005 28221011 28247019 28248013 28260005 28260016 28270026 28294010 28306013 28307008 28308010 28317028 28320011 28320028 28322015 28329009 28356025 28363022 28372009 28374020 28381024 28391013 28391028 28392017 28397009 28407018 28416028 28429026 28440021 28442035 28450008 28460011 28462009 28464011 28488018 28503042 28516035 28520005 28523023 28523035 28556023 28560022 28561012 28561048 28562022 28563014 28563038 28564012 28579018 28581048 28595033 28600004 28604005 28611004 28620008 28633014 28636012 28648028 28666010 28691030 28692016 28710022 28718010 28720010 28779026 28787013 28788012 28789017 28793009 28805014 28809009 28810014 28816015 28817020 28821034 28825030 28829029 28832015 28833006 28836004 28837020 28839011 28839028 28855013 28864019 28866025 28870012 28871015 28882054 28886019 28890008 28890024 28890027 28893008 28896022 28899015 28916022 28918040 28929033 28934010 28939016 28942031 28952015 28952031 28953006 28957010 28960016 28962026 28965009 28967023 28977023 28980032 28987049 28997032 28999036 28999055 29002012 29029029 29030002 29030030 29031007 29051014 29051029 29053018 29062019 29068028 29073019 29074008 29087017 29094048 29117005 29122016 29137013 29144009 29149025 29176005 29176015 29191008 29201026 29202018 29211016 29217004 29218025 29221006 29224003 29225003 29225010 29236016 29237005 29240019 29245015 29261003 29276008 29285004 29285012 29300001 29301014 29331006 29331018 29344011 29349009 29351011 29351026 29357006 29357019 29358018 29359022 29360016 29382022 29385012 29387018 29404043 29411017 29419024 29420015 29424016 29430049 29432007 29445013 29446009 29453028 29460013 29484028 29485007 29494031 29496004 29497005 29499005 29518012 29528023 29533026 29546005 29547002 29551007 29555031 29555042 29580019 29583018 29601013 29602018 29605047 29608010 29611018 29614029 29617008 29617021 29618032 29621018 29631008 29631011 29632006 29634011 29637003 29649009 29661017 29675034 29676025 29678020 29680010 29681003 29685017 29687021 29688013 29691016 29693023 29700005 29713011 29717020 29718007 29719012 29721005 29723009 29723031 29725004 29736011 29747001 29763009 29771008 29778006 29784010 29785016 29786027 29790012 29801011 29806010 29806036 29814016 29816008 29819011 29838017 29842020 29843014 29870026 29873014 29888021 29894032 29894039 29898008 29898018 29906018 29911008 29911016 29912007 29913001 29915007 29917009 29921008 29921032 29923008 29925005 29931001 29932009 29932018 29937011 29938008 29952015 29954010 29978023 29979017 29987022 29992032 29997027 30009002 30016023 30031027 30051016 30057017 30119021 30120051 30121012 30158007 30170005 30201011 30222045 30228014 30232023 30240015 30261009 30261016 30264003 30271003 30285018 30294026 30316010 30323009 30364006 30367035 30371013 30372014 30376065 30380022 30382036 30395027 30409039 30411022 30415006 30421029 30424016 30426011 30432043 30434026 30441018 30443028 30453017 30458025 30468001 30472013 30483029 30485007 30490010 30495006 30504017 30507018 30532034 30538012 30544017 30552011 30570048 30599004 30605024 30606005 30613017 30614023 30621008 30638009 30645017 30651009 30654018 30658022 30665015 30665021 30667016 30676037 30696011 30699023 30741008 30751012 30757007 30758012 30765007 30765017 30765027 30765050 30790012 30798021 30802039 30812022 30831027 30871013 30879011 30906011 30907013 30993022 30993029 31042019 31097012
tadịe|2|26539007 30352027
taghal᷊oang|1|27861007
taghal᷊ě|5|26829002 28869016 29563005 29669011 30203011
taghiawahě|2|26670005 28838005
taghuanengu|2|30649024 31008013
taghuang|12|23567007 23860013 23861009 23862009 23865006 23867006 24680009 24683010 24769007 25428023 25793002 29133010
taghuang'E|1|28134015
taghuang'u|2|23501026 25876004
taghuange|5|23865017 25765009 25794024 27064006 28487039
taghuangu|26|23418004 23592020 23794013 23796004 23798014 23800010 23801002 23804010 23864002 24001005 24678002 24753014 25399012 25499005 25544003 25563002 25564013 25566006 25790007 25791002 25792003 25794008 25795019 26494008 29133047 30477005
tagial᷊u|1|23378029
tagial᷊ụe|1|25647012
taha|10|24103002 25394017 25778026 25968007 26426022 27373004 29100015 30246025 30992013 31062006
tahaanang|1|27552024
tahainung|1|29740013
tahakalange|1|27899022
tahakontiang|4|30635032 30720060 30756010 31096017
tahangeng|1|27868047
tahanusa|11|27369002 27370006 27864011 27901016 27902002 27904003 27907013 27909010 27911011 27911027 30975002
tahanusane|1|27882010
tahanusang|9|27059030 27367023 27666033 27668009 27860021 27863058 27872016 27895017 30707040
tahanạ|1|25413023
tahapamitaugu|1|30653002
tahapamitaugě|1|30653031
tahapanemọ|1|23986008
tahapanumbiagě|1|29710009
tahapaněmba|4|28465011 28466026 31062013 31096014
tahapate|9|23880020 24110013 24168007 27011022 27904026 29706041 30595017 31062009 31096013
tahapěhabaru|1|28701016
tahapěhaghu|1|29905021
tahapěhampasě|8|23840032 24174003 24658039 24854009 25700022 26483030 26490010 26826017
tahapěhodatě|1|29710007
tahapěmate|3|26826019 29706034 30595011
tahapěmělle|6|23934013 23942013 23944012 23946012 23948012 25534008
tahapěname|1|27292018
tahapěnanẹ̌sui|1|28384018
tahapěndariha|1|29735002
tahapěngakal᷊ě|3|28465009 28478012 28907019
tahapěnggohaeng|1|24834005
tahapěnokol᷊u|1|27599006
tahapẹ̌bal᷊ikụ|1|31062011
tahapẹ̌dagang|1|23585014
tahapẹ̌gue|3|25969016 25975004 25976002
tahapẹ̌konti|2|29750003 31062018
tahapẹ̌koạ|4|23340017 25546021 29707003 30462013
tahapẹ̌silontahě|1|29743009
tahapẹ̌sundal᷊ě|17|23858035 23859031 28464017 28465005 28466022 28483029 28484012 28484020 30204008 30319006 30977025 30981021 30991012 31020014 31020028 31062010 31096012
tahapẹ̌sunial᷊ě|2|24133004 26791018
tahapẹ̌tingkaị|1|29710011
tahapẹ̌těngkiwukang|1|24007017
taharụdato|1|29029017
tahasame|1|27260016
tahasundal᷊ě|1|25619012
tahatako|18|23302016 23303018 24001016 24001026 25493030 25499011 25499018 25862008 26483028 26490008 26587018 28466037 29624016 29626022 30462011 30533009 30750039 30970007
tahatariang|4|27369026 27370012 27371010 27372018
tahatuari|5|23231009 23817018 24235012 24402023 24694006
tahaunsạu|1|24542007
tahawaelě|1|24327003
tahawal᷊ụ|1|27498006
tahawisarang|1|28701002
tahawuang|1|25700026
tahawukaneng|4|23479019 25230018 28478004 29734025
tahawukang|1|28466034
tahayulě|1|29755004
tahiti|7|23342003 24736011 27432019 30052007 30373011 30835009 30976029
tahitine|1|30892034
tahiting|2|30362032 30362036
taho|2|23606023 24433027
tahuakal᷊ẹ̌ku|1|29039034
tahumeangu|1|29739017
tahungkụ|62|23260044 23758016 23762013 24428013 24435021 25046015 25518051 25519007 25898009 25953013 27026012 27078011 27079011 27081057 27082011 27083007 27083021 27180035 27342009 27343007 27344028 27344036 27345015 27347010 27355025 27507012 27507015 27508008 27508016 27510006 27510013 27510023 27511003 27511014 27511034 27513002 27516012 27517009 27519013 27520003 27523019 27524006 27650021 27709029 27797031 27811029 27818013 27824014 27898012 29274007 29369044 29379033 29826023 29940018 29948026 29949019 29952028 29962009 30168008 30265018 30728025 31046014
tahungkụe|3|23261010 23608007 24834003
tahungkụewe|2|27509017 27857016
tahutěndakeng'E|1|29398018
tahutěngadeng|1|29045023
tahuwu|1|23320006
tahuěnna|4|25256009 28364011 28940020 30538035
tahěndunge|3|25978007 29898029 30680003
tahěndungeko|3|23255002 26031013 30750002
tahěndungku|1|28380021
tahạ|2|25305026 25365014
tai|2|30624039 30656011
taikakakědange|1|30997025
taikawera|1|28143042
taine|2|30358007 30358009
taing|2|23302011 23303012
taipakawala|3|28713011 28713015 30900012
takadeạu|11|25499017 27755013 28374015 28400005 28684050 29271015 29372009 29919008 30454017 30517019 30583011
takapěhal᷊ěkangu|1|26445021
takateng|1|25439007
takiah'E|1|24945002
takiahu|2|28898032 30225006
takidang|1|28798003
tako|1|30862015
takụ|203|23204003 23219011 23445002 23450011 23496003 23534014 23639015 23639023 23682016 23691020 23757013 23760017 23779019 23783005 23807020 23815022 23825014 23843035 23848019 24094025 24097016 24103015 24147020 24151013 24203039 24204023 24216007 24398012 24424023 24431020 24432014 24475014 24475023 24609010 24799012 24839014 24914002 24914027 24970012 25070008 25070030 25311027 25399028 25430034 25478022 25478025 25478032 25595024 25710005 25740017 25740027 25740030 25748015 25750015 25752010 25754036 25842006 25952009 25958033 26060016 26075005 26186010 26196024 26302024 26456025 26468006 26499012 26848009 26924018 26925009 26964048 26972009 27003018 27149021 27245013 27264012 27514016 27527031 27547053 27709022 27709025 27753038 27763017 27765017 27823011 27834006 27843014 27846025 27849012 27879012 27940019 27940031 27979015 28001018 28107012 28111007 28157002 28323021 28362018 28380027 28398014 28399002 28399008 28402002 28437020 28451040 28451052 28505028 28564004 28603018 28624002 28624008 28635039 28669007 28669017 28677045 28716026 28720018 28721008 28722002 28722013 28778016 28798006 28827026 28834016 28835025 28835034 28920014 28973010 28992025 28994021 28996017 28999019 29002002 29002007 29026004 29028023 29029040 29029046 29035014 29037021 29038018 29040012 29046017 29069009 29074014 29078003 29084029 29100009 29102017 29104024 29120002 29184022 29200005 29255015 29256015 29382003 29384021 29392022 29392028 29423026 29429010 29429016 29430011 29430016 29432003 29435023 29458022 29461022 29461033 29462004 29497003 29696016 29700016 29710038 29715005 29717016 29724022 29813006 29822019 29823008 29835003 29836004 29865033 29884011 29891011 29951004 29951008 30200010 30241036 30265032 30313021 30478005 30478014 30559005 30622009 30622018 30658004 30672004 30870006 30872013 30872027 30911003
takụbe|1|29043012
takụe|1|30696025
tala|58|23260022 23394031 23395024 23551023 23552018 23725029 23744003 24088020 24279043 24688063 24688070 24784016 25037015 25142024 25264019 25370017 25518027 25524002 25528012 25557030 25582027 25660002 25694017 25802021 26466006 26589011 27588036 27996002 27998002 28001016 28023017 28040055 28071002 28084032 28099013 28105016 28211010 28221016 28232042 28438027 28439017 28442024 28507008 28532017 28617030 28685022 29068014 29088029 29099047 29124015 29192009 29389024 30259053 30382014 30605037 30723025 30734010 30764010
talagạ|3|26215010 26218011 26218023
talane|1|28945021
talawue|1|28894032
tal᷊angko|1|28565023
tal᷊awuọ|6|28677014 28677022 28677030 28699027 29287011 30044012
tal᷊awuọe|1|28677007
tal᷊i|3|26111006 27873012 27884005
tal᷊imbukune|1|28928044
tal᷊imědoku|1|26893036
tal᷊imědone|2|24497012 26388026
tal᷊imědonu|1|26895014
tal᷊imẹ̌done|2|25611020 25645012
tal᷊ing|8|24223022 25042031 26072009 27346010 27346021 27888008 27896003 30323005
tal᷊oaram|3|23954036 25148011 28403005
tal᷊oaran|75|23176013 23244007 23356032 23434009 23460006 23537003 23547006 23562005 23581020 23600019 23612022 23687028 23748014 23810010 23835024 23852026 24145015 24151016 24203015 24211023 24213021 24276036 24303006 24331009 24342005 24390002 24455010 24504014 24528014 24549009 24556003 24848002 24867015 25094006 25127037 25205023 25238018 25253006 25289002 25321025 25340004 25348002 25394012 25433009 25473003 25518024 25771006 25888014 25920002 25962007 26009010 26266003 26360003 26377004 26379003 26457004 26457045 26561004 26601002 26887037 26922006 26974009 27336002 27536003 27745032 28330019 29131014 29319023 29377006 29554011 29717002 29845011 29860003 30426014 30986005
tal᷊oarang|83|23254024 23254045 23258008 23471017 23501009 23515038 23518024 23565014 23576028 23701004 23729019 23732017 23747006 23819016 23820008 23858003 23930005 24066007 24076011 24124011 24356011 24423025 24540006 24633008 24835015 25212022 25329004 25350044 25373023 25375031 25377018 25407016 25411010 25485005 25578006 25587013 25593005 25647004 25891012 25892028 26014007 26071011 26318011 26328017 26945024 26945055 26972050 27019016 27035017 27094003 27105007 27154025 27155006 27328003 27450037 27457025 27465052 27467008 27486002 27498003 27657003 27673035 28457026 28469004 28631005 29131020 29552014 29580028 29664045 29687029 30008009 30009007 30032006 30172015 30272005 30685011 30732020 30733005 30751003 30795012 30800013 30977005 31063003
tal᷊oarạen|2|24162002 24392011
tal᷊uahe|1|24464024
tal᷊udang|2|24094026 24097017
tal᷊udiki|1|28470028
tal᷊ungko|1|27689015
tal᷊urang|1|30728010
tal᷊ěntukong|1|24637018
tal᷊ěntụkon|1|25702024
tal᷊ěntụkong|4|23656016 23716004 23823027 23824028
tal᷊ětugu|2|24648006 25767021
tal᷊ẹ̌tugu|1|25445018
tal᷊ịewe|1|27896015
tama-ramahi|1|30474015
tamahuari|4|23898006 25809006 27143026 29553016
tamai|142|23178032 23202019 23213019 23311015 23353006 23355034 23377024 23461021 23468003 23568024 23586016 23591006 23593009 23614005 23654002 23740032 23758010 23876006 23942055 23960024 23984018 23991008 23992003 24010022 24019006 24074014 24091024 24178006 24247004 24254026 24358027 24410038 24422041 24463034 24503007 24581009 24615005 24639011 24719017 24720021 24783009 24787021 24794004 24831015 24863007 24881016 24932023 25016014 25034033 25090010 25092012 25095005 25122031 25285017 25312024 25314043 25315032 25329006 25398003 25490003 25654023 25739014 25834010 25864014 25869005 25920011 25988004 26082011 26111031 26112018 26333024 26337013 26348020 26448017 26514026 26532025 26535024 26539022 26552008 26555019 26603004 26672003 26804024 26928041 27005011 27086010 27105032 27130005 27162021 27232008 27237005 27293010 27330005 27430020 27431003 27433005 27472037 27560046 27562008 27607003 27669006 27669037 27677025 27743037 27804034 27835031 27835035 28007006 28464004 28472006 28476023 28556007 28674053 28789043 28959027 29025012 29046005 29084016 29265021 29287016 29308029 29385013 29430005 29512002 29532003 29623012 29667008 29763004 29764015 29844011 30116004 30488012 30492010 30493014 30495017 30796027 30909013 31087009 31097018 31099025 31100008 31101007
tamai-ramahi|1|30273024
tamaiang|1|26664037
tamaiang-Ku|2|26403031 26404022
tamaiko|1|24260008
tamakakaěng|1|28548022
tamakal᷊aěnna|1|27945013
tamakasasilo|1|30562032
tamakatarimạu|1|28717004
tamakawangung|1|27250014
tamalalolang|1|28566051
tamapakawalan|1|27904044
tamararenọ|1|30446028
tamararěnna|1|30734012
tamasěllung|1|29986023
tamatakụ|1|25693019
tamatatakụ|2|25691011 25976013
tamawawuhụ|1|30379024
tamaị|6|26036009 26789004 26864039 27114022 27207004 27285009
tamaịe|1|23259013
tamba|21|28259015 28291013 28294023 28296016 28302016 28348017 28351014 28358019 28469024 28476033 29199025 29421012 29445020 29649021 29939021 29947008 29997005 30055035 30309008 30487012 30487019
tambaga|4|23427010 25829013 30736026 30861033
tambang|1|28586018
tambaěng|2|23317025 25758012
tampungang|1|26706019
tampạ|231|23172006 23179037 23181026 23206014 23432018 23461017 23499004 23545005 23560005 23597022 23613015 23655007 23663005 23705015 23778021 23816028 23886019 23925005 23965017 23973014 24023020 24033027 24033035 24035025 24035032 24091010 24104004 24163007 24164002 24251015 24261012 24261033 24376002 24389018 24409002 24412012 24419007 24422020 24439030 24440009 24441010 24443015 24463030 24488007 24505005 24544015 24569007 24590007 24611013 24629030 24656029 24721012 24726016 24732010 24769016 24787004 24849005 24880031 24894011 24905019 24978014 25029007 25095012 25106014 25112016 25123010 25124008 25164019 25164035 25252005 25259004 25273039 25278003 25283013 25287009 25288031 25308019 25314017 25365024 25407008 25430017 25449011 25459006 25477011 25478030 25550020 25576011 25597027 25643010 25649019 25753026 25754034 25775029 25776021 25777012 25833020 25838003 25838013 25876011 25943007 25969004 26073014 26080007 26112024 26114026 26216002 26268008 26273023 26281014 26320014 26330008 26332014 26363020 26365024 26391013 26402020 26403030 26404021 26417005 26417015 26522012 26541008 26554015 26556007 26590017 26664035 26671012 26672005 26673002 26788009 26789007 26839023 26843009 26844002 26846009 26855002 26880016 26894011 26917021 26917047 26937009 26953013 26981038 26989019 27054006 27123018 27124028 27161002 27172023 27181016 27191027 27213005 27327020 27348006 27355049 27355053 27412009 27441013 27446046 27497023 27500008 27530045 27541018 27547013 27547022 27550033 27576022 27579026 27599010 27629021 27640036 27642013 27666036 27669002 27693013 27693053 27697021 27710050 27726019 27773016 27775014 27824008 27864018 27907004 27917013 27923019 27925013 27929010 27944044 27997042 28000037 28008009 28065010 28151035 28182003 28213011 28317005 28365032 28445028 28663012 28783029 28943009 29025017 29282015 29369011 29483021 29569035 29725007 30037002 30065007 30091037 30111030 30285023 30499034 30518021 30540034 30605047 30673027 30679029 30686032 30723038 30731013 30751031 30875011 30898012 30906021 30915014 30946022 30965009 30971010 31045013
tampạe|1|25080008
tampạeng|2|26806026 27635007
tampạewe|1|27782025
tampạku|2|29552039 30265026
tampạu|5|23883027 24009010 24136026 26177020 31049019
tamẹ̌saụ|1|28748032
tanae|5|23186034 25617016 27280003 27637005 29023008
tanakasilo|1|24519007
tanakạ|1|25150006
tanakạkiral᷊a|1|28637009
tanakạpate|1|27747020
tanakạsilo|1|24273027
tanakạěnna|1|26574002
tananusang|1|27869036
tanda|30|23480014 23481014 23483026 23528024 23529019 23529026 23529033 23674022 23677015 23677021 23677027 24894022 24916018 25422020 25435025 25944035 26898004 27072008 27110012 27153016 27190017 27418041 27455021 28323004 28386005 28663031 29108011 29671015 30893007 30948008
tanda-tanda|1|27183015
tandan|1|30569034
tandane|1|30461016
tandang|2|25435042 25436018
tanding|1|29833007
tandingu|1|28567012
tandunge|1|28566006
tanggunang|1|28946011
tangkianeng|1|24634008
tangkiang|1|29176032
tangu|530|23183007 23186015 23200032 23281028 23324002 23324007 23324012 23344010 23345007 23405006 23412005 23467008 23469012 23476004 23519002 23536009 23546006 23567025 23586012 23590013 23594007 23624011 23628013 23633011 23640001 23656026 23672009 23688009 23691003 23706006 23728023 23781004 23828003 23830015 23848043 23850045 23852009 23887013 23905014 23915011 23916008 23933028 23959009 23961009 24030018 24147015 24153004 24197007 24211017 24225004 24235005 24248009 24258004 24276008 24286034 24310017 24322006 24322011 24337025 24339024 24360037 24361005 24362028 24365013 24382007 24393009 24398013 24426005 24434005 24443003 24476001 24496002 24664014 24665026 24671008 24696006 24700024 24827005 24841005 24842008 24886016 24907002 24928013 24938008 24956013 24989012 25033023 25036005 25038019 25040016 25041004 25047018 25069013 25077011 25112007 25138014 25150014 25206012 25214005 25215014 25220008 25221006 25222008 25235031 25238008 25247005 25271031 25280005 25283024 25311022 25320029 25322008 25335009 25390005 25407013 25415007 25427011 25428013 25469017 25496018 25506001 25554003 25555016 25602007 25624008 25632016 25668015 25715014 25782022 25784008 25808023 25872010 25910005 25917031 26020002 26033014 26118002 26184037 26192014 26212007 26214003 26217016 26223005 26260003 26282016 26326014 26349011 26384018 26407005 26414001 26414011 26418004 26437024 26501006 26514028 26520002 26522003 26528026 26608022 26615035 26635005 26643007 26650021 26661008 26725002 26821008 26823012 26835015 26845006 26859010 26863010 26908007 26910004 26914005 26937003 26987030 27013036 27026018 27064003 27065007 27084014 27098010 27098032 27099010 27113003 27114019 27129018 27131027 27132011 27136003 27137005 27166023 27196015 27202011 27202022 27211015 27216008 27229006 27245003 27261003 27279012 27285006 27318011 27326004 27340003 27341013 27351006 27354019 27358013 27367008 27383019 27386005 27388014 27390048 27396002 27396033 27413015 27418029 27424019 27435011 27445012 27472002 27473012 27474009 27479005 27485012 27496021 27500040 27508005 27511017 27517006 27520028 27524029 27531014 27532005 27537017 27541003 27544016 27556011 27564049 27567003 27572027 27589007 27591006 27593004 27598016 27603017 27611003 27620013 27622009 27630029 27636018 27638025 27642028 27649002 27652025 27658003 27663007 27666038 27670043 27673012 27673031 27679008 27687027 27692012 27697036 27699036 27700013 27702025 27710038 27731003 27735022 27820032 27836005 27862002 27863032 27871012 27872021 27873007 27873029 27878004 27884033 27896033 27897008 27908021 27913027 27914002 27959011 27964009 27992033 28025018 28059005 28061016 28069039 28116035 28137021 28141027 28152013 28154007 28186031 28189005 28195032 28217004 28235030 28238010 28332019 28380022 28384013 28385022 28387005 28397014 28415025 28416007 28441004 28441021 28441038 28454013 28506013 28520003 28525019 28534043 28539004 28540028 28542021 28542037 28547012 28550026 28553025 28559006 28584026 28584050 28590006 28590016 28606025 28623007 28623031 28623044 28624029 28660003 28660009 28661007 28690011 28694008 28695029 28703022 28707005 28709015 28738015 28748038 28776002 28789046 28807019 28808029 28812013 28814041 28816005 28818024 28819011 28823003 28827028 28828041 28829021 28830005 28854009 28857012 28860043 28875022 28880006 28884003 28924061 28929011 28944004 28945006 28946050 28946059 28951004 28956004 28963015 29008010 29013005 29020010 29040016 29046032 29054022 29067010 29107011 29122006 29124027 29170024 29212001 29217026 29261007 29290006 29310030 29337010 29373015 29404022 29429005 29430034 29437024 29546024 29625013 29778005 29805008 29818003 29837006 29914015 29967043 29978007 29988019 29992012 29993004 29995033 30012005 30012027 30013005 30014023 30019005 30020004 30023016 30038042 30058030 30060006 30067025 30091005 30099004 30100009 30102038 30103004 30107003 30108013 30110006 30118042 30120024 30131024 30136014 30149004 30163018 30164009 30168020 30169015 30171013 30172019 30175003 30176003 30177003 30177043 30178003 30180003 30181003 30184003 30185021 30189003 30190004 30193003 30194003 30195003 30196003 30197003 30200003 30201003 30202003 30206003 30208003 30214014 30216019 30224031 30225003 30239004 30241003 30255003 30274003 30274020 30278010 30279019 30288003 30297001 30298004 30305023 30311010 30317017 30323016 30337012 30344041 30345003 30348008 30350027 30355016 30358010 30372018 30373007 30397028 30413004 30415011 30420016 30420033 30421023 30438003 30441033 30446004 30452002 30484026 30521032 30540017 30640018 30724002 30773020 30779001 30788008 30829011 30836007 30838007 30841004 30860027 30872018 30872029 30880009 30888008 30894010 30927024 30941005 30943014 30947014 30957003 30963011 31002005 31038026 31052003 31070003 31099013
tangú|19|27162005 27168020 27343004 27852012 28124008 28416014 28747011 28914010 29038003 29068005 30031003 30046003 30180054 30203003 30204004 30504005 30951003 30951011 31053003
tani|2|26779019 29530017
tantu|9|27853039 28058031 28403022 28502051 28554003 28565003 28789052 29145003 29489002
tanạpaghohě|1|31042033
tanịdatingu|1|26359019
tapengu|3|27332015 28921007 29393031
tapoěng|5|23573026 25540013 28461019 28462014 31007014
tarangkewe|1|30707031
taraị|3|24327005 25617008 28781010
taraịe|1|24430008
tarimakase|4|28086002 28776003 28923002 28972006
tarimạ|2|28282009 28717013
tarimạko|4|27176014 29055017 29464014 29956015
tasibu|1|25405010
tasibung|1|28519015
tatabeạ|2|28353015 30266017
tataghuaneng|22|25633019 25753018 26719005 26766022 26769027 26777005 26779006 26779016 27382015 27907008 28096030 28126031 28157012 28226030 28365023 28479024 28979019 28979036 29187005 29823023 29849020 30480028
tataghuaneng'E|8|27655060 28226039 29211020 29434034 29530016 29604036 29923023 30707035
tataghuaneng'i|2|28434006 29585018
tataghuaneng-Ku|3|26498007 27460023 30752036
tataghuanenge|9|23699011 24190011 24537012 26719016 28823012 29220032 29565019 29847019 30409019
tataghuanengi|2|28369007 28742023
tataghuanengku|2|25754030 26742008
tataghuanengu|24|24691012 24691019 26719033 26774020 26774026 26776006 26776012 28289031 28432016 28433018 28434013 28502019 28502039 28522033 28594015 29303013 29847027 30608007 30608028 30609020 30610026 30644010 30670019 31045019
tataghuangengu|1|28487042
tatahidaěngu|1|23248022
tatahoěngu|1|26587025
tatahutěngade|1|24115008
tatahutěngadě|1|23350034
tatahuěnna|1|30645014
tatahěndung|5|24068018 24764023 25884032 27414018 28625027
tatahěndungang|1|30680038
tatakạ|3|28605019 28606023 30111027
tatal᷊ikure|1|23277016
tatal᷊umbaghe|1|31099018
tatal᷊ung|3|29459007 29459015 30087008
tatal᷊ěntụ|45|23393013 25397020 25609023 27441019 27483022 28016003 28063036 28084027 28171020 28171026 28216026 28216031 28319020 28368014 28495020 28513026 28666014 28905026 29038036 29055030 29064013 29103004 29167026 29260010 29472029 29698039 29711006 29762005 29811029 29816010 29829005 29920007 29931003 30050021 30228010 30307007 30307012 30307014 30385016 30388011 30476036 30478054 30649007 30675006 30695012
tatal᷊ěntụ'E|9|24966004 27418028 28065036 28215013 28216007 28252021 29819033 29820009 31102006
tatal᷊ěntụ'i|1|30541007
tatal᷊ěntụe|3|23755006 24610007 29391006
tatal᷊ěntụu|6|28729003 28729047 30344004 30432032 30478042 30677024
tatal᷊ẹ̌ntụ'E|1|29205023
tatanata|7|24549005 27255037 30726012 30730012 30736013 30748012 31090040
tatanataku|1|29553024
tatanatan|5|23829007 30719011 30754012 30761012 30803025
tatanatan'E|1|28898018
tatanatang|3|24961016 27081007 27539017
tatangkianenge|1|24476009
tatapě|35|23554015 23554023 23993010 24749010 25860011 26314009 26710018 26786026 26848012 26857012 27180007 27501005 27596004 27876019 28043004 28232037 28445032 28744004 29361016 29380032 29386010 29438010 29489006 29732020 29841009 29878016 29906022 30166036 30400006 30568017 30570037 30655014 30743010 30744008 30751014
tatapẹ̌be|6|26704029 26710012 29276015 29654027 29700009 29732015
tatarimakase|18|24081012 24778012 27773008 28598008 28695040 28696003 28812047 28875016 28969020 29502036 29534041 29718014 29751021 29752021 30257021 30329004 30330007 30778012
tataěnge|2|24910005 24911034
tate|2|25127010 27128023
tateghang|2|28574007 28579007
tatelorě|1|28307021
tatendenge|8|28425022 28426013 28558011 28559007 28559013 29782031 29801015 30279024
tatengko|1|30517005
tatiala|14|23961040 24103011 24260034 24891002 25008031 25375014 25672024 25852012 28034010 29303019 29409017 29696018 30925020 31013011
tatialam|2|29620014 30957024
tatialan|15|23676030 24722025 24725021 25516023 27432009 27564022 28611020 28701007 28701024 29091034 29206016 29220031 30936020 31038033 31043056
tatialane|9|23172027 24799006 24986004 25834017 26288008 29241035 30122010 30926013 30938036
tatialang|6|23988003 25422024 28543028 30174005 30554012 30556019
tatialạen|1|23948027
tatikilange|1|27250016
tatimbuhung|4|28611015 28855012 28857013 28858009
tatimbạ|1|26168007
tatingang|1|28421035
tatingangko|1|26031004
tatingkaị|3|29573018 29654034 31096007
tatiụ|1|26952008
tatoarenge|1|30808011
tatompe|1|30948029
tatonda|1|28780022
tatongka|9|23285006 23286006 27103036 27337011 27338014 28952029 28958012 28959039 28962017
tatongkang|1|28962032
tatongkeang|1|30979039
tatualag'i|1|23906006
tatualage|2|27707021 30068006
tatualagu|1|27817011
tatualagẹ̌ku|1|27827024
tatuhụ|5|23284007 28187007 29404053 29431018 30486031
tatuhụe|1|28068012
tatukus'ě|1|26568021
tatukuse|1|30711027
tatul᷊adang|1|23192032
tatumbiag'u|1|29585025
tatumbiagě|7|23245005 23561019 24341020 28152017 29265013 29654036 30825027
tatungkeang|2|30167005 30513048
tatuntukang|2|28031007 28061020
tatupị|1|26722026
tatuwone|3|24351022 28757006 28757021
tatuwong|1|27606003
tatědọ|3|27646008 28829014 30128024
tatěllu|25|23623005 23705026 23798012 24176004 24456019 24544022 24861003 25335030 25980018 26998013 27263006 27290017 28679008 28679023 30632004 30841027 30859008 30968006 30969013 30974006 31067003 31067009 31067013 31067017 31067022
tatěntang|1|25473023
tatěntirong|1|30656012
tatěntironu|1|29764008
tau|991|23151006 23157003 23162017 23162030 23172017 23173016 23174012 23196015 23200003 23259016 23260024 23263011 23263017 23285008 23322002 23341012 23348003 23382006 23382027 23386023 23391004 23394021 23400005 23402025 23407012 23408007 23414002 23423017 23423025 23424006 23465004 23465014 23479016 23484007 23492003 23500005 23503007 23505005 23512019 23514002 23515005 23519017 23528009 23535023 23535031 23584030 23640002 23641004 23646017 23648006 23664007 23674002 23679010 23679013 23684021 23685025 23766002 23770002 23772021 23779004 23781007 23783008 23786015 23787013 23792025 23807015 23823004 23830009 23830016 23841005 23850024 23852020 23858019 23872007 23885007 23888003 23896007 23897032 23901013 23907003 23907014 23914002 23921005 23932008 23933008 23934008 23934031 23942008 23944007 23945003 23946007 23948007 23981026 24044022 24047010 24052003 24058010 24062004 24062025 24065015 24068011 24102038 24112022 24124026 24127011 24129012 24131008 24133032 24134011 24139023 24141017 24142010 24148012 24149019 24150007 24154041 24162016 24171014 24172019 24192012 24208008 24211024 24219003 24240003 24241011 24242007 24242015 24257004 24257010 24264010 24265027 24266013 24271026 24277008 24279010 24279033 24285002 24290011 24294024 24295002 24316007 24316017 24351026 24353008 24373015 24378013 24380008 24381007 24387003 24397010 24410034 24467007 24469004 24490017 24496022 24497004 24497015 24497026 24498015 24499002 24501027 24512003 24516005 24523024 24524006 24524021 24524028 24526008 24526012 24577014 24600015 24606010 24609004 24610004 24611006 24614008 24622034 24636011 24638015 24641020 24666018 24686004 24687004 24692008 24696007 24697012 24703010 24718013 24739026 24758021 24758046 24760019 24760026 24768016 24776025 24798037 24808016 24813005 24822024 24828014 24829012 24836012 24839016 24839021 24845010 24866021 24880014 24974027 24999015 25008025 25030013 25082033 25082036 25091026 25098003 25099010 25099019 25099029 25103007 25121006 25122005 25125012 25126020 25128015 25129006 25129016 25132028 25138004 25141011 25149004 25153017 25154006 25155014 25155026 25157010 25158006 25186011 25186014 25189033 25199019 25205019 25208027 25208037 25209006 25218017 25218020 25218023 25218030 25218033 25226002 25232003 25233021 25235003 25235019 25237009 25238024 25240007 25244006 25245017 25246006 25271032 25276005 25276014 25279008 25282016 25284002 25285015 25292006 25311017 25351009 25354005 25359009 25361013 25364004 25376005 25378002 25395013 25396006 25396013 25397014 25398005 25398027 25400022 25400025 25401012 25420017 25428014 25432026 25432035 25438018 25445012 25447017 25448004 25449004 25459013 25461028 25493011 25520012 25521008 25521025 25533009 25540007 25542003 25551007 25555013 25557010 25558006 25558015 25570006 25571007 25575031 25575036 25591014 25628007 25639010 25640004 25641003 25642012 25645004 25648006 25651002 25668017 25670003 25671006 25672002 25699005 25699015 25703019 25707004 25710012 25711019 25712002 25713005 25713016 25714008 25726002 25727002 25729008 25730010 25746023 25771003 25779019 25781029 25808034 25812002 25813010 25830006 25851011 25916011 25922011 25924012 25924021 25931004 25938015 25939013 25940023 25942010 25942012 25950008 25961010 25962012 25971009 25973007 25975003 25999009 26010014 26011013 26013011 26069005 26071016 26076015 26089005 26090016 26090037 26092016 26094017 26102015 26109004 26114003 26122007 26146008 26147014 26160006 26166008 26166011 26166021 26166027 26175010 26179003 26179012 26179031 26184018 26184029 26184049 26185002 26196002 26196014 26199005 26212005 26216006 26220006 26221005 26221010 26222002 26224002 26225007 26226004 26229008 26299002 26310004 26310012 26344010 26354007 26356024 26360027 26364034 26364039 26364042 26364047 26374016 26376008 26377011 26379004 26379024 26385008 26385012 26385019 26389029 26391027 26392008 26395010 26404004 26413008 26430017 26434002 26439002 26441002 26442008 26443014 26447020 26448015 26450018 26450021 26453003 26454014 26454019 26454027 26456006 26457006 26457035 26458002 26458007 26458015 26458024 26459008 26463018 26464009 26465006 26465026 26465029 26466008 26470014 26474002 26476010 26476019 26479005 26480014 26487013 26506003 26513002 26523024 26526005 26532009 26543002 26557010 26560002 26563011 26570009 26571003 26575029 26576005 26578013 26581010 26582018 26590002 26592005 26600003 26601013 26623027 26664025 26724013 26788003 26789030 26791002 26793017 26803019 26806028 26811020 26814018 26815015 26817016 26819018 26821006 26824021 26825024 26829012 26831023 26847011 26847022 26857042 26866026 26883023 26930027 26935004 26957013 26961002 26972014 26999010 27000003 27002002 27003027 27004010 27004022 27009011 27009033 27013012 27013037 27024023 27028009 27030019 27032029 27033011 27033017 27033038 27037008 27045002 27046029 27050015 27050020 27077011 27081043 27088018 27091019 27095016 27097011 27103012 27103018 27107052 27111026 27111032 27113015 27114010 27118010 27125064 27126018 27139005 27140018 27141012 27141023 27143006 27145014 27146010 27152010 27154010 27159032 27186019 27191008 27192011 27194010 27204029 27207014 27219011 27228018 27229010 27230011 27239028 27240008 27246008 27262023 27267024 27282024 27288015 27291002 27292003 27292006 27295023 27296015 27298013 27299014 27305028 27310008 27341011 27349038 27358007 27368015 27369015 27369025 27370017 27371009 27379017 27380020 27382012 27406013 27408003 27411005 27416026 27416030 27417002 27417011 27419012 27420003 27420012 27423007 27424013 27442039 27446026 27448006 27450044 27455042 27457019 27462015 27485022 27485035 27493016 27497027 27498013 27500041 27502007 27522029 27526015 27528014 27529002 27534026 27536013 27537003 27541009 27545003 27546020 27555046 27560010 27562014 27562018 27563024 27564057 27565022 27565032 27570009 27572011 27572014 27577020 27582003 27586010 27590028 27596023 27599002 27602002 27603002 27610027 27614024 27615018 27619019 27620011 27620023 27621017 27630020 27631017 27631022 27631033 27637011 27639007 27646031 27676044 27676051 27681031 27684024 27686014 27686048 27687006 27690007 27693003 27693023 27693041 27694013 27694032 27703006 27704007 27708004 27710031 27713017 27717022 27726025 27729027 27735013 27741014 27741042 27742006 27742009 27743005 27743029 27744026 27747003 27749013 27762007 27765010 27771013 27775005 27775021 27775031 27778013 27782005 27789003 27794016 27797020 27799009 27804008 27806008 27807034 27812013 27812021 27813006 27814025 27816030 27819013 27821021 27826023 27827012 27829027 27831041 27833015 27841017 27844059 27845004 27847042 27858032 27865007 27917008 27917064 27919003 27920026 27929006 27947020 27972011 27973021 27976010 27980018 27982010 27990012 27991002 27991009 27992002 27993007 27994009 27995006 28001007 28001022 28012011 28021006 28022010 28085021 28094019 28124015 28126028 28162014 28177021 28180009 28183006 28183010 28186012 28187002 28201011 28208005 28211014 28212033 28221005 28221029 28222002 28225029 28227012 28227053 28231008 28233004 28234036 28238002 28238036 28239009 28240022 28241004 28277011 28285015 28287009 28287036 28295027 28296037 28298019 28299008 28303029 28304018 28312009 28331029 28331047 28331054 28335009 28341022 28342019 28350018 28386010 28387024 28387034 28387041 28388011 28406012 28444018 28449014 28460007 28466017 28467007 28474010 28475004 28486018 28500023 28500041 28501024 28502002 28502014 28502023 28502034 28502056 28506015 28543023 28561002 28561009 28561015 28563011 28586002 28597010 28600015 28605023 28606038 28612008 28620015 28648008 28669012 28690020 28702030 28703016 28703032 28716018 28731019 28732003 28735003 28755002 28778007 28790013 28796033 28797016 28855014 28959016 28970011 28988028 29012009 29012019 29014007 29015004 29025004 29026008 29026032 29066021 29074019 29089019 29089034 29090014 29090027 29091053 29092011 29094012 29094031 29096033 29096044 29097007 29099032 29111013 29117016 29131008 29162024 29162033 29190021 29191007 29192012 29201031 29241006 29241021 29244013 29247018 29247027 29248009 29249008 29258012 29258025 29258030 29260024 29376008 29427011 29427018 29458005 29510033 29529011 29529024 29554012 29585042 29587019 29609011 29625031 29648008 29724011 29741012 29777021 29777026 29780005 29790002 29791005 29791018 29799021 29810016 29888026 29907008 29955021 30101026 30101030 30123020 30125011 30125045 30145003 30195015 30201017 30202004 30202018 30203004 30204030 30207021 30231014 30232013 30234004 30277002 30293017 30297008 30297028 30319026 30349024 30355017 30374025 30375018 30463010 30555016 30556009 30562009 30606029 30619016 30619019 30641011 30641067 30656020 30657011 30664015 30664020 30666015 30667006 30669034 30727032 30732034 30738016 30756014 30779012 30787017 30796025 30893014 30896021 30897002 30897023 30898002 30905020 30906002 30907010 30908006 30909006 30909018 30942018 30979022 30982004 30985023 31020012 31047017
taumata|2069|23173028 23200028 23225018 23229016 23234013 23234021 23235004 23236006 23248023 23250002 23251008 23254015 23254037 23257012 23257026 23280019 23280024 23280031 23280035 23283007 23284011 23285019 23288007 23288023 23290010 23295011 23297005 23298008 23299011 23299020 23315005 23318003 23319006 23319023 23329003 23330017 23331015 23338003 23339007 23343015 23345008 23347012 23356021 23357004 23362003 23362034 23364003 23368012 23373010 23374015 23374025 23382003 23388002 23388020 23390020 23390023 23391025 23396002 23403020 23405003 23415034 23431002 23436029 23439004 23444004 23450008 23463016 23465007 23465017 23465028 23467014 23471006 23472014 23478013 23479012 23479024 23480018 23481027 23485032 23502002 23502016 23505021 23506009 23513002 23519007 23524003 23525019 23529006 23532015 23535043 23536007 23537004 23542003 23542019 23550017 23553008 23557006 23559007 23560008 23562009 23563010 23564008 23570011 23571008 23573009 23574006 23576006 23578012 23578025 23579017 23581011 23581015 23589011 23589015 23590003 23594017 23600020 23603015 23603018 23608004 23611021 23612009 23612019 23617006 23617046 23620022 23621002 23633003 23643014 23644005 23645008 23652015 23653010 23654005 23664002 23666013 23667020 23669005 23670034 23673006 23686020 23690013 23696026 23713012 23715011 23718012 23723024 23726036 23734006 23735009 23738009 23742013 23765002 23766020 23767015 23769022 23770014 23774007 23774014 23775004 23775023 23776002 23784021 23785016 23789009 23793003 23794021 23799014 23800005 23809008 23809015 23816032 23821021 23822009 23830003 23837018 23838012 23839013 23852013 23853008 23853015 23868009 23868018 23873014 23873018 23874007 23876008 23882010 23883014 23889039 23889051 23891015 23896018 23896022 23901004 23903004 23904012 23905017 23905023 23906002 23920006 23923016 23924010 23932012 23932017 23936003 23937011 23947012 23948028 23950012 23952009 23953009 23954014 23955007 23963003 23963021 23968006 23969008 23970006 23992008 23996008 24009011 24037010 24038003 24038017 24050015 24053022 24064012 24100030 24102021 24105013 24110006 24137022 24145016 24145021 24147004 24150012 24154026 24155002 24156010 24172004 24183022 24194004 24194022 24200015 24203016 24220014 24221002 24233016 24243002 24248012 24250005 24253013 24260036 24261002 24261038 24263003 24263020 24265004 24274011 24276015 24276018 24276021 24277019 24277044 24278037 24282003 24288013 24288015 24291026 24292005 24293028 24296012 24298020 24309009 24312006 24317003 24320018 24321005 24325031 24334005 24338005 24340010 24342009 24344010 24345009 24348018 24357006 24360013 24379019 24385022 24386012 24389010 24392012 24395019 24396012 24401005 24410015 24420018 24422022 24425009 24428007 24428028 24439004 24441004 24442010 24449039 24453024 24454004 24470007 24471010 24472011 24476006 24477010 24478005 24479010 24481006 24485013 24487013 24496003 24497008 24501003 24501030 24502008 24503005 24505016 24507005 24507039 24523010 24525014 24528022 24534023 24535007 24537005 24539022 24551039 24553019 24554002 24556004 24558018 24562013 24564005 24565027 24569020 24570015 24574034 24591022 24593005 24595010 24598010 24603027 24610025 24612014 24616009 24620004 24621021 24622032 24634020 24635019 24637004 24643030 24649002 24656023 24659029 24667007 24671012 24673009 24673015 24686032 24688036 24688044 24692022 24697004 24699004 24700002 24701005 24701011 24707002 24715014 24715024 24717030 24724002 24724016 24731007 24731014 24732024 24755011 24767012 24796034 24798020 24803009 24813014 24813030 24826011 24833015 24838007 24839007 24842006 24842020 24855020 24858023 24888040 24889020 24892019 24895004 24904005 24908008 24909005 24911029 24915003 24916026 24930022 24944008 24960002 24965012 24973008 24977002 24988012 24992003 25008038 25018010 25026013 25032002 25033002 25033019 25036013 25041005 25047003 25049018 25079010 25084021 25091008 25092002 25094007 25095017 25100002 25104008 25105008 25106018 25109012 25111030 25116023 25117005 25118033 25122012 25122041 25123014 25127003 25127038 25138032 25140005 25140010 25145004 25147004 25154026 25156027 25164030 25166003 25167011 25173006 25174024 25175002 25175009 25178003 25180010 25181024 25182051 25184003 25184018 25184032 25185003 25185030 25194008 25195004 25196013 25197008 25205012 25206003 25207014 25208012 25208015 25215029 25216025 25216037 25217006 25217015 25218044 25220014 25224019 25225002 25225018 25227011 25230015 25230025 25231010 25245002 25250015 25251017 25258005 25261008 25262002 25262022 25265020 25281003 25281021 25282012 25288024 25291011 25291021 25293024 25304008 25308015 25311009 25313003 25314025 25315036 25318042 25320023 25325008 25332005 25339016 25340005 25343013 25345002 25346016 25362004 25370005 25373002 25373011 25377030 25385033 25385044 25410011 25420022 25433010 25435005 25436021 25439003 25450012 25456008 25458033 25461005 25461015 25469009 25473004 25475004 25475021 25481005 25490007 25501012 25506023 25514006 25518003 25520004 25523033 25534013 25536013 25542011 25543013 25551022 25555017 25557024 25566012 25567010 25568023 25570018 25571013 25579004 25590008 25591020 25596011 25596019 25599009 25629030 25636010 25636015 25636032 25637034 25644004 25651015 25652023 25653012 25672026 25673002 25675003 25677011 25679027 25697017 25698010 25698013 25700019 25702026 25703024 25704003 25704031 25705026 25715002 25716007 25721007 25725005 25729006 25732021 25735013 25736006 25739002 25739018 25740020 25743024 25753010 25754023 25762030 25763002 25768009 25771007 25776008 25780012 25781015 25784012 25786009 25789005 25796023 25798002 25800011 25801039 25801045 25806005 25807014 25807022 25813004 25814005 25817006 25818006 25818012 25818019 25825002 25835011 25844007 25859008 25862011 25865004 25867021 25887012 25892007 25912008 25917029 25928002 25938022 25940013 25941013 25950018 25954002 25956015 25960012 25961004 25963002 25965006 25966004 25967007 25971019 25986020 25997020 25997023 26011038 26039015 26049012 26052009 26054005 26057004 26058005 26059005 26069002 26106007 26119014 26121003 26121018 26125003 26126009 26126020 26129029 26136003 26137019 26139009 26140014 26147036 26155002 26177021 26178009 26180014 26181015 26185017 26186003 26195016 26198005 26218027 26224020 26232005 26232021 26234007 26236008 26239015 26240016 26243003 26252007 26254015 26260007 26267017 26269021 26271018 26280002 26281017 26282003 26283004 26291022 26295002 26297012 26303011 26303019 26309028 26321003 26321009 26333003 26341014 26341024 26351036 26352026 26353003 26361007 26362006 26368015 26369002 26372002 26375009 26378002 26380003 26382004 26384011 26394007 26397004 26397007 26398005 26412010 26444022 26449005 26472010 26472016 26473012 26473015 26480019 26487006 26492014 26503018 26504004 26515027 26517023 26523002 26524003 26548015 26549009 26550002 26561012 26566018 26568003 26568036 26572011 26586021 26587011 26593002 26597027 26598002 26599003 26601003 26613014 26623004 26624008 26627012 26632026 26651011 26660021 26666009 26709018 26713010 26762021 26766008 26769015 26780014 26810007 26817030 26830011 26837029 26857008 26857054 26867022 26897019 26917037 26940033 26943002 26945025 26948015 26951008 26955021 26956007 26963004 26964021 26967015 26973028 26974010 26977013 26981040 26987003 26989016 26991002 26991014 26993011 26997011 26997016 26997027 27006002 27008021 27012015 27024010 27025012 27025025 27027015 27035007 27035018 27036026 27039014 27040010 27044026 27048025 27055002 27064030 27071004 27071009 27072019 27072026 27073011 27074005 27080010 27081050 27083043 27085026 27086030 27086033 27089018 27092023 27094020 27094029 27096015 27096025 27097018 27098031 27102012 27103043 27107002 27111004 27114006 27117002 27123015 27128013 27139016 27161010 27165010 27180025 27181002 27183003 27184005 27185003 27186037 27187003 27188006 27211027 27224019 27230009 27238002 27238020 27247003 27253033 27258017 27259012 27265003 27277013 27278006 27282014 27286018 27287016 27288024 27293008 27294018 27295012 27298039 27299006 27300017 27301004 27302011 27302026 27303012 27304015 27309004 27309012 27321021 27325011 27327005 27328004 27328013 27328026 27329010 27332006 27332023 27334024 27334030 27341024 27344009 27350022 27352025 27357005 27360014 27373028 27374046 27378017 27385037 27385044 27388009 27389009 27390002 27394016 27401031 27404005 27406003 27406017 27408007 27410024 27411021 27420010 27426004 27426031 27428024 27429010 27429025 27430013 27431010 27433014 27434020 27434024 27435008 27436012 27442008 27443013 27444003 27444011 27446024 27446043 27451010 27455004 27457027 27460003 27465047 27465053 27476009 27476024 27478019 27486003 27488012 27494037 27505005 27506029 27515018 27516017 27517025 27529010 27529054 27530017 27532007 27533009 27534004 27537030 27541012 27541035 27545008 27546008 27548029 27549009 27549022 27550003 27552004 27553033 27554016 27555034 27564003 27568017 27571010 27576019 27584042 27585013 27585059 27590008 27590036 27594014 27595022 27595035 27595069 27596015 27599017 27604002 27604005 27605020 27612030 27612040 27613042 27614004 27617014 27618003 27619037 27621008 27621020 27627010 27629014 27634023 27638021 27647027 27657021 27689030 27692034 27693017 27695010 27696012 27697027 27698012 27699003 27705020 27710043 27717013 27720017 27727025 27737011 27738017 27738042 27741054 27743008 27748006 27756016 27782013 27785014 27785021 27785024 27786021 27788021 27791025 27794022 27796022 27800011 27832017 27834024 27840024 27844007 27846018 27847018 27877007 27880026 27893002 27914007 27922021 27923016 27930021 27936020 27947016 27948015 27948059 27949013 27949019 27950004 27950015 27950025 27951024 27951031 27952007 27952021 27954016 27957002 27957027 27959002 27960024 27962010 27964017 27964033 27969008 27972002 27973003 27974007 27976002 27979032 27983005 27983009 27984004 27984018 27985004 27991013 27991019 27992041 27996013 27999023 27999031 28000020 28000033 28004002 28007010 28012026 28012028 28013009 28014006 28014012 28014024 28015002 28016012 28016023 28017011 28017042 28018019 28018025 28026021 28028003 28028017 28029013 28029021 28029033 28030002 28031002 28032008 28032019 28034019 28034067 28035009 28036045 28039009 28040040 28045009 28046004 28047011 28051022 28052005 28054024 28055003 28055008 28055017 28056020 28060019 28060022 28062013 28062015 28062023 28063027 28063045 28064023 28065039 28066010 28066025 28067003 28067007 28067017 28068031 28076007 28082029 28093024 28097009 28106017 28120011 28120028 28120038 28121032 28122002 28122007 28122015 28122018 28123006 28124007 28124009 28125007 28126008 28129019 28130008 28144010 28145015 28151003 28161012 28167022 28172010 28172014 28172023 28175017 28176008 28182007 28189025 28189036 28189039 28192012 28193007 28194006 28194013 28195006 28196009 28197026 28199004 28199013 28201006 28201024 28201032 28203003 28204022 28205004 28206006 28206018 28213002 28216023 28235026 28235055 28239006 28242006 28248011 28253007 28253013 28254007 28254013 28254024 28254054 28260009 28261003 28262016 28263018 28264011 28269004 28271032 28271046 28277004 28277020 28280011 28281015 28283002 28283015 28284010 28284020 28286002 28286015 28290016 28290021 28292018 28297012 28299017 28301025 28305017 28309011 28315011 28320030 28322017 28323025 28324025 28337008 28339012 28339040 28352014 28354019 28354033 28355002 28355031 28356002 28357007 28362048 28365029 28371024 28381008 28384004 28385005 28389010 28389021 28390032 28399014 28400015 28401004 28404021 28404027 28404035 28408026 28409020 28412010 28412023 28413011 28414009 28414033 28414036 28420005 28421023 28421032 28425005 28425016 28426021 28428011 28429019 28429024 28430023 28431011 28432009 28439047 28443016 28443026 28444010 28445019 28447002 28449028 28453028 28454017 28466032 28466042 28467004 28467043 28472016 28476009 28476020 28477006 28478009 28478016 28481024 28484008 28485002 28486013 28495006 28496002 28501009 28503004 28511023 28529016 28529027 28531003 28537007 28538040 28539025 28544002 28551016 28553002 28555008 28560013 28561020 28563002 28563033 28568033 28575023 28579010 28581012 28583009 28598014 28601010 28605014 28606017 28623025 28630003 28638006 28638032 28641016 28644030 28647007 28663016 28663046 28667007 28667019 28668033 28671009 28673020 28674007 28680020 28681007 28681012 28681021 28682004 28682008 28686024 28692004 28695015 28695030 28696018 28698018 28698035 28699040 28700027 28701013 28701021 28701025 28701029 28706024 28707006 28734042 28739014 28740008 28740021 28740025 28741003 28741013 28742021 28748002 28748011 28748015 28748023 28748028 28748039 28748042 28751031 28752007 28753015 28754008 28761004 28780011 28793014 28804031 28805031 28810030 28812045 28813050 28820021 28831002 28835007 28835020 28840017 28840033 28842006 28843029 28844023 28845042 28851005 28851017 28856032 28858015 28862042 28875009 28889016 28890039 28890045 28892021 28892027 28893007 28894008 28894012 28895012 28896023 28897013 28897029 28908012 28909020 28913004 28923012 28927014 28927027 28929014 28929021 28935024 28941015 28946007 28954016 28964020 28966017 28968029 28969022 28987011 28990002 28990006 28990011 28994009 29003014 29008003 29009009 29011019 29016037 29026039 29026046 29028003 29029032 29034007 29046013 29050012 29059045 29059050 29067015 29067031 29068012 29068027 29068031 29069014 29070009 29081005 29084032 29086004 29086011 29088012 29089003 29094016 29094050 29096020 29096040 29097011 29098007 29099026 29099030 29103010 29109030 29110007 29110013 29112011 29113002 29118015 29119022 29119027 29122019 29122046 29124026 29124028 29125008 29128006 29133018 29137007 29149002 29155009 29161008 29166007 29169037 29172008 29175004 29179019 29180003 29180020 29182003 29184028 29187009 29193028 29199015 29201002 29204012 29205002 29226013 29232029 29233017 29233034 29237011 29241017 29241038 29242016 29245022 29257010 29261009 29271004 29279010 29281018 29281026 29284008 29287027 29290019 29295007 29297005 29302020 29302030 29308021 29310003 29311019 29312006 29319024 29320012 29320017 29334004 29344015 29345023 29346010 29350008 29374016 29375006 29395025 29396003 29399017 29399023 29407026 29412007 29421016 29424004 29424008 29424017 29425005 29440022 29441002 29445019 29446032 29448003 29450008 29472012 29489041 29492016 29493013 29494010 29503016 29503033 29506016 29511004 29513008 29515024 29517021 29518013 29524011 29526023 29528008 29529027 29541020 29548008 29552018 29563058 29570002 29573026 29575011 29575029 29577009 29584036 29586019 29603014 29604033 29608018 29610030 29612009 29613016 29615007 29616013 29617016 29617028 29618026 29619030 29625004 29626008 29627017 29629005 29629013 29630007 29630028 29634016 29636022 29636029 29645012 29656013 29658009 29660014 29665009 29665023 29665030 29666017 29666025 29668019 29670004 29672009 29674005 29681011 29681018 29687007 29690014 29690029 29693016 29703002 29706011 29706017 29706021 29706023 29706027 29706031 29710006 29711023 29712022 29712027 29713020 29713031 29718023 29719006 29721007 29722014 29723004 29723012 29723033 29724009 29732022 29735010 29738005 29739018 29743006 29748019 29750002 29751004 29758026 29758030 29759006 29760020 29761016 29763014 29764030 29765003 29772025 29774021 29774026 29788002 29788014 29790013 29791041 29793002 29795010 29798002 29798022 29799010 29800006 29800019 29800033 29801035 29805023 29806002 29810004 29825006 29830014 29830019 29837013 29838012 29842009 29843008 29844015 29845003 29846017 29847029 29850020 29852016 29856020 29859013 29863013 29864031 29866004 29867003 29867016 29870024 29872012 29873023 29874005 29879042 29894027 29900006 29901007 29902020 29903004 29903019 29907015 29908007 29908012 29909029 29912018 29912028 29914018 29919009 29920012 29926028 29932019 29935006 29945010 29951003 29967035 29984016 29984029 29986015 29986027 29986038 29987034 29988023 29989004 29992002 29992009 29992027 29993008 29995035 29996014 30001005 30021026 30025002 30027040 30032007 30034022 30040015 30045006 30046041 30047013 30047018 30057022 30061003 30061011 30062007 30072005 30072014 30073010 30073031 30079002 30081012 30089018 30091031 30093008 30095028 30099027 30107017 30115025 30117045 30119014 30121048 30122012 30130013 30133006 30134013 30134031 30135025 30137011 30148010 30161022 30163010 30167009 30173006 30173015 30177023 30179034 30180056 30182007 30185008 30186002 30186034 30204014 30210027 30216011 30219006 30227005 30228028 30236032 30236040 30244007 30244020 30246002 30246029 30248020 30272029 30273015 30277017 30278026 30281002 30287002 30290014 30292009 30295018 30298014 30299031 30300007 30302021 30306006 30306016 30308008 30308012 30311003 30312006 30312026 30317024 30318006 30321027 30322013 30322023 30327017 30328004 30329020 30335016 30337002 30338012 30342005 30344034 30346019 30350008 30350011 30355003 30361006 30372004 30375008 30375014 30375026 30392020 30397022 30398015 30398021 30399009 30404017 30411009 30411029 30412004 30412018 30414010 30415016 30416005 30417003 30440034 30443014 30443021 30445005 30445030 30448019 30449021 30450012 30451004 30452018 30453011 30453028 30458015 30464035 30465010 30465022 30466005 30467025 30467042 30471040 30471044 30487025 30496024 30500021 30501007 30502040 30503006 30503024 30506023 30507025 30508020 30509004 30509009 30510008 30510030 30511002 30515017 30515043 30517014 30519016 30521019 30521034 30522003 30526013 30530028 30532036 30539024 30540026 30556002 30560019 30561019 30567011 30568007 30568012 30569027 30570008 30573005 30578022 30583002 30585011 30586002 30604002 30605010 30606028 30608027 30610012 30610024 30624021 30624024 30630008 30634006 30643007 30647028 30653013 30653026 30655008 30657002 30657005 30669053 30671002 30677020 30678028 30680041 30688004 30688009 30688022 30689034 30691014 30692006 30696006 30701002 30705008 30711012 30715014 30716025 30720034 30720037 30733007 30741023 30751009 30776015 30789029 30798022 30803018 30809012 30815005 30820011 30820027 30839016 30845018 30848025 30851020 30856023 30859004 30860031 30861003 30874023 30875017 30878031 30883029 30884029 30891020 30917006 30917014 30917027 30919009 30922013 30923003 30924016 30925002 30927021 30933021 30934021 30937001 30938033 30940016 30941021 30949028 30951037 30957020 30957028 30958018 30963017 30965020 30973025 30976018 30981023 30982009 30996038 31007027 31011022 31013033 31018021 31019009 31021003 31023022 31024008 31027010 31028057 31038038 31043023 31044005 31044011 31045003 31051004 31051039 31052007 31052020 31052029 31057021 31071030 31081002 31081009 31081026 31090035 31092008 31093019 31099036
taumata'm|1|23504002
taumata-Ku|2|26822020 27568023
taumatam|3|28022026 29473016 30570029
taumatan|93|23255018 23356033 23368016 23433012 23433019 23482006 23531018 24591003 25208033 25376015 25436008 25438004 25438010 25608012 25629019 25953012 26064009 26152019 26197004 26501007 26569003 26579011 26825011 26838014 26846002 26955005 26964034 26986006 27073002 27326028 27327040 27334040 27387013 27413018 27434005 27487021 27504022 27505014 27511033 27560038 27648003 27685028 27692017 27811028 27824013 27828002 27832007 27847035 27857015 27898011 27904002 27944041 27975017 27987012 28001026 28222022 28235039 28236006 28259006 28415023 28466011 28500018 28542005 28546010 28703020 28767015 28914013 29016046 29056014 29072012 29085007 29096026 29241027 29249011 29274006 29308004 29530005 29536017 29538009 29568010 29587029 29620028 29627005 29940017 29956011 29958035 30046016 30208009 30243009 30417011 30475018 30593010 30756006
taumatan'E|3|26056008 29478020 29542016
taumatane|16|23493018 24103019 24286029 24286054 24799022 25150020 25151028 25362009 26224012 26354013 26657017 27693009 28596028 29187015 29197008 29819013
taumatang|30|23198002 23476005 23531010 23677006 23812006 23889014 24146006 24335022 24513009 24833011 24835016 24910002 25205024 25437012 26961007 26972005 27487037 27510022 27566019 27741025 27744007 27753014 28510011 28737005 29104005 29176007 29555008 30168007 30175004 30570023
taumatanu|1|25553028
taumatawe|4|25800018 28701008 29154025 29428023
taumatạewe|2|25137016 31038030
taun-taung|3|25015002 30131006 30135035
taune|5|23534026 25106016 25124010 26289012 30898010
taung|25|23186033 25027002 25028013 25089011 25479020 25479022 25526013 25528007 26573010 26575019 26799021 27250020 27658010 27787009 27797003 27930002 28327012 28943020 28959026 29076002 29142013 30137007 30372023 30856017 30906028
taunge|42|23400012 24390014 24407013 25010024 25011011 25016011 25049016 25288014 25289012 25530010 25535016 25618010 26116011 26216014 26439017 27045014 27123039 27140009 27147005 27153039 27159052 27381017 27383010 27384031 27780028 28042024 28362044 29025011 29083004 29120025 29492009 29773023 30005027 30013015 30022015 30531028 31041024 31042032 31043081 31044023 31045052 31046005
tawagě|2|30331007 30332025
tawahal᷊uas'u|2|25596023 25661003
tawahal᷊uasu|18|26172016 26641017 27721002 27959007 28270008 28779032 28958004 28988016 29054029 29193023 29569041 29613002 29623006 29958015 30100012 30152014 30426036 30578020
tawahal᷊uasě|1|23354002
tawakal᷊iku|1|29084039
tawang|1|25526034
tawe|1903|23163021 23164022 23170006 23170014 23204044 23212014 23214010 23238005 23248016 23249011 23253019 23253025 23255005 23255011 23261007 23267015 23271010 23284025 23287004 23289017 23291017 23298005 23298017 23303015 23303020 23307034 23309007 23309009 23309012 23311017 23311021 23312009 23315008 23317023 23318008 23320019 23333012 23333019 23335003 23335010 23336003 23342017 23343009 23354010 23376002 23392010 23404013 23413023 23416014 23426024 23426029 23431020 23432006 23444009 23444015 23446009 23455012 23456004 23456014 23466005 23471005 23478009 23480022 23495029 23497025 23497029 23501029 23509003 23510004 23510010 23515028 23519015 23520003 23520018 23521029 23522027 23526013 23529023 23533017 23546018 23553017 23553025 23553028 23554018 23557021 23557035 23559017 23561004 23561011 23562033 23586009 23597004 23598005 23598015 23636017 23640005 23645006 23657005 23672016 23676034 23677019 23680023 23681017 23684012 23691025 23700002 23709007 23710029 23713014 23716025 23717013 23718015 23720018 23723015 23724018 23727013 23734012 23736020 23737019 23741025 23745004 23745021 23753003 23758005 23763024 23772011 23775005 23775019 23775029 23789012 23796014 23799016 23799035 23806014 23808002 23818021 23819005 23846016 23848010 23852046 23854023 23857024 23859021 23859052 23878007 23881019 23884018 23885019 23885026 23889040 23889048 23890021 23896026 23898017 23899006 23902012 23903014 23922024 23935021 23937013 23942040 23949023 23954015 23954023 23957006 23958010 23970009 23979022 23980006 23980010 23987016 24001023 24001028 24012009 24033030 24033038 24035027 24035034 24038019 24042014 24051008 24051017 24052007 24052018 24052028 24053034 24054010 24054023 24079026 24084004 24095033 24097019 24109006 24110038 24115004 24117016 24118005 24142022 24144005 24154008 24154037 24172012 24196016 24210017 24223027 24250020 24261017 24263011 24265007 24278015 24281019 24309021 24313011 24313016 24314006 24315014 24316015 24318011 24330017 24331020 24336009 24336017 24337011 24339020 24341004 24341012 24343031 24345026 24346004 24346013 24362024 24364017 24368018 24384005 24388024 24402009 24411031 24413005 24414006 24417005 24419013 24419016 24427019 24434017 24439017 24459018 24466017 24467021 24467024 24468007 24468011 24469023 24469029 24472005 24482014 24482025 24483005 24488025 24488037 24501008 24513021 24517024 24518023 24540012 24548029 24557035 24568007 24571003 24573003 24579004 24581013 24583003 24583008 24585004 24585009 24587009 24598007 24604006 24604014 24643029 24654028 24664024 24667005 24667016 24672037 24674019 24688023 24688041 24692025 24693026 24695011 24698012 24699011 24706029 24737024 24738005 24742014 24748017 24762021 24776028 24780005 24789004 24790024 24792029 24793013 24804015 24810023 24815018 24816005 24816009 24823011 24825018 24827023 24832006 24850015 24858027 24882017 24885021 24888037 24890003 24891026 24892010 24909014 24911031 24916009 24918014 24927015 24931007 24949003 24981023 25000014 25000019 25011013 25019005 25024004 25042037 25043028 25066018 25068012 25075016 25088006 25089015 25090007 25099032 25105027 25113016 25139007 25144033 25145003 25147003 25177019 25184009 25184025 25188020 25189028 25190004 25190014 25191009 25191015 25193010 25195029 25196008 25202029 25203005 25226009 25229010 25238004 25238012 25240026 25241003 25241013 25242003 25256044 25258023 25259022 25260034 25263005 25263008 25263012 25265015 25271012 25295027 25297009 25307005 25329011 25329019 25332025 25338020 25341027 25343016 25347006 25352018 25355007 25360019 25364017 25374011 25388016 25388029 25406014 25412012 25413028 25413031 25414016 25423031 25427014 25429012 25435036 25444008 25452026 25462005 25462008 25462012 25464014 25470026 25477009 25479016 25481012 25484007 25484010 25484012 25486005 25487012 25487015 25487026 25493027 25493032 25493036 25499020 25506024 25507008 25507011 25508011 25516026 25517003 25519004 25522009 25524011 25525031 25530025 25535024 25543019 25551008 25554008 25554020 25558009 25559027 25574010 25580029 25581003 25581009 25584015 25586008 25587021 25589002 25618017 25618041 25623026 25624018 25629007 25634032 25647019 25647027 25651008 25652008 25652019 25672022 25690018 25691017 25693005 25693024 25706004 25706012 25716004 25723003 25735025 25753027 25754035 25755006 25758017 25759013 25762028 25774020 25776012 25776026 25780002 25785028 25788011 25801043 25806010 25807019 25815018 25816007 25820006 25827015 25841010 25845010 25847017 25861023 25871017 25897012 25900014 25901017 25905013 25918013 25932027 25933010 25940018 25945013 25950032 25951020 25958015 25965015 25965018 25977014 25980008 25986040 25992023 25995012 25998003 26003018 26015002 26031018 26033007 26044014 26050009 26055013 26056009 26061006 26072014 26075021 26120005 26123037 26124014 26126010 26126022 26132022 26133003 26137024 26139006 26139011 26139020 26141009 26144007 26148006 26148009 26157018 26157024 26159006 26162012 26166024 26168006 26171013 26172012 26174003 26201009 26205013 26205022 26221024 26225028 26230011 26233003 26235023 26241003 26241022 26242010 26249003 26249012 26251004 26252003 26253010 26254010 26255014 26258005 26265014 26275020 26280036 26282013 26293033 26294020 26295015 26302013 26308016 26311011 26311018 26311025 26321012 26322007 26322020 26323025 26324014 26330013 26334009 26336004 26337012 26339018 26344020 26347025 26357030 26357053 26363010 26363017 26364024 26365015 26365021 26368034 26374027 26380005 26381021 26389019 26393013 26394021 26395016 26397011 26401014 26403035 26404026 26406031 26409003 26411012 26415013 26417004 26419023 26422019 26425005 26425013 26426026 26426035 26427012 26428022 26429026 26431006 26432003 26433012 26434041 26436014 26437004 26437019 26439012 26457013 26457025 26459006 26463035 26468013 26472008 26473006 26474010 26482011 26487003 26487016 26488009 26490015 26495016 26498009 26503012 26507014 26508003 26508008 26510013 26511014 26519003 26520016 26523013 26528013 26533018 26534009 26550011 26554007 26556036 26561020 26568028 26578007 26580028 26586006 26600013 26605009 26617033 26618018 26620006 26621013 26623017 26623030 26627017 26628007 26629007 26630004 26638009 26639021 26639029 26647007 26647014 26650012 26664006 26664040 26667021 26668005 26669015 26671017 26679028 26680020 26686017 26687003 26688007 26693003 26693007 26699004 26699020 26704015 26704018 26705027 26705033 26706003 26715004 26720010 26722004 26722007 26722016 26722024 26724007 26724012 26724020 26728011 26731029 26734020 26734024 26736006 26737020 26739014 26740027 26743007 26744028 26745011 26746024 26751007 26752019 26753016 26756018 26765016 26775003 26786015 26797020 26806033 26814021 26816008 26816014 26817024 26822028 26824025 26830027 26832038 26835032 26837007 26837020 26846015 26849033 26857005 26859023 26867018 26873019 26885015 26891017 26891027 26892015 26893027 26893034 26893045 26893054 26897023 26898017 26902036 26905025 26907016 26910037 26911013 26922015 26922021 26922026 26924026 26969015 26972042 26974022 26975024 26977006 26977018 26981033 26981043 26981046 26984004 27003009 27020003 27034015 27036012 27036027 27037004 27039034 27043005 27044004 27048037 27052024 27064008 27082014 27083041 27086020 27096041 27099013 27103033 27112005 27122004 27122058 27142024 27149025 27152008 27152013 27156009 27165004 27168034 27198004 27198017 27209021 27209029 27216025 27224017 27225011 27226007 27226015 27226018 27239034 27243026 27245012 27255002 27274010 27288038 27289014 27294015 27295017 27316011 27317015 27320013 27325034 27326008 27347015 27352016 27357013 27361014 27373020 27374018 27388044 27390013 27390026 27391004 27397017 27398013 27400016 27401042 27404031 27409030 27430035 27432004 27444020 27444027 27452003 27453033 27462009 27467030 27481004 27490005 27503010 27505009 27505019 27548019 27549004 27551028 27553015 27571017 27578016 27584002 27595016 27622017 27626026 27636015 27643006 27647008 27651004 27652030 27654003 27657013 27658020 27660003 27679003 27686038 27699024 27700016 27710015 27714013 27723019 27727029 27730030 27733013 27736022 27736025 27743012 27743017 27743026 27744029 27747012 27747015 27749024 27749027 27749031 27756029 27756032 27756037 27762018 27764005 27781007 27782002 27783004 27787003 27788026 27801016 27804031 27805010 27807030 27808019 27808029 27808032 27813009 27813022 27814011 27815013 27817004 27821035 27822004 27824016 27832010 27850034 27855013 27856017 27863030 27863036 27870002 27871010 27876011 27877009 27877033 27877042 27887020 27887030 27889032 27890028 27897012 27906028 27917031 27918019 27921011 27921024 27924011 27925006 27926017 27931002 27931024 27945019 27951013 27951034 27952009 27952016 27957020 27959026 27961006 27962003 27964021 27967005 27984010 27986017 27988027 27989007 27990035 27997030 27998008 27999006 28000005 28009003 28010002 28013016 28014032 28017046 28019005 28025028 28028004 28029028 28031006 28032021 28033021 28034073 28037022 28037030 28038012 28038015 28042011 28042036 28043007 28053005 28061006 28061019 28061022 28062017 28063006 28071006 28075035 28078017 28078022 28083002 28083010 28089009 28095041 28098006 28098028 28099031 28100019 28101005 28107004 28107011 28110004 28110028 28111002 28118004 28120003 28124017 28124026 28125009 28126004 28126024 28129021 28135013 28142010 28149003 28149015 28150018 28156020 28157017 28162003 28175019 28176012 28177034 28185012 28186015 28187022 28188004 28189044 28192028 28200009 28201008 28203038 28204009 28207008 28209018 28209034 28212004 28214021 28217007 28218024 28218029 28220008 28222007 28230012 28231005 28233012 28234022 28235023 28239013 28240005 28240024 28241012 28259018 28268008 28270029 28277007 28280024 28282003 28294013 28295012 28296023 28301015 28303018 28304023 28307005 28324011 28325010 28325023 28362046 28371004 28372021 28377008 28377016 28378004 28380024 28381032 28385009 28385041 28392012 28393004 28396026 28397017 28399007 28400011 28402005 28403025 28407005 28408022 28409009 28409032 28412005 28418017 28422017 28431017 28437004 28437025 28438003 28442006 28445027 28447016 28452014 28456030 28469012 28469037 28470023 28476012 28477014 28478019 28480030 28481026 28489014 28490004 28490008 28492003 28492021 28493022 28496004 28497005 28499009 28499018 28504022 28504043 28515020 28515024 28519020 28524015 28524038 28525013 28525029 28526011 28528008 28530015 28532029 28536008 28536028 28536039 28536047 28541017 28542018 28543007 28548030 28553030 28556004 28557008 28557027 28559020 28559032 28568023 28573006 28577004 28587014 28588009 28589004 28589021 28593010 28595025 28595034 28600007 28606020 28608005 28609004 28610004 28612012 28612021 28614023 28615017 28622016 28628016 28632013 28633017 28635016 28638012 28638035 28644011 28649005 28656006 28656012 28656023 28659011 28659034 28660005 28667033 28669028 28670014 28670016 28670020 28671003 28671005 28671007 28671014 28673023 28674008 28686004 28686018 28688018 28690005 28693016 28695018 28695032 28696015 28700044 28729016 28730019 28731023 28732005 28732013 28733006 28733012 28733019 28733028 28734035 28734045 28735006 28735012 28736006 28748005 28751034 28755017 28755021 28761025 28769017 28769028 28777037 28784003 28788004 28789034 28808007 28809038 28814023 28818038 28824016 28824023 28825003 28826009 28828014 28830010 28830033 28832018 28838007 28849027 28852011 28855016 28860008 28861020 28862004 28863019 28864011 28864022 28868013 28868021 28869007 28869026 28876008 28877003 28878005 28890006 28894006 28897022 28899004 28902004 28902018 28908024 28909026 28911004 28913006 28913013 28919014 28919030 28922013 28925010 28926037 28927016 28928054 28931014 28941003 28946003 28948012 28948019 28960026 28961029 28975015 28978019 28980003 28982024 28984007 28985014 28986014 28987004 28997011 28999010 28999039 29000005 29001010 29002017 29017009 29017011 29021010 29024002 29026042 29029013 29030005 29030033 29034031 29034037 29035005 29036022 29037015 29039010 29044033 29044036 29044045 29046049 29049039 29051015 29051045 29052005 29054015 29065004 29070003 29070011 29074025 29075003 29077002 29078014 29080011 29084047 29085010 29087005 29088003 29088034 29094035 29096008 29103002 29103025 29107003 29107014 29113022 29115004 29119018 29120026 29123013 29128014 29131006 29144025 29146006 29159014 29162028 29165012 29169014 29169019 29170016 29173010 29174034 29180026 29180032 29181013 29182014 29184032 29189003 29196006 29198015 29201029 29202008 29203028 29204003 29211022 29223003 29226021 29242007 29242018 29242024 29242043 29242047 29257007 29260032 29271005 29291010 29291021 29292004 29300003 29308010 29308014 29310034 29311008 29316004 29332012 29332016 29332020 29347046 29362016 29376021 29380002 29398011 29406005 29407016 29407082 29416011 29423018 29425041 29428025 29434003 29435009 29448015 29450006 29453042 29481012 29482019 29488031 29508014 29514003 29517009 29518027 29529018 29529021 29543014 29563028 29572015 29572017 29576009 29580023 29581008 29586030 29592006 29594004 29596037 29604013 29615004 29616008 29616015 29619028 29628006 29642002 29645039 29658010 29658016 29665012 29672020 29672024 29674009 29685030 29686016 29687004 29687009 29687024 29688010 29689018 29689022 29690021 29693004 29700035 29701025 29704011 29706029 29716017 29724032 29725015 29725018 29729003 29734006 29737003 29738003 29742015 29752010 29755005 29769007 29772005 29777031 29780040 29785023 29785028 29788005 29789016 29790015 29791008 29792009 29793005 29794003 29794013 29796002 29796011 29799018 29803008 29805004 29819042 29826027 29832006 29833011 29837020 29841005 29841012 29842028 29843018 29847007 29852007 29857007 29857019 29861010 29863004 29874008 29887026 29898014 29899022 29900012 29900018 29907003 29908016 29909022 29909030 29912025 29912031 29914016 29917005 29917018 29921013 29921020 29927010 29933005 29933017 29933020 29937017 29938018 29950004 29953012 29973012 29976027 29977004 29980022 29981016 29983004 29986021 29986034 29989031 30006014 30007008 30008019 30014011 30015012 30015018 30016034 30017018 30017029 30018035 30020012 30021010 30021018 30023021 30026027 30026035 30030009 30030036 30036007 30043033 30044014 30049009 30053013 30055010 30057004 30057009 30062015 30063004 30063010 30064014 30068005 30068022 30072002 30076025 30079017 30081023 30083015 30084005 30086027 30088019 30089015 30091020 30093010 30097012 30100002 30102027 30102040 30105009 30111039 30113045 30114025 30115021 30118019 30120049 30123005 30130006 30135023 30136018 30136028 30138011 30139019 30140005 30142008 30142016 30145024 30160023 30162003 30162012 30171026 30172022 30174019 30178007 30178046 30179005 30180016 30186011 30189023 30196028 30197009 30200008 30204010 30205013 30205019 30212015 30215034 30217013 30220021 30221004 30224011 30226010 30227023 30229010 30230033 30231005 30233005 30233024 30238011 30238021 30238035 30238053 30240019 30241022 30244022 30247023 30248016 30251047 30252025 30256006 30259065 30264018 30271017 30273011 30274005 30274009 30280021 30280026 30284026 30287005 30290008 30293020 30305018 30307005 30308017 30310022 30311006 30311014 30312029 30314013 30314018 30320005 30320015 30322015 30328006 30328014 30332008 30332015 30332022 30337031 30337034 30340007 30340012 30340026 30340033 30343005 30349048 30355014 30359003 30361007 30361012 30364009 30372015 30372019 30374013 30379021 30383013 30383027 30392025 30394019 30394022 30395009 30404019 30406032 30407015 30408019 30409043 30410023 30419017 30422003 30422007 30423008 30423019 30426019 30431031 30432044 30443017 30445007 30448024 30451013 30451020 30456010 30464037 30470019 30484009 30489005 30489017 30490033 30494005 30500019 30501003 30505006 30506012 30511026 30512014 30513022 30513041 30515003 30515022 30516004 30516038 30519008 30522022 30528006 30531023 30532003 30532026 30537024 30539026 30540035 30546021 30549007 30549022 30551007 30551023 30561016 30566021 30572026 30573028 30574003 30574008 30582022 30585014 30586008 30586016 30586021 30589007 30589030 30590016 30594032 30595019 30597014 30601011 30607005 30607012 30610029 30612003 30612006 30622026 30624034 30631047 30635021 30635037 30637011 30637015 30641051 30641079 30643016 30643029 30653014 30655010 30666010 30668020 30669025 30669043 30673004 30678030 30682007 30682031 30683010 30683019 30685023 30685041 30685049 30692012 30697025 30699032 30701022 30720025 30721015 30722011 30729021 30731046 30732010 30735044 30739014 30742008 30742014 30742024 30749017 30749029 30750028 30750043 30752014 30755014 30764014 30777025 30784009 30814019 30820014 30827004 30827016 30845023 30846003 30847015 30861009 30861020 30861038 30862004 30868026 30875019 30879012 30882020 30884036 30886030 30893009 30924018 30926012 30930028 30931013 30932006 30938016 30948010 30951004 30951012 30955023 30963020 30964027 30964035 30966021 30970018 30984012 30984018 30984039 30984051 30984073 30986014 30987010 31001043 31008031 31015035 31016017 31016035 31017003 31017012 31021020 31042023 31043044 31043054 31044016 31045026 31050023 31058014 31058024 31076003 31077004 31079010 31079015 31084007 31086003 31086014 31093008 31098045
tawengang|2|25851008 30919007
tawẹapa|1|28737012
tawẹbe|2|27759018 28601016
tawẹdise|4|24202003 24880022 26875009 28895019
tawẹu|98|23286012 23301002 23366018 23397003 23432011 23444006 23444012 23447011 23477013 23477026 23919012 23960017 24283003 24346008 24369025 24391012 24502015 24503022 24547013 24578013 24655012 24657002 24708029 24738010 24750003 24791006 24887016 25091016 25224010 25289027 25442007 25466011 25560002 25568010 25833012 25842011 26048012 26123024 26124005 26153012 26184021 26218006 26297018 26323015 26342002 26348016 26355012 26356008 26359011 26373008 26402024 26410037 26510016 26725023 26732014 26749025 26750007 26772035 26795025 27035020 27057002 27073004 27201016 27208009 27210013 27850027 28003001 28003008 28011028 28012002 28288013 28410013 28638022 28688021 28689011 28847004 28919019 29098054 29118024 29238033 29625021 29833003 29887009 29908018 30009003 30058023 30078018 30227014 30570051 30754028 30754036 30755035 30758013 30764009 30783016 30811013 30820018 30955026
teleng|1|23599010
telengu|3|25078018 25101002 25123002
temange|1|30872019
temangeko|1|25479028
temangu|1|30872022
tempo|251|23194002 23235009 23370017 23395039 23438004 23485002 23529007 23599002 23619004 23676031 23694003 23700016 23729002 23791021 23968002 23974002 23980024 23981003 23987005 23988012 23998002 24058002 24146002 24225002 24239002 24269002 24281013 24321002 24394010 24423026 24429012 24439042 24619008 24619039 24641017 24654036 24722013 24732022 24735005 24762008 24869022 24905002 24958002 24975003 24977004 24999003 25001013 25041002 25089026 25109002 25125003 25126003 25143014 25159003 25227012 25334002 25407003 25431002 25436023 25460003 25500014 25516024 25525022 25532011 25570010 25637019 25696023 25719010 25719014 25732002 25775007 25815012 25848002 25854002 25941022 25943020 25966002 26143017 26144002 26178008 26184002 26210010 26220003 26246014 26262002 26279015 26331002 26359002 26362013 26387024 26504013 26545014 26554002 26556031 26579002 26597002 26616007 26688003 26743003 26743014 26744024 26744037 26745008 26746020 26746032 26753002 26756011 26804002 26877002 26928003 26928040 26930017 26940016 26955002 26971002 27015013 27018024 27021026 27094036 27103010 27117012 27119028 27121040 27122002 27122053 27130026 27137003 27158003 27235002 27251017 27254002 27319004 27335002 27339002 27345036 27361002 27404018 27431002 27450028 27453010 27502043 27550029 27604019 27609003 27643014 27645024 27695030 27702020 27718022 27774006 27788032 27840040 27852019 27865002 27865017 27869002 27908002 28017032 28042004 28050027 28087008 28090002 28097011 28098002 28135006 28138003 28155028 28165009 28215003 28278008 28328020 28401030 28433009 28433012 28439049 28447024 28453018 28579034 28674021 28679002 28743008 28773025 28779028 28783008 28849044 28877013 28999003 29002010 29032047 29046004 29074022 29080002 29146002 29147008 29147022 29161002 29198022 29228039 29232002 29233028 29242002 29262006 29321002 29321011 29321015 29350018 29354004 29369037 29382024 29430018 29621009 29654013 29710025 29714005 29714012 29749008 29756028 29777007 29808011 29877017 29895026 29965003 29966002 30001023 30009032 30050026 30115008 30118015 30166012 30166016 30185005 30193014 30199032 30223013 30239002 30381012 30386029 30395013 30445017 30450002 30502002 30506007 30506027 30529013 30728008 30731041 30879054 30886003 31042029 31042042 31046002
tempo'm|2|24697002 24758002
tempo-Ku|1|26337017
tempoku|2|24073018 30205010
tempom|12|23990019 24353016 24746020 28062007 28139018 28606006 28606010 28762002 29455024 29455030 30279006 30470003
tempon|87|23157002 23162029 23171011 23342002 23344002 23861004 23901003 23966012 24060010 24539009 24725022 24736010 24757009 24767011 24790026 25049002 25091004 25170004 25199002 25250012 25252009 25259011 25259035 25497009 25523014 25544002 25637015 25680003 25724002 25755014 25776028 25875004 25895009 26022002 26024016 26027023 26119009 26202003 26448021 26452030 26485014 26548014 26598006 26608028 26892021 26917005 27125028 27162044 27255009 27256041 27375002 27545017 27697026 27725004 27790014 28034035 28167031 28460018 28505015 28506006 28512010 28605006 28763002 28805008 28837002 28849002 28901011 28997002 29151019 29369047 29404017 29407071 29427003 29458019 29489030 29540021 29604024 29657023 29667011 29762016 29970003 30171029 30388017 30423013 30430007 30445014 30682011
tempone|109|23151005 23260016 23375026 23436019 23437036 23868026 23961028 23964024 23980008 23991014 24003033 24100024 24281004 24654039 24676003 24722029 24729022 24729033 24747017 24751015 24763023 24796027 24914007 24951002 24974020 24980007 25012023 25077020 25143004 25353004 25373018 25375023 25472015 25502023 25571003 25674011 25790002 25833004 25834022 25835024 25836022 25840005 25851024 25872002 25918020 25965005 25986024 26100012 26180002 26236004 26236007 26239012 26335003 26359020 26402033 26604007 26612004 26632012 26699012 26729013 26748010 26752014 26761017 26931011 27134004 27563015 27670004 27865022 28054016 28136006 28278019 28439006 28676003 28727018 28789050 28901033 29126004 29128005 29136003 29217034 29664011 29668015 29723025 29804007 29874004 29877006 29896002 30023008 30031035 30043005 30101019 30116024 30171012 30386010 30464003 30472019 30750048 30891009 30891016 30891025 30891048 30894008 30896025 30902013 30904035 30934016 30942033 31025014 31091021
tempong|143|23189006 23380009 23395029 23949011 23978010 23995011 24044003 24044012 24051003 24051012 24054007 24084011 24145003 24149002 24193008 24539025 24726035 24742003 24780013 24834009 24899002 24902004 24916003 24917002 25065010 25089005 25269002 25328018 25345014 25356003 25410024 25463005 25463010 25547002 25568021 25598002 25644013 25678012 25703006 25769002 25861026 25864008 25953002 25998019 26402009 26504016 26533015 26865013 26919002 26934008 26939005 26945031 26945048 27083002 27097003 27162015 27323003 27325024 27336027 27336037 27341033 27348002 27546002 27551018 27579005 27592003 27730003 27788002 27837003 27933007 28035042 28056009 28056016 28058003 28062004 28072007 28089002 28095009 28237010 28278031 28372011 28396006 28424008 28506029 28509003 28581035 28621004 28622003 28637005 28674006 28762014 28814043 28856017 28998002 29043006 29044007 29046021 29048004 29054011 29062024 29220009 29235003 29344006 29357008 29407032 29469024 29507003 29525014 29580031 29595002 29619017 29623010 29629002 29629009 29632008 29689002 29801029 29816019 29887002 30017022 30038002 30055029 30074028 30075023 30079023 30085017 30086012 30102015 30121056 30139004 30168011 30224004 30265035 30270015 30278002 30278032 30315019 30392010 30496002 30685002 30757019 30905002 31012004
tempọ|1|29237007
tempọen|10|25044012 25569002 26580008 26888011 26998016 28390012 29578008 29645042 30382051 30579012
tempọeng|7|23604002 27084002 27127020 27910010 28054002 28569021 28771020
temọe|2|23544019 24328019
tene|1|25031022
teneko|2|23196025 24219012
tenta|1|30952006
tetere|1|23250019
tiaha'n|1|27977028
tiahan|9|24471009 25444014 26351005 27686047 28035011 29085013 29100005 29174017 30162005
tiahane|2|29407078 30233025
tiahang|2|29933013 30142038
tialane|2|28386008 29414005
tiang|6|23651013 23666038 24483012 28481009 29017016 29787015
tiange|5|25605008 25642005 26942019 28481011 30872032
tiangu|2|23530011 30871035
tiasa|3|27007012 27605004 28249024
tiasane|1|29848034
tigal᷊ụ|7|25279024 30843006 30852015 30880015 31040014 31042010 31042015
tigal᷊ụ'u|1|30842023
tikạ|2|24123004 25929010
tikị|1|24098015
tilakehu|3|28664016 28716006 30097024
tilandang|1|30028014
timaedě|1|26087013
timaing|3|23179034 25164014 26009016
timaingke|2|23825005 24638004
timaking|1|29417029
timal᷊ang|10|24371015 24805004 24807008 25609026 25736004 26004006 26185011 27146015 27513009 30898006
timal᷊angke|1|26870004
timal᷊ikudě|2|29825012 30049006
timal᷊ěntụ|5|24442014 24503003 25209011 25401010 29419012
timal᷊ěntụen|3|23612013 23827004 24257003
timanata|1|23178010
timanatang|3|24149010 24259008 30195020
timangga|1|23370006
timanggạ|2|25195023 25196020
timanggạe|1|23344009
timatawangke|1|27141017
timatingang|2|30802003 30941004
timatěngo|1|25946009
timatěngom|1|30130034
timatěngọe|1|27257019
timbangeng|1|30799027
timeleng|9|23234006 24422018 27187029 27486013 27704013 28207028 31004020 31010009 31015029
timemang|1|30872034
timingang|3|24616003 25221004 25926005
timingangke|1|24822010
timiụ|3|25269012 27870006 27913018
timiụe|1|24361008
timol᷊e|31|23232014 23389036 23399010 23611030 23822010 24234011 24275039 24641026 24809003 25136010 25732012 25991010 26082012 26085011 26260009 26555020 26801008 26803018 27008004 27190012 27224003 27256007 27283032 27320025 27347004 27528005 29095009 29779009 29878004 30684007 30742009
timona|7|26823033 27836002 28082017 28173022 29389038 29394018 29436008
timona'm|1|24549018
timona-Ku|1|26396025
timonaku|1|28466002
timonam|4|26744046 28601017 29864010 30384002
timonan|13|23329014 24481020 26037012 26117005 26284017 26415021 27445008 28088056 28144012 29149012 29383004 29859007 30989009
timonan'E|1|26653017
timonan'u|2|30367024 30367031
timonane|16|25501006 26365005 26616033 26744016 27457022 28551005 28567008 28974036 29041036 29211015 29241029 29255006 29379009 29380011 29380016 30078002
timonang|5|27937002 28300003 28975020 30215002 30341016
timonanu|2|24823016 25782012
timuengkol᷊ain|1|30487021
timuengkom|1|30487008
timuhě|9|23532010 25515009 25548012 27203016 27863056 27869005 27872014 27913021 31067016
timuhụ|17|23949024 25661007 26142019 26348017 26766037 26866022 27081006 27877029 27986018 28145020 28216010 28646013 28757022 29864005 30329022 30538034 30757005
timuhụewe|4|25507014 26954021 28653024 31051045
timumpạ|1|26906034
timumpạe|2|23627008 23632012
timuwo|12|23313004 23545014 23567030 23573033 24331014 24332013 24356004 25253011 25254010 25487005 25488003 25540020
timuwọe|1|23566005
timědọ|1|25234015
timěmbo|2|27174013 27602010
timětal᷊ě|1|25959020
timẹ̌pasě|1|28060016
timẹ̌tal᷊ang|1|27654004
tinaine|1|26942023
tinakạ|1|24159012
tinalung|3|26849037 27334015 28041004
tinalungbe|1|29555045
tinantu|3|28153029 28287007 30504039
tinantun|1|28054018
tinantune|1|28146008
tinantung|2|27488018 29133032
tinantunu|1|27051010
tinganeng|1|29428014
tinganengku|1|30858005
tingangko|1|24719014
tingih'E|5|24176010 25982005 26239018 26248019 30239005
tingih'i|3|26490017 27352005 30792006
tingih'u|12|23210003 24227004 24725005 25030012 25048017 26150022 26236012 27148024 30003017 30011017 30012007 30022042
tingihe|22|24372002 25728016 26357013 26485012 26486023 26487018 26567007 26964025 27425003 28667030 30038015 30813022 30821003 30865005 30865024 30934005 30936008 30942012 30945018 30996002 31024011 31035011
tingihu|25|23188004 23964005 25614017 27360010 27360013 27719039 28667028 28771022 30517013 30533017 30708018 30770029 30774013 30791007 30795028 30850014 30892025 30920021 30929023 30973007 31016032 31019008 31021002 31024006 31024013
tingihě|49|23706019 23707007 24546014 25337006 25338002 25667014 25769022 26609006 26610008 26952003 26952021 26956003 27221008 27224014 27273004 27275002 27315005 27317002 27712012 27714015 27838013 29152015 30232007 30232016 30232024 30233009 30233012 30497019 30498006 30708015 30770021 30800010 30800018 30804004 30854012 30866014 30870003 30885009 30888010 30902004 30929004 30940004 30956004 30962004 30972012 30998004 31019005 31023004 31057004
tingihẹ̌-Ku|3|26498026 26509005 30767013
tingirang|2|25226012 28244013
tingirang'u|1|30294006
tingirange|2|28411025 29819030
tingirangkue|1|28443003
tingirangu|5|23740003 26011031 26011036 28390031 28411011
tingkaitang|1|25839012
tingkaitange|1|28446028
tinitan|1|25122035
tiniạ|1|31010024
tinode|3|28970006 29024013 29035015
tinongkạ|2|30140009 30142021
tinta|1|28845025
tinuhụ|1|28161011
tinuhụewe|3|28216006 28252020 28252044
tiněkạ|1|26863017
tiněnna|14|23653007 24485009 24911038 27055009 27816005 27849020 28699033 28861022 28868023 29013014 29290024 29908025 30027035 30741019
tiněnnaku|2|24897013 28693014
tiněnnan|25|23384005 23395007 23515004 23688003 23696025 23696028 23889042 23891004 24534022 24534025 24945012 25155007 25349004 25423005 26037006 27906036 27927003 27959016 27978035 28218016 28431010 28857018 28864008 28977016 29794006
tiněnnane|9|23856012 24380022 24393003 24680037 26575010 28520021 28522045 29513023 30274004
tiněnnang|19|23915003 24065004 24121006 24269008 24518039 24819017 26387029 26580023 26965009 28523043 28866026 29042003 29175008 29233025 29450015 29487016 29628020 29630015 30298017
tiněnnanu|7|23726019 25390012 25925008 26481019 27199016 28123002 29296005
tiněnnanue|1|28123012
tiněnnawe|1|28431016
tiněntang|2|27811025 30188005
tiněntangu|1|29159028
tinẹ̌gone|4|23670024 24778017 25318035 25884017
tipu|9|26969027 30352021 30843011 30843024 30844004 30858046 30859011 31003023 31012008
tipun|1|30843017
tipung|2|30832008 30955006
tita|27|23254009 23783002 23909005 23911003 23913002 23913014 24474006 24693014 24702037 24702041 24703005 24705014 24705019 25808008 25992027 26348019 27808006 27981007 29340009 29907012 30303022 30558012 30558018 30625006 30651021 30651025 30652010
tita'm|4|23780029 23921013 24473013 24608007
tita-Ku|10|23489002 23490003 24471015 26690005 26710007 26712003 26717004 30006020 30103025 30150025
titam|3|26387003 28507019 30554007
titan|14|23473005 24472002 26348008 27401047 27963006 28562042 29231014 29376019 29731012 30525014 30584006 30584015 30604007 30652006
titan'E|7|26631005 26710026 30555014 30602017 30627024 30628008 30628011
titane|1|29245005
titang|10|23164009 27531017 28277025 30110043 30125007 30304008 30305028 30306011 30522025 30700016
titigě|1|23253013
titikangu|1|29128016
tiukang|1|23989004
tiukang'E|1|23510011
tiwatu|2|23799031 25159023
tiwạ|1|29597035
toadu|1|27666024
tobangeng|2|27636011 27636030
tode|2|24689019 25804002
todẹko|1|26677010
toghase|3|28538037 30749006 30851018
toghaseko|2|25657009 29636016
toghasengu|1|30251020
toghasu|1|30840029
toghasě|3|28805016 29090007 29090019
toko|1|24018021
tol᷊e|10|23229007 23697025 23784035 24535035 24610038 25325028 25711033 26088020 26921025 27346032
tol᷊en|3|30851002 30860012 30860025
tol᷊ene|2|30851014 30896002
tompe|2|25192033 25831009
tonda|1|23718028
tondako|1|27759008
tondoal᷊ị|1|28993024
tondol᷊ikụ|1|25803005
tonggeng|1|27863061
tontongangbeng|1|25375010
tontongke|1|23432021
tontongko|2|24419025 25307016
topeiko|2|24020014 25544023
topeěnge|1|30754027
topẹěng|2|25415023 25416019
torat'i|24|23252007 23492017 23494021 23495010 24996012 26399003 26516011 26817012 26833006 27444023 27448030 27464003 27571020 27573013 27685042 27686027 27689047 27693026 27708038 27717019 27738030 28275022 28561023 30162006
torat'u|43|23766014 25638014 27975008 27977006 27977034 27980023 27983017 27988006 27989011 27990019 27990041 28011012 28013019 28019022 28023014 28036028 28037007 28039039 28061002 28068002 28083015 28084019 28096012 28098010 28099008 28106005 28108019 28114006 28115032 28116010 28119002 28121011 28124020 28124029 28276002 29427025 29428017 29431019 30076009 30077009 30097025 30302010 30303014
torati|2|27986008 28562016
toratu|6|27764025 27776029 27976015 28020022 30070003 30128004
toratě|92|23253017 23329015 24136016 25001033 26615008 27738038 27975015 27975023 27975033 27976027 27977020 27978008 27988021 27990031 28011022 28012019 28012021 28023029 28038013 28061024 28068014 28093010 28093017 28094010 28094029 28095025 28097021 28098018 28098035 28099015 28099032 28100002 28100021 28101006 28101010 28102006 28103002 28104012 28115012 28115019 28115021 28119019 28120006 28160032 28187008 28194011 28194019 28276023 28561035 28561043 28713021 28775011 29098022 29098048 29098052 29100006 29100017 29101007 29101010 29103019 29105018 29108025 29113006 29113032 29114010 29115002 29115017 29115022 29116009 29121008 29122007 29122012 29124007 29124018 29124034 29126011 29127004 29128017 29136021 29137012 29153011 29166017 29167009 29177002 29181015 29186011 29202010 29706005 29706020 29937007 30093017 30292019
towọe|3|24331018 25857003 27897006
tualag'E|1|24973005
tualag'u|9|23249004 23251003 24983010 25442020 26394013 26394030 26446010 30049020 30166019
tualage|3|27850024 30409037 31078010
tualageng|1|26964049
tualagengu|1|31077006
tualagu|7|26533024 27374020 27837017 28855018 28864024 30499039 31086008
tualagě|56|23226009 23226019 25006002 25006014 25262027 25332015 25439023 25441006 25629033 26049010 26052005 26053005 26140021 26141007 26141013 26142012 26246010 26246020 26534011 26616008 26616016 26617003 26617007 26617021 26627009 27220013 27345011 27410021 27711015 27714008 27716006 27837013 27842011 27847030 27982013 28279029 28866007 28866017 28913023 29004015 29313023 29313033 29314004 29318004 29319008 29407048 29627006 29805015 30284016 30546018 30548008 30548016 30559027 30560008 30561012 30774008
tuang|22|23567014 23568018 24033022 24035009 27772020 27772031 27774009 27774015 27778008 27778011 27778017 27780018 27780041 27781002 27783013 27784008 27789024 27807025 27819017 27854003 30825004 30825006
tuange|2|24030003 24032003
tuari|3|25601002 25602010 28168012
tuarin|2|28546018 30659004
tuarine|18|23228024 23420014 23420021 23601028 23702012 23899003 23899013 24232020 24306005 24541013 24695002 24695018 25403004 25808024 26552012 30592015 30592021 30592031
tuaring|3|25161010 26851011 30674029
tuarinu|2|25621012 29766018
tude|1|29119038
tuhang|4|24411012 25045018 25265006 27340006
tuhange|1|25808025
tuhangku|1|25473017
tuhangu|1|25566025
tuhasě|3|25744006 25747002 30754017
tuhukang|2|30126019 30282007
tuhụ|91|23771018 24145019 24466014 24466021 24467028 24679025 24953025 25001031 25013011 25602005 25907015 25961026 26097003 26127002 26127009 26241006 26351010 26397005 26814030 26894002 27405025 27407004 27436024 27553031 27555015 27633017 27688002 27746003 27771003 27958013 27991022 28034049 28039065 28098034 28098044 28109005 28121024 28122005 28122021 28125005 28126006 28126012 28249034 28255002 28304026 28399012 28458006 28458009 28493036 28779016 28783030 28876011 28894010 28894025 28909030 28987016 29076003 29083005 29133044 29197005 29197024 29231006 29274019 29297008 29437007 29494042 29508005 29508016 29617014 29735004 29876029 29980030 29988007 30023012 30046011 30048015 30119017 30120011 30142037 30306010 30443040 30443046 30448006 30448021 30449013 30453023 30453033 30570018 30727014 30741029 30879057
tuhụbe|2|25907018 26353009
tuhụe|3|23855013 24237014 25414006
tuhụewe|44|23700024 24552017 24833013 24903003 24948006 24996011 24998018 25016016 25080015 25802009 26102013 26241012 26353004 26817011 26917023 26995014 27058016 27337024 27625024 27776028 27958036 27979013 28135008 28439058 28443002 28493006 28642008 28888020 28944011 29005026 29280008 29289028 29544015 29885019 29982029 30097023 30098053 30128003 30223016 30241038 30260025 30324025 30392021 31093020
tukad'u|7|24190029 24645014 24823026 24873046 25458009 27083020 27510012
tukade|2|26887019 31075011
tukadu|8|24877018 27079010 27344027 27351004 27511013 27695033 29022021 30201015
tukadě|40|23289012 23324017 23325020 23330003 23330006 23331005 24019031 24020015 24126007 24196009 24263015 24752031 25415020 25496016 25496023 25544009 25544024 26483018 26484006 26485005 26489014 26491004 26802020 26803005 26894020 26999004 27083032 27083034 27277026 27348015 27351015 27352019 27354006 27354013 27705014 30364019 30755032 30767006 30767016 30770010
tukang|2|23869022 24684019
tukangu|2|27610009 27611014
tul᷊ada|6|27158022 27160023 27553023 27610016 30924006 30924009
tul᷊ada'ng|1|27160012
tul᷊adane|5|30936017 30938031 30949025 30957031 31043049
tul᷊adang|7|27158009 27610019 27911034 28062031 30507020 30923027 31038042
tul᷊i|9|23583025 24347005 24480004 24519011 25254026 28651003 28651020 28652018 29576015
tul᷊ide|3|25031015 27825023 27848006
tul᷊idu|1|27825014
tul᷊idẹ̌ku|1|27826013
tul᷊in|11|23555008 23555025 24497014 24501026 24614005 25714005 25916010 27174005 28218027 29874031 29875007
tul᷊ine|8|23475004 23549012 24106019 24802018 25589017 25915015 26796015 26812010
tul᷊ing|7|23445015 23787010 24333011 27168021 27544010 27927009 27927029
tul᷊umang|7|28339030 28946033 28970003 29302018 29356007 30031032 30478010
tul᷊umange|1|29769028
tul᷊umangu|5|27248011 29168010 29411006 29416005 29824002
tul᷊ung|5|24108009 25115008 28201035 29959008 30359023
tul᷊ungko|5|25340011 26206005 26883047 27693005 29961003
tumaking|2|24303021 28952016
tumal᷊ang|5|23974010 23978008 26495005 27886008 30345016
tumal᷊angbe|1|28567006
tumal᷊ikudě|1|30008024
tumal᷊ěntụ|5|24256020 24561031 28231006 28231023 28254052
tumanatạ|1|25174012
tumange|4|23658012 28011015 28032004 28032017
tumanggihe|2|28115016 28126018
tumanạ|5|23531004 26196004 27252002 29157019 30680014
tumanạu|4|24382003 27704009 30681020 30915021
tumanị|4|28830035 29886014 30264019 30515023
tumanịe|5|28177035 28832019 29011009 29030006 30755015
tumanịu|20|23546019 23771014 24098019 24594010 24701016 24888029 25127004 25265021 25735014 25831020 26017012 26318018 26907017 27255003 27423024 28042016 29419028 29567015 30184016 30459012
tumatal᷊ikudu|1|29907016
tumatal᷊ikudě|1|30051007
tumatatawange|1|30552027
tumatatuhụ|1|30692013
tumatawang|4|25696008 25697006 28151012 29369052
tumatimbang|1|29742023
tumatimbange|1|27608008
tumatol᷊e|28|23394004 23398008 23436015 23517019 23517029 24187016 24279032 24295014 24469030 24580011 26005008 26146002 26164003 26413026 26878004 27337004 28379012 28451012 28862005 29071012 29206019 29339004 30374014 30451014 30461010 30707022 30724018 30733013
tumatol᷊e-Ku|3|23440011 24727040 24731012
tumatol᷊en'E|4|23367003 25705012 26468028 29294008
tumatol᷊ene|8|23364021 23462016 26001019 26158013 27097030 28725009 30741002 30990014
tumatuhụ|31|23343010 25196009 26628008 26693008 28032022 28034040 28034074 28035047 28067012 28222008 28240006 28240025 28241013 28477009 28561056 28562028 28562039 28563020 28570002 28978020 29311022 29524013 29685031 29799019 29921021 29927011 30162004 30289004 30349049 30445008 30555012
tumatuhụe|1|25452033
tumatěngo|7|25495003 25853007 29455016 29456014 30031008 30161011 30231007
tumbal᷊atung|1|27700008
tumbiageng|1|29866017
tumbiagengu|1|29201030
tumbiagheng|1|25455027
tumbạ|4|23460012 23848027 23994022 28825023
tumbạben|4|23709011 28523022 28672011 28695008
tumbạem|1|29541018
tumbạeng|20|23645009 26704026 27327038 28183019 28412016 28649006 28652005 28652017 28683006 28925035 29844013 29851015 29950018 30113014 30133008 30229026 30352019 30682041 30683022 30685026
tumbạewen|4|23846023 25091023 26963014 29203008
tumbạeweng|2|26105022 29028016
tumbạu|19|23529029 24464036 24576024 26590023 26780003 28173020 28307006 28507016 28784008 28969008 29441029 29566010 29579012 29690025 29879033 30128020 30190037 30446021 30513030
tumbụ|1|29600003
tumei|2|23515029 25423032
tumeleng|1|26333015
tumendang|2|29289035 30402021
tumingang|1|28849029
tumiwuạ|1|31021019
tumiụ|4|25515007 26129002 27896032 30812026
tumol᷊e|48|23365015 23456010 23697012 23790014 24535024 24617014 25325015 25359016 25363009 25581007 25717012 25835029 26324017 26394017 26426012 26487005 26540018 26607009 26902017 26945006 27280010 27428022 27448029 27487007 27657033 27993012 28129026 28192020 28376009 28376016 28376025 28376034 28415006 28415014 28637016 28751042 28961012 29064025 29149028 29306018 29392006 29438012 29785019 29980023 30421032 30516005 30522024 30557015
tumol᷊ewe|2|28793012 30323012
tumondo|1|27896037
tumpaheạ|2|30968009 30968011
tumpạ|1|25073030
tumuhung|1|23955005
tumuhụ|72|23332015 23494020 23743030 23890011 24094035 24530002 25216029 25658032 26011030 26011035 26346004 26413019 26692011 26720036 26735013 26825002 27042015 27042020 27089013 27089017 27156011 27170016 27388018 27444022 27488038 27551024 27708037 27824003 27936027 27963005 27971009 28081014 28095024 28281013 28390030 28429014 28505004 28507004 28530009 28536002 28713020 28729040 28742006 28757007 28932021 29052015 29097002 29140020 29169012 29169015 29170018 29179017 29201017 29435007 29476007 29502022 29658017 29661025 29693005 29833012 29909024 29980025 30006018 30073015 30098007 30294005 30376068 30424027 30429025 30639019 30652005 30668021
tumuhụbe|1|29218007
tumuwo|4|23572012 25190012 28755018 28756027
tuměllang|1|30032018
tuměllạ|1|30906014
tuměmbo|1|30845017
tundu|7|24467029 24469031 27505007 27917040 28549010 29245010 30116003
tundun|5|25001032 26579020 27505023 27958009 29232008
tundune|9|24145011 24835020 25016017 25080016 25904012 26106006 27526010 27957025 28710004
tundung|16|23636006 23637019 23640011 24467013 24472010 24903004 24996009 26102014 26825003 26866024 28493007 28493037 29072025 30116013 30120047 30159015
tunenaung|1|29531016
tungkeange|1|30915025
tungkětị|1|24294017
tungkọ|1|25480009
tuntukang|1|27975031
turusě|8|24402005 27162007 27818028 27866018 28777016 29404042 29677011 30693011
turạ|5|28992022 29332017 30379027 30697026 30931008
turạe|7|29211023 29407017 29488032 29645040 29803009 30394023 30537025
tutuhụ|15|23164008 26142005 27829030 28032010 28035010 28035025 28085041 28561022 28834014 28950007 29426025 30251042 30568013 30580023 30663018
tutuhụe|1|23341009
tutune|82|23779024 23792040 24055021 24606036 24619047 24847013 25719022 26054002 26136010 26157011 26171038 26193013 26232010 26250017 26285019 26290019 26298020 26305007 26312011 26326024 26606022 26631009 26701010 26762016 26763005 26978013 27103020 27326045 27409048 27411029 27655061 27655065 27956003 27958016 27970005 27992004 27992014 28069045 28091029 28092009 28231014 28394045 28448021 28451019 28486028 28495023 28905033 28979010 29197035 29427020 29522004 29542026 29698005 29702021 29713040 29724020 29768028 29801017 29808027 29820028 29895015 29931016 30095018 30130019 30135019 30160004 30187020 30221018 30294004 30543024 30576014 30594017 30595022 30598020 30636013 30638018 30641023 30641057 30642014 30645050 30694024 30728053
tutung|1|23570021
tutungang|3|23205020 23336011 26706025
tutungang'E|1|25043024
tutunge|1|27605017
tuwangeng|3|23203019 23336009 25035022
těbal᷊u|4|23507010 26619003 30525007 30701010
těbe|54|23285042 23315018 23396008 23397012 23592027 23735016 24190014 24282010 24283010 24665019 25144014 25144037 25145012 25147014 25147016 25155004 26060037 26075026 26093027 26440018 26632033 26679037 27102017 27162040 27538021 27678022 27818010 28075008 28344029 28462004 28462020 28463040 28540026 28895016 29099025 29295008 29295011 29351037 29483009 29527007 29976022 30073032 30083006 30117018 30492016 30504031 30527030 30558020 30565028 30651026 30743015 30890012 30923039 30960023
těbewe|6|29822011 30002028 30002031 30169013 30186004 30250005
tědunang|2|30713012 30929011
tědụ|6|23363019 23419028 23966007 27905017 30509016 31083032
tědụe|1|24391017
těgal᷊ě|1|29574015
těgu|1|27865034
těguku|3|27098009 27877030 28943002
těgung|2|27107008 27688003
těking|12|23428015 24159023 24160008 24846004 25305014 30110032 30194019 30744038 30874008 30897015 31033024 31070019
těkinge|1|31069007
těkukurě|1|24998010
těllu|48|23530005 23530007 23530020 23530022 23666017 23704004 23715006 24095012 24095030 24116020 24170015 24193022 24503011 24543005 24553007 24760008 24813017 24856025 24950002 25020003 25089010 25339007 25400013 25526012 26115010 26116023 26586013 26910026 26991023 27008014 27319009 27594002 27658009 27907027 27911002 27912011 27917002 28576017 29554023 29562020 29651024 30196009 30372022 30632013 30882017 30884002 30906027 30947024
tělluhě|1|25418008
těllum|12|23548024 23563032 24070026 24139015 24332020 24344024 25049013 25411024 26216010 26865031 29014011 29120022
těllun|7|24130022 24785018 24827031 25899018 25926027 26669021 27884035
těllung|13|24089020 24133021 24175006 24860007 26542008 27067002 27279024 27526041 28708003 29045027 29783013 30162019 30800034
těllungkatau|5|23744022 23748006 24405028 25512011 25512020
těmbo|2|24888031 25377049
těmbonang|48|23352003 23354006 23356007 23359006 23398016 23403008 23414008 23726029 23818017 24003020 24631029 24828012 25287005 26377006 26940031 27014017 27024014 27028007 27046027 27049009 27144022 27152025 27152041 27153006 27390009 27420006 27504009 27506015 27516010 27517007 27519005 27522009 27522018 27683015 27735029 27740032 27749011 27771011 27799007 27857023 27907011 28268005 28268010 28360020 28604015 28604033 29232015 30369011
těmbonang'u|2|27521048 27575007
těmbonange|79|23694024 23694027 23811017 23842004 23850021 23852017 23858016 23872005 24058006 24069019 24102034 24114003 24131005 24133029 24136003 24142007 24150004 24171005 24192009 24208003 24532021 24532024 24622018 24659003 24668020 24672004 24675013 24727031 24756016 24765018 24798030 24808012 24810003 24828010 24830003 24837008 24838004 24858005 25324020 25779011 25781023 25799007 25867003 25869011 25917009 25931008 25940010 25946003 25949006 26012003 26361021 26374014 26571008 26591005 26789026 26798007 26821023 26832005 26841027 26847003 27084010 27231013 27238041 27503031 27749008 27799004 27802004 27812009 27834018 27836014 29217021 30369017 30413018 30668015 30773022 30822013 30824004 30889008 31022003
těmbonangku|1|23355009
těmbonangu|61|23174006 23351010 23514020 24207023 24387012 24429020 24631017 24798036 24871016 24872004 25198003 25199003 25199018 25200017 25202016 25206009 25421014 25471013 25555012 25734006 25869014 25917012 25983002 26104016 26104025 26105031 26114002 26122003 26221004 26226009 26229007 26463017 26577007 27031012 27081042 27084003 27086002 27114009 27338019 27358026 27378013 27508006 27520016 27566004 27624034 27812012 27820021 28604026 28606032 29091011 29228011 29620002 29733009 29734002 29832020 29925012 29925015 30413011 30647016 30660011 31036007
těmboěng|1|26494031
těmboěngu|1|30906036
těmbọ|48|23448004 23481043 23606010 23608010 23609003 23776012 23778007 24169006 24432020 24433014 24435010 24435024 24436006 24436022 24678015 24758059 25311012 25360023 25467004 25845006 26828015 26875004 27168005 27595012 27968002 28217029 28235043 28605020 28611017 28616011 29288031 29291035 29505018 30011025 30848012 30858038 30860021 30863021 30893029 30895014 30895022 30910027 30910037 30983025 30985011 30985027 31013007 31043028
těmbọ'E|4|24160016 24167003 30941023 31030008
těmbọ-Ku|1|25242007
těmbọe|13|24362009 24424025 26856018 26880024 28174023 28606024 28607018 28607039 28608007 28656017 29514009 30912004 30979046
těmbọku|1|26640017
těmbọu|10|23271004 24062033 24159016 24844022 24846006 28606037 29328007 29328016 29484004 29762024
těmpu|15|23327004 23434017 24892005 25383012 25417010 26135006 27903023 27904007 27905007 28005020 28577023 28993026 30860019 30901011 31041009
těndạ|3|26483009 27561020 28976027
těndạu|1|28977004
těnga-těngadě|10|24664035 25122046 28305004 28531005 28833015 29291020 29412011 29444013 29497025 30271014
těnga-těngadẹ̌be|1|29590002
těngadě|75|23261004 23350043 23460027 23520024 23631017 23721037 23960015 24109019 24184024 24580018 24706014 25343012 25429006 25549002 25593017 25653014 25658028 25796002 25806002 26126005 26154014 26199035 26235002 26243014 26406018 26416002 26440005 26483002 26489008 26605002 26651003 26768026 26783013 26837016 26923028 26927024 27050004 27744035 27784002 27849016 28021017 28057014 28157007 28331011 28380002 28380008 28619021 28748027 28751030 28925016 28931026 28931039 28957028 28975004 29034002 29049020 29078008 29124014 29213013 29215009 29254002 29554039 29595028 29599010 29712002 29757004 29839002 29906006 30136009 30138003 30338002 30671028 30705033 30761019 31087013
těngadẹ̌be|3|29313004 29518003 30583013
těnggilihange|2|24378028 25093028
těngo|3|23836005 26342008 29435038
těngo'e|1|30114014
těngo-Ku|2|23339010 28292015
těngo-Nu|1|24710028
těngoku|8|23749017 25071012 25759025 26975016 27290027 27806026 28690023 29144031
těngom|8|23348013 23398024 23436006 23813014 26479011 26624012 28393010 28628023
těngon|135|23251007 23257017 23259010 23268024 23284010 23350036 23450007 23730010 23754005 24125006 24154025 24249008 24371020 24398018 24434030 24575012 24606020 24727051 24815007 24866006 24902017 24909008 25099022 25116012 25133007 25468024 25469008 25469023 25471012 25518037 25668003 25760012 25806004 25931020 26035009 26256008 26355009 26362005 26578010 26618012 26806011 26808022 26879007 26898013 26900012 27010034 27013045 27033027 27037016 27042013 27070011 27162035 27293032 27342034 27414013 27428006 27513019 27521026 27530025 27546007 27575015 27595020 27604015 27605019 27619036 27735049 27736028 27784007 27786013 27791011 27807033 27826016 27846016 27850021 27891017 28025031 28068026 28172022 28303009 28443015 28443032 28477038 28605013 28606016 28614020 28835037 28929035 28954010 28954015 29009008 29184009 29266008 29600020 29785002 29801034 29802006 29802015 29802024 29842014 29872034 30004019 30011039 30029028 30033016 30051037 30348006 30364018 30512025 30537030 30550009 30552045 30599023 30662029 30702043 30749037 30767005 30779011 30811018 30830011 30831014 30832019 30854021 30877014 30889016 30896020 30902056 30921002 30923016 30931041 30937033 30937039 30970024 31028005 31038017 31089023
těngon'E|13|24041009 24159031 24300016 24387028 24489026 24846018 26556020 28874027 29211026 29332015 30028018 30697018 30715012
těngon'U|2|25223032 29977025
těngone|21|23757006 23829005 23925015 24196014 24292015 24525006 24643005 25120034 25155024 25728005 27285017 27493021 27619022 27772007 28830039 29093012 30108007 30112016 30775028 30788025 31050020
těngong|41|23164025 23450014 23451007 23451016 23604015 23607017 23664021 23715021 23738023 24804010 25126028 25127034 25274012 25287018 25293017 25468008 25564035 25636014 25863018 25950022 26114018 26935031 27359022 27586018 28540034 29042015 29096018 29784007 30063043 30532021 30731033 30752024 30774018 30775004 30779037 30826007 30831035 30897036 30922011 30930002 31051012
těngonu|2|23743007 30756028
těngọen|3|29604017 29830009 30885025
těngọewe|1|27786019
těnnehang|1|23960037
těntal᷊ang|40|23261011 23291013 23441020 23620017 23710024 23983011 23992007 23996004 24089012 24091021 24468009 24540014 24548024 24787018 25142016 25329015 25510014 25518018 25519008 25660018 25899006 25912003 26075018 26218017 26380008 26616015 26650011 26698010 26773015 27269002 27750051 28033017 28371010 29046033 30123007 30178041 30194004 30749014 30940020 31042028
těntal᷊angbe|5|27608020 28708012 29665011 30389013 30537008
těntal᷊angke|1|27270011
těntal᷊angu|1|29593001
těntang|1|29592017
těntangke|2|24419021 28916003
těntani|7|24567011 27932028 28088058 29091019 29565020 29849021 30704007
těntanine|1|27916018
těntara|4|27758023 27758032 27766003 27768003
těntaraku|1|27762023
těntiro|57|23256012 23262006 23266003 23268012 23273006 23278006 23775040 23913008 23990002 24243018 24416004 24746002 25501004 26346011 26703006 27098022 27098033 27375023 27543026 27583005 27595029 27709008 27710046 27922024 27981005 27983026 28308015 28603017 28710027 29287021 29517017 29612004 29664026 29677012 29685032 29700034 29771003 29785021 29853028 29861014 29868013 29902007 29902022 29904018 29906024 29910009 29979012 30046010 30046035 30048014 30251009 30502037 30572013 30572031 30610037 30656010 30742010
těntiro-Ku|9|25328008 26345009 26419025 26425016 26628004 26692012 26693009 26720032 30755021
těntiroi|1|25407022
těntiroiwen|1|29342027
těntiroku|3|24539007 26413020 29864006
těntirom|4|23329020 29741010 30662041 30663019
těntiron|22|23252010 23473008 24410021 26345012 27027007 27390028 27467024 27535040 27838044 27949022 28408030 29342028 29619007 29749029 29792012 29799020 29862017 30397007 30571025 30578051 30650014 30733011
těntiron'E|9|23345015 23461007 23906013 24334009 24659034 25403017 25941008 26805015 29331013
těntirone|9|23345006 23859023 24056003 26347004 27139009 27239009 27584020 27612045 29850016
těntirong|35|23685024 24473019 24477003 25557016 25637008 25802011 26720038 27088030 27566024 27784020 27792010 28086023 28356010 29000017 29195005 29503013 29707025 29754044 29790022 29792023 29823004 29843029 29846006 29874013 29894041 29907017 30043024 30046024 30047004 30218020 30220011 30374016 30655006 30655017 30667023
těntiroěng|1|23771016
těntiroěngu|3|25472008 25506015 26303014
těntol᷊e|10|24045003 24047029 24052015 24053025 24807009 26906032 27602024 30764037 30765036 30970020
těntoěng'E|1|26702007
těpihe|3|24265031 24273007 26220013
těpihu|5|24270013 24272004 26219010 26221027 26223011
těpihě|3|23382012 24463015 27075015
těpihẹ̌ku|1|26222014
tětangkianeng|1|27956022
tětehě|3|27863017 27864005 30465014
tětuhu|1|26908011
tětạ|9|24595005 26473003 26727018 27323026 27550025 28816007 29974012 30010028 30722017
tětạ-tětạ|1|26046002
tětạe|17|23767019 23771026 26047003 26322016 26426019 26731037 28102008 28146010 28212013 29218014 30215022 30564021 30565032 30575009 30588020 30591004 30652016
tětạu|3|23979015 30132013 30651032
tětị|1|23805020
tětịe|1|30964004
tětịu|1|27903027
tẹ̌be|1|30542014
tẹ̌bewe|1|29599015
tẹ̌dokangu|1|30217016
tẹ̌gal᷊u|1|24254031
tẹ̌gu|1|29691015
tẹ̌king|1|24416019
tẹ̌tagheěng|1|30420011
tẹ̌taghuaneng|11|26770005 26770010 26994009 28254021 29132004 29430017 29945021 30010023 30168014 30743016 30758009
tẹ̌taghuaneng'E|2|26632028 29294020
tẹ̌taghuaneng'i|1|30754024
tẹ̌taghuaneng'u|2|23894018 23894024
tẹ̌taghuaneng-Ku|2|26770002 26770015
tẹ̌taghuanenge|4|25831028 27055017 29795015 30992022
tẹ̌taghuanengku|1|28669005
tẹ̌taghuanengu|7|23870008 24610021 25479014 25587025 26150005 29800007 30917029
tẹ̌tahamawuang|2|27163021 27879013
tẹ̌tahimataiwe|1|29764006
tẹ̌tahungkutang|2|28904005 30209008
tẹ̌tahutěngareng|1|29704019
tẹ̌takal᷊eng|1|23370012
tẹ̌takengu|1|25672023
tẹ̌takinangu|2|24040009 24539033
tẹ̌tal᷊e|1|28145012
tẹ̌tal᷊imbuhuang|2|28860028 28876023
tẹ̌tal᷊iwungang|1|30214007
tẹ̌tal᷊uaheng'E|1|26702013
tẹ̌tal᷊udang|1|28809023
tẹ̌tal᷊udang'E|1|31029032
tẹ̌tal᷊udange|1|26215032
tẹ̌tal᷊ěmbuhuang|1|29528012
tẹ̌tal᷊ěntukang|2|28942010 30410028
tẹ̌tangkianeng|7|27137023 27940032 28640010 28998009 29345017 29542029 29791035
tẹ̌tangkianengu|1|30664026
tẹ̌tarimakeng|3|27773004 28624009 30744022
tẹ̌tatinganeng|1|24273010
tẹ̌tatěngoěng|3|25762005 30214042 30231012
tẹ̌telorang|1|30441023
tẹ̌timonang|2|24774021 27034006
tẹ̌timonaěng|2|26020007 26279023
tẹ̌timonaěng'E|2|26488013 26655018
tẹ̌timonaěnge|1|30200021
tẹ̌timonaěngu|1|30014024
tẹ̌tingkaitang|4|27141010 27141020 28908022 30210029
tẹ̌tingkaitangu|1|27222018
tẹ̌tiněnnang|1|29272020
tẹ̌tiněnnaěng|2|28437009 30188009
tẹ̌titikang|1|30385005
tẹ̌tiukang|1|30273021
tẹ̌tiukangu|1|23467030
tẹ̌tiwoěng|1|27488004
tẹ̌tol᷊e|1|29851002
tẹ̌tol᷊ei|1|29643010
tẹ̌tol᷊eěng|5|28451041 28970032 29997035 30516019 30802022
tẹ̌tol᷊eěngu|2|27701004 29754047
tẹ̌tondaěng|1|26999022
tẹ̌tongkeaneng|1|29033020
tẹ̌tuhukang|1|28085023
tẹ̌tuilangu|1|30485012
tẹ̌tumbiageng|2|23246008 29865008
tẹ̌tumbiagengu|1|27713019
tẹ̌tumbiagheng|1|25082037
tẹ̌tungkeaneng|1|28907011
tẹ̌tuntukang|2|26140003 29088008
tẹ̌tutungang|1|24707036
tẹ̌těntanudang|2|27846007 30674014
tẹ̌těntirong|1|25256027
tẹ̌těntiroěng|2|29921027 30224008
tẹ̌těntiroěng'u|1|24335024
tẹ̌tạ|2|29675026 30464010
tẹ̌tạe|2|29145013 30542018
tạ|167|23173023 23195012 23227015 23356014 23374027 23374030 23416018 23534025 23666028 23666039 23897018 24002018 24039004 24077008 24093010 24134012 24144013 24149020 24184012 24261041 24349015 24442023 24486010 24545021 24584020 24586018 24677017 24694012 24947014 24967023 25040030 25106015 25124009 25138012 25196016 25219004 25228026 25228038 25302008 25602033 25605019 25630024 25695010 25700023 25736018 25790032 25791022 25853005 25858019 25880011 25944005 25983022 26003014 26048016 26289011 26355006 26375007 26652009 26976014 27039023 27053011 27072015 27110017 27115012 27153021 27179018 27185011 27354024 27375020 27418046 27455026 27594010 27597006 27613026 27846029 27905015 27935017 27944023 27952025 27953009 27960007 27995010 27995020 27997016 28004018 28041012 28065042 28170009 28381034 28382017 28384033 28404015 28404019 28404025 28438017 28453010 28472019 28475024 28493051 28507011 28518007 28518015 28519014 28520014 28522009 28538036 28545004 28562015 28623051 28658019 28668030 28668040 28669021 28670018 28672005 28689015 28701009 28701030 28712010 28777039 28788021 28809028 28867014 28877018 28923008 28992021 28993011 29017017 29017021 29017025 29029020 29029030 29050013 29143008 29219016 29290025 29309014 29382013 29503017 29617030 29625010 29701017 29703014 29746005 29767006 29772026 29809013 29844004 29899007 29903024 29975014 30046050 30055006 30159031 30171021 30179002 30342006 30379026 30393014 30689005 30720018 30898009 30931007 30937016 31005016 31012021 31060031
tạbeạ|2|28796008 28797009
tạbeạu|2|25370009 25370022
tạbidạu|3|28518005 28518014 28518023
tạdeakengu|1|28601026
tạdise|1|31008017
tạdịe|1|30555023
tạgial᷊ụ|2|30843026 30984024
tạgonggong|1|28667029
tạl᷊aụe|1|30402015
tạu|3|25450008 28707002 28736028
tịgal᷊ụ|1|30505024
tụtaedě|1|24526014
tụtaghiawahě|2|26608003 30695006
tụtahimorasu|1|30689026
tụtaking|2|29887012 29888004
tụtal᷊ang|2|24606011 29436006
tụtal᷊ěntụ|3|23416004 23666011 28174005
tụtatingangke|1|27547011
tụtatěngo|10|24191010 24721013 27868046 28749010 30216009 30231036 30510018 30820055 30820060 31067005
tụtatěngong|1|30236036
tụtatěngowe|1|30231020
tụtausu|1|29279018
tụtimbul᷊ě|1|28113016
tụtingang|1|27926023
tụtiowol᷊ě|2|30832012 30938010
tụtiwuạ|1|31012009
tụtiụ|1|27869008
tụtol᷊e|26|24113003 24806011 26811019 26945034 27096027 27305008 27332024 27431013 27501006 27709007 27971014 28066018 28248003 29232006 29609004 29749027 29903013 30411027 30441029 30496021 30511004 30657009 30691023 30732023 31003005 31092018
tụtol᷊ewe|1|29567003
tụtompe|1|23524022
tụtondo|4|27314018 27863012 27954027 30327010
tụtuhụ|56|25225020 25444013 25992026 26433008 26434039 26720031 27092025 27738029 28037006 28086022 28097006 28116009 28121030 28130006 28194018 28298021 28408024 28408029 28412027 28414007 28414031 28507017 28569024 28603016 28978007 29042033 29190016 29202004 29232014 29233014 29263006 29292012 29425047 29525007 29540019 29850010 29858018 30116020 30224038 30298016 30371022 30389008 30437009 30449019 30487003 30510011 30513031 30580009 30627022 30628006 30650013 30662040 30689015 30692021 30755020 31088016
tụtuhụbe|1|29191014
tụtuhụewe|2|27161029 27784019
tụtumpạe|1|24442004
tụtuwọen|1|29514022
tụtědọ|1|25909016
tụtěllạ|2|30841012 30933007
u|4421|23146005 23147008 23151037 23163035 23163042 23165035 23165046 23166015 23173008 23175016 23179038 23181027 23183024 23186005 23187008 23188020 23192007 23195007 23197007 23198014 23199015 23200034 23201006 23204028 23206011 23208012 23209009 23209021 23211006 23211008 23212002 23212008 23216016 23218012 23225012 23227013 23233019 23234028 23234034 23240011 23241013 23247016 23250015 23253003 23257019 23258005 23258016 23258019 23260003 23262004 23267031 23268029 23269018 23269023 23270006 23270017 23271006 23271013 23274023 23274026 23274035 23275004 23275013 23277003 23278014 23278017 23279011 23279014 23280012 23281002 23284006 23285018 23288025 23290022 23299028 23304002 23308006 23309003 23309036 23314005 23317010 23318010 23320011 23320013 23321006 23321008 23322020 23322022 23323007 23323023 23330005 23331009 23331017 23339013 23342019 23350022 23350038 23355040 23356008 23359007 23359016 23362010 23363015 23366010 23370002 23370013 23374031 23382033 23386007 23388013 23393018 23396010 23397014 23398017 23400025 23402014 23403009 23403017 23408023 23410012 23413018 23414006 23414009 23415029 23416008 23419014 23419029 23423010 23423014 23425004 23428008 23431007 23433002 23435004 23439003 23439009 23440005 23444003 23448005 23449002 23460013 23460023 23466008 23470002 23477004 23477020 23480017 23482002 23482014 23484013 23485019 23488011 23491022 23495012 23500013 23501006 23505004 23510018 23513007 23515040 23517004 23518011 23521024 23522022 23525011 23525016 23525028 23525033 23526003 23529010 23529025 23531005 23536015 23537015 23538013 23539011 23539021 23540012 23540016 23543008 23544011 23548013 23548016 23549008 23551004 23551006 23556013 23560015 23563022 23563025 23563030 23564026 23567008 23568005 23568010 23571019 23572002 23572029 23573019 23573025 23575008 23586018 23590010 23594028 23595004 23595006 23595019 23597015 23598012 23599011 23600010 23601002 23603014 23622011 23622018 23623003 23625010 23631018 23633006 23639007 23639009 23641013 23643008 23646014 23651005 23654010 23660009 23666012 23666029 23672012 23674018 23675011 23675015 23676008 23676013 23678014 23681005 23683009 23684010 23685007 23685015 23686019 23687004 23687013 23687022 23691022 23692005 23692007 23693015 23694012 23698006 23701008 23711013 23714005 23716011 23716015 23721005 23721023 23721032 23725012 23725025 23726030 23733006 23733016 23736034 23738015 23740006 23741010 23742010 23743003 23743041 23745006 23745023 23749013 23763027 23763032 23764020 23767013 23772017 23774004 23775039 23777019 23778008 23784014 23784017 23785012 23790010 23791037 23792004 23792008 23794002 23802013 23802017 23805021 23818002 23818018 23823016 23831010 23832024 23835018 23836012 23839026 23840007 23840014 23851023 23853017 23854007 23854028 23859011 23860027 23870021 23872018 23873013 23873017 23875014 23877026 23877039 23879008 23881011 23882013 23896021 23897022 23898024 23902009 23903002 23906012 23907007 23909011 23916011 23921012 23922002 23922021 23924015 23924022 23927010 23927021 23928012 23929009 23933034 23939002 23939006 23940004 23941004 23941016 23942033 23947021 23948016 23949005 23950006 23954002 23956010 23956033 23959019 23960016 23963002 23966008 23975006 23980011 23980023 23984003 23985009 23996018 24000004 24002008 24003017 24003021 24005002 24015007 24017015 24018009 24022014 24031018 24038002 24049020 24055007 24071011 24072027 24073026 24078017 24088007 24096025 24099013 24107013 24109017 24119008 24121012 24130005 24133007 24134009 24134030 24139009 24139019 24141007 24145005 24148005 24149024 24154005 24157013 24171022 24176026 24182007 24188018 24190006 24193020 24194017 24194023 24202017 24204007 24204025 24206013 24209007 24213018 24215026 24218006 24221028 24222007 24223005 24224019 24225022 24226016 24228004 24229002 24238008 24246024 24250027 24254028 24256021 24260018 24260038 24262014 24263019 24263027 24271008 24274007 24275022 24277007 24279018 24286004 24288007 24297030 24298015 24300019 24301007 24306020 24310011 24311009 24318006 24319007 24320008 24321021 24322013 24323022 24324012 24324017 24328013 24329015 24343008 24356022 24363011 24374010 24384015 24384017 24393001 24394005 24396009 24411006 24412020 24420017 24422024 24423007 24423016 24424010 24425024 24426024 24426026 24434020 24446022 24448008 24453023 24456011 24458005 24462010 24463024 24470021 24475008 24477015 24482018 24483024 24488006 24489009 24491011 24491018 24501025 24503004 24504020 24506006 24508026 24509010 24516011 24517019 24518020 24521010 24525009 24529005 24529011 24532009 24540011 24548015 24550014 24551030 24557005 24564019 24565009 24569019 24570001 24576004 24576014 24578011 24590006 24590019 24594007 24595013 24603025 24607006 24608005 24613006 24615002 24618014 24619021 24619025 24619045 24625010 24627010 24628019 24631015 24631025 24634016 24636005 24640010 24643024 24644004 24645010 24646020 24648010 24649004 24654034 24658030 24664030 24665014 24665021 24668027 24670019 24672008 24672027 24673006 24673014 24673022 24675054 24676015 24678016 24679028 24680031 24683009 24684018 24686031 24688016 24692021 24693013 24693034 24700031 24702021 24708004 24709015 24710008 24710024 24711006 24711016 24715005 24720004 24722027 24727036 24727047 24729013 24729052 24730005 24731005 24738023 24747016 24751008 24752032 24753007 24755013 24758038 24758060 24759013 24769008 24782024 24786018 24789007 24799009 24813029 24818009 24819023 24825026 24827014 24828013 24830006 24837005 24850008 24851013 24871006 24885006 24888046 24891003 24894024 24898008 24899022 24901006 24903006 24905008 24909029 24911006 24912004 24916030 24920005 24929004 24929006 24930006 24930025 24931008 24935019 24942018 24946009 24952005 24952009 24954006 24955006 24957009 24961009 24966003 24969009 24971006 24974024 24975012 24975016 24982009 24984020 24986012 24986018 24988016 24989031 24993006 24994025 24995020 24998005 24998014 24999018 24999030 25000004 25000011 25001003 25001029 25015011 25018025 25023021 25027025 25029012 25029025 25030007 25033025 25033031 25034006 25034020 25042047 25045011 25045017 25045023 25048003 25049006 25049011 25064011 25065004 25065006 25065015 25065019 25066005 25066008 25073014 25078014 25081004 25082002 25082028 25087027 25093024 25096009 25101010 25104015 25105032 25105037 25106040 25109008 25109018 25113032 25118007 25120019 25122042 25127020 25128018 25130004 25131005 25131013 25132010 25145013 25155006 25166010 25167014 25168008 25170022 25171012 25172008 25172020 25173012 25176017 25182041 25184017 25184027 25188010 25188012 25189008 25189010 25189053 25189055 25192008 25192020 25192023 25192034 25195021 25199006 25208007 25208026 25225012 25226011 25226013 25230020 25233015 25242015 25247017 25251016 25251021 25251023 25252014 25256008 25260014 25262007 25262012 25262018 25267026 25272011 25273013 25273040 25283015 25284004 25285008 25286015 25287006 25290015 25293004 25299008 25299012 25301003 25302016 25309016 25309018 25309020 25310005 25310013 25311011 25313006 25321005 25321007 25324012 25326010 25326016 25329002 25329010 25339015 25350011 25350015 25350021 25350027 25351023 25352015 25355014 25360010 25360020 25360022 25362008 25375019 25376011 25378007 25381033 25384018 25385009 25385029 25385041 25386013 25387018 25395002 25401011 25404008 25411023 25412001 25412013 25413004 25417009 25419010 25419025 25421003 25423035 25424022 25425019 25428004 25430006 25432034 25438040 25453008 25453012 25454006 25454013 25454032 25457014 25461010 25465017 25465029 25468010 25469011 25470021 25471020 25472010 25480026 25481003 25484033 25490016 25491018 25494005 25499008 25500007 25502011 25502018 25507004 25514022 25515005 25516011 25516016 25517009 25526008 25527003 25530013 25533032 25538022 25540006 25540015 25543005 25543010 25543016 25549004 25549010 25550022 25554033 25562016 25566023 25566028 25567009 25571021 25580020 25585012 25585022 25586005 25593022 25602028 25605020 25610003 25612005 25616014 25616016 25619022 25619024 25621011 25623030 25625011 25629004 25629017 25630011 25630020 25632006 25634009 25635016 25636022 25644003 25648005 25649004 25650014 25655007 25655009 25656019 25658011 25662018 25663010 25676016 25683009 25690020 25691012 25693020 25696022 25698012 25698017 25700015 25701009 25703015 25703027 25703036 25705032 25706016 25707003 25708006 25711014 25711027 25713004 25714013 25720022 25724006 25738011 25740036 25748011 25750006 25754021 25760005 25762021 25765006 25767007 25769007 25770014 25775010 25794007 25799009 25799032 25801016 25801029 25807018 25808007 25808014 25811007 25816014 25816018 25817005 25822009 25828008 25828013 25831010 25834019 25841007 25842005 25843005 25843009 25844005 25847014 25852023 25853016 25855011 25858015 25861018 25866002 25867020 25872005 25877013 25883012 25897028 25897030 25899013 25901021 25941012 25943003 25944029 25950014 25953009 25957005 25959010 25961003 25964014 25971008 25971015 25976014 25984017 25999001 26003007 26011002 26012007 26013005 26015013 26015023 26016011 26019023 26020015 26021017 26023005 26026016 26029006 26031007 26031015 26032007 26036022 26038013 26039014 26042017 26057019 26058006 26060030 26067024 26068004 26068009 26073012 26077005 26077009 26078028 26078044 26079013 26085019 26086010 26090023 26095011 26100015 26105021 26106010 26106029 26108013 26110010 26112009 26112025 26116007 26118014 26120010 26126017 26127006 26127015 26127017 26128003 26128006 26129034 26133010 26133021 26135005 26140022 26146012 26147020 26152024 26154010 26155011 26158005 26160005 26163020 26176005 26177016 26179025 26180012 26181011 26182009 26190007 26190010 26192004 26192007 26193005 26195010 26195015 26195022 26196005 26199031 26202034 26203024 26204005 26205007 26208013 26209017 26210008 26210028 26214010 26214013 26217010 26224013 26226012 26229038 26230035 26231008 26231020 26232004 26238010 26239013 26241019 26243010 26245011 26257014 26260012 26266013 26268022 26270017 26272008 26273005 26276009 26279022 26280021 26281024 26282007 26285027 26291005 26291019 26293008 26299014 26300023 26303004 26317004 26318015 26319005 26319021 26321006 26321027 26323014 26327008 26332004 26332006 26334004 26336023 26337014 26338003 26338009 26339004 26339021 26341011 26342011 26342015 26344007 26344013 26352007 26352025 26354010 26355025 26356012 26357019 26358006 26359016 26360012 26361005 26365007 26368007 26368013 26368024 26369006 26369014 26369019 26370002 26370013 26371007 26373002 26377015 26381020 26387009 26388025 26389013 26389018 26389026 26393007 26395009 26396015 26402005 26402021 26404007 26404014 26404019 26406007 26406033 26409005 26410014 26410036 26410049 26415014 26421020 26421027 26424021 26426048 26430012 26434015 26437017 26438007 26440010 26448009 26450002 26450025 26452016 26457010 26457031 26462028 26463011 26463015 26463020 26463025 26464012 26465015 26465025 26470005 26472004 26473004 26473010 26475008 26476004 26476009 26478009 26482018 26483010 26495006 26496020 26496028 26499005 26502005 26503005 26507025 26508012 26511015 26516010 26517004 26517019 26517026 26518007 26518014 26520029 26522009 26523010 26526015 26530008 26537019 26538010 26541014 26544005 26545018 26546006 26549008 26554009 26555023 26556008 26561008 26563021 26565016 26565019 26566003 26566026 26568019 26568032 26570013 26570016 26571015 26574005 26574009 26575006 26575022 26576014 26576017 26581005 26581016 26584028 26590005 26593012 26597026 26599011 26599015 26602016 26605024 26605026 26608027 26609010 26610013 26610021 26615023 26617005 26617020 26617036 26618007 26620008 26620015 26622005 26624004 26627018 26631004 26632010 26633026 26634004 26634019 26635003 26635014 26637009 26640005 26641009 26648006 26650016 26650024 26651010 26651020 26651027 26652024 26654009 26659002 26660002 26660004 26661005 26666013 26670007 26676005 26678041 26679007 26680004 26685012 26686006 26686011 26686032 26689011 26690032 26695003 26696017 26697007 26699009 26700010 26701002 26715015 26718008 26718013 26719006 26721014 26724036 26725013 26725016 26725020 26726021 26727014 26729014 26729023 26731018 26731038 26733012 26735012 26736005 26737001 26739017 26740021 26741007 26742013 26746004 26748014 26748031 26754019 26755019 26757006 26757010 26757016 26757027 26767006 26768022 26768035 26781034 26783019 26785021 26787016 26788008 26789012 26790004 26791013 26792008 26794004 26795010 26804014 26805014 26807019 26807023 26809007 26811028 26812006 26813010 26816004 26817020 26818009 26818014 26819013 26820014 26821028 26822024 26822037 26823019 26826005 26828016 26829009 26830025 26831007 26832015 26832035 26837009 26837032 26838018 26841004 26841029 26843012 26846010 26847009 26848006 26850038 26854004 26855007 26855020 26856007 26857060 26859005 26859015 26860007 26860019 26862013 26862015 26864017 26864030 26864046 26865026 26865029 26866007 26867004 26868011 26875005 26876007 26877016 26880017 26881018 26882021 26883022 26883036 26885027 26885033 26886012 26886024 26887026 26890006 26890014 26893039 26893041 26898009 26899010 26903016 26905011 26906018 26907012 26910018 26911014 26911023 26911033 26913009 26914034 26915026 26916022 26916041 26919034 26921020 26922011 26922023 26922044 26923015 26923022 26924007 26924020 26925021 26926020 26927007 26927020 26929002 26929019 26929021 26930026 26931016 26931019 26932009 26936016 26937044 26938025 26939010 26940003 26940022 26940032 26943009 26944002 26944006 26948012 26951003 26952009 26952020 26954007 26961040 26964032 26964043 26966007 26967011 26972003 26972019 26972028 26972045 26974021 26975026 26977002 26977025 26978011 26979003 26980010 26980016 26980026 26981005 26981008 26981039 26983012 26983014 26984013 26986012 26987025 26988029 26988031 26988033 26990035 26993005 26995017 26997026 27004009 27004021 27007006 27009017 27013003 27013048 27014003 27014010 27015018 27015027 27016005 27018017 27021007 27022012 27022019 27023024 27023037 27025013 27025024 27028003 27028008 27029004 27031006 27032020 27032023 27032028 27033016 27034007 27035012 27036005 27036021 27036034 27039004 27039021 27040023 27041010 27046028 27048004 27048012 27050002 27051013 27054015 27054017 27057009 27057012 27057022 27059009 27061016 27063022 27069014 27073016 27078012 27081037 27081052 27084019 27084025 27086022 27086029 27086037 27088043 27088049 27092016 27094018 27094031 27095014 27096002 27096005 27096021 27099021 27099034 27100011 27102024 27103017 27103035 27104020 27104036 27105018 27106010 27107027 27107029 27109003 27110004 27112012 27115009 27115035 27116009 27119006 27120008 27120010 27121033 27122013 27122025 27122035 27122040 27123034 27123036 27125011 27125063 27127014 27130016 27130018 27130032 27130035 27133016 27136005 27138011 27139004 27140006 27140016 27141011 27142004 27142008 27142020 27143021 27147002 27148015 27150011 27151010 27152015 27153007 27153034 27153036 27154017 27155034 27157022 27158011 27159025 27159047 27159049 27161003 27161032 27163006 27165009 27165011 27165015 27167009 27168004 27169020 27169027 27172006 27172024 27173017 27175010 27178005 27179005 27180010 27183025 27184002 27186023 27186033 27187010 27191013 27191015 27192019 27193003 27194019 27195004 27195015 27196020 27196022 27197013 27197015 27197021 27198006 27198014 27199002 27200005 27200010 27204028 27204061 27206002 27207018 27209018 27211017 27212011 27214019 27214028 27216010 27219009 27219018 27226011 27230017 27232010 27233014 27234049 27235009 27239021 27239035 27241013 27244031 27247008 27248013 27252003 27255017 27255031 27262004 27262010 27264028 27272014 27275012 27275020 27279008 27279014 27280013 27282018 27282038 27283025 27284018 27288014 27288018 27288023 27288036 27288043 27289024 27294010 27295005 27295015 27295019 27296003 27296007 27296011 27296022 27297005 27297010 27298005 27298018 27298027 27298042 27298044 27302015 27302019 27303010 27304007 27305016 27305023 27306002 27307010 27307019 27307024 27309011 27309021 27314022 27317022 27319002 27320003 27320020 27323014 27324024 27325003 27327022 27327029 27331034 27332011 27332013 27336012 27336014 27336020 27337010 27337015 27341036 27342012 27342016 27344016 27347017 27348007 27349007 27349019 27349037 27352027 27353013 27353015 27355018 27355039 27356015 27362003 27365010 27367005 27369028 27370005 27370034 27371015 27372010 27373012 27374005 27374032 27378007 27378027 27379015 27381004 27381014 27383005 27383015 27384026 27384028 27385019 27386010 27387005 27389003 27390015 27394013 27396015 27396019 27398008 27399016 27401005 27401011 27401029 27404033 27404037 27408014 27409016 27409033 27409040 27409046 27412002 27413004 27413012 27413017 27414006 27415010 27415012 27416007 27417020 27418017 27418024 27424012 27426029 27428028 27432007 27432018 27433018 27434044 27435006 27440007 27441020 27442003 27442018 27442029 27444016 27445014 27446023 27446031 27447034 27450006 27450017 27450024 27451007 27451014 27451023 27451027 27451029 27453014 27455031 27456011 27457007 27458011 27460026 27462021 27463007 27463045 27464002 27465012 27466018 27466040 27466044 27470013 27471002 27472027 27473024 27475014 27475023 27477006 27478014 27479018 27479034 27483013 27483023 27487029 27488032 27490002 27490012 27491016 27494016 27494026 27497014 27497024 27497026 27498007 27499023 27499026 27500009 27500032 27500045 27501029 27502050 27503006 27504010 27506016 27511002 27511028 27511032 27516011 27517008 27519006 27520002 27522003 27522010 27522019 27522023 27524015 27524020 27525016 27526028 27527012 27528018 27529019 27529043 27530037 27531025 27535036 27537008 27537028 27538005 27539009 27540015 27540022 27542021 27542036 27542056 27543025 27544002 27544023 27545002 27546024 27546034 27547002 27547014 27547023 27547048 27548027 27549010 27552003 27552030 27553009 27555002 27555021 27555037 27555040 27556005 27556013 27556020 27558003 27558021 27559006 27563026 27564029 27568014 27569011 27569018 27570007 27573030 27575026 27578004 27579014 27582021 27583020 27583027 27585022 27585027 27585053 27586002 27586015 27586024 27586028 27588009 27588011 27588028 27588031 27590012 27590030 27592011 27595011 27598024 27599023 27599030 27599039 27600008 27601003 27603024 27607008 27610002 27610031 27611013 27611023 27611028 27612021 27612029 27612044 27613040 27614019 27617024 27618022 27619007 27619029 27619033 27620007 27621023 27621031 27623018 27625003 27626002 27626011 27627003 27628018 27629010 27630019 27634015 27634025 27637024 27639016 27642012 27643005 27643013 27644006 27644013 27645017 27645020 27646003 27646009 27646021 27647004 27649007 27650005 27650015 27651006 27651020 27652008 27652028 27652037 27653009 27653011 27653013 27655019 27655021 27655028 27656005 27656008 27657009 27658007 27659039 27660005 27661006 27662009 27662013 27662024 27662029 27665010 27666005 27666007 27669025 27669027 27672017 27673018 27674009 27676027 27676029 27676033 27677010 27678016 27681006 27682011 27683016 27684003 27684015 27685024 27686008 27686026 27686046 27687014 27687017 27688008 27689020 27689031 27689046 27690025 27690029 27690041 27690055 27690057 27691009 27691039 27693052 27694006 27694026 27694031 27696008 27696017 27696021 27697022 27699007 27699026 27701010 27702027 27703016 27703018 27705006 27706007 27706015 27708036 27708051 27710012 27710018 27710026 27716014 27718016 27718027 27719024 27722017 27722019 27723022 27724008 27726011 27729004 27729024 27733025 27734032 27735008 27736014 27738027 27739015 27740010 27740012 27740033 27741004 27741037 27741053 27743002 27743004 27743033 27745012 27746014 27749012 27749023 27750006 27750014 27750054 27751003 27752025 27753033 27753036 27754018 27755005 27755011 27757008 27757014 27760005 27762006 27762022 27762033 27762038 27763006 27769023 27770005 27770014 27771012 27774005 27776009 27780016 27781006 27782004 27783005 27783007 27784009 27784034 27784046 27785012 27791013 27791024 27792009 27793015 27793027 27797019 27799008 27807011 27807021 27807028 27808033 27812028 27813005 27813031 27815015 27815024 27816009 27817030 27823008 27824002 27824011 27827007 27827011 27828006 27828015 27829006 27829018 27829020 27830012 27830015 27831005 27831030 27831038 27832005 27832012 27833006 27834023 27834035 27840007 27844031 27846008 27846030 27847014 27848019 27850007 27851009 27857003 27857024 27857030 27858027 27860020 27861016 27863002 27865033 27866003 27870012 27873020 27875010 27876005 27876025 27877023 27879002 27881005 27881014 27881021 27882009 27883005 27883022 27884018 27885005 27885018 27889011 27889017 27898019 27898021 27899006 27900010 27901015 27906026 27906045 27907012 27911033 27913011 27915003 27917027 27918012 27918016 27919013 27920017 27920025 27921021 27921025 27922013 27922020 27923034 27923050 27925002 27925031 27927002 27928008 27928012 27930019 27931013 27932004 27932026 27935014 27938005 27938011 27938032 27939019 27939026 27939029 27940007 27940017 27940033 27942011 27942015 27944003 27944011 27946006 27946008 27946015 27948010 27950003 27950014 27950016 27950022 27951023 27952027 27953010 27954019 27955009 27957012 27959005 27959009 27961012 27962008 27963004 27963031 27964005 27964048 27965017 27966006 27966021 27966027 27973010 27975022 27975032 27976014 27978015 27978024 27979030 27980010 27981013 27982005 27983014 27984013 27986004 27987016 27989016 27990014 27992021 27992023 27996009 27997011 27998016 28000025 28000040 28001020 28004019 28006006 28009006 28011006 28012027 28013027 28013032 28014001 28014030 28016004 28017031 28024010 28026018 28026024 28029032 28030011 28031008 28032031 28032035 28033008 28034011 28034022 28034032 28034063 28034076 28036008 28036042 28038006 28039008 28039020 28040016 28041021 28042007 28042014 28043009 28044005 28045006 28045013 28046007 28047016 28050039 28050048 28051010 28051018 28053014 28058007 28058017 28063010 28063024 28063035 28063037 28064002 28065003 28065022 28066004 28066015 28069020 28072005 28075004 28077012 28078005 28084028 28085005 28085010 28088010 28091013 28092022 28093003 28093015 28093023 28094009 28096009 28097008 28097015 28098032 28098049 28098051 28100009 28105008 28105034 28106004 28106011 28110003 28110031 28113006 28115005 28119004 28120005 28120017 28121026 28122013 28122023 28122031 28123015 28126014 28127018 28127025 28128003 28129005 28130019 28131005 28131007 28132024 28132033 28132039 28133002 28133011 28133018 28134009 28134019 28134041 28136009 28138022 28139004 28140022 28143004 28143035 28144006 28144009 28145004 28146030 28153019 28155005 28157025 28157031 28159004 28160018 28160031 28162006 28163008 28164010 28166007 28169006 28170014 28171025 28172003 28174022 28175020 28175024 28176021 28177003 28177025 28179022 28181005 28182020 28183008 28190003 28191004 28192005 28192032 28192034 28194005 28195004 28198007 28198019 28203039 28205006 28206003 28208023 28209014 28210008 28212006 28212016 28212032 28214024 28216016 28216027 28222017 28223009 28225006 28225023 28226003 28226026 28226031 28227005 28227020 28227025 28227032 28228018 28229006 28234013 28234042 28235003 28235025 28235035 28238006 28238015 28238025 28240014 28240021 28242008 28243006 28243025 28244014 28245006 28247003 28252006 28252016 28254033 28254053 28255006 28256004 28257011 28259004 28259013 28262014 28265003 28265029 28266004 28267004 28268011 28269010 28271006 28271014 28271026 28271037 28271042 28273017 28273021 28276014 28276016 28278007 28280010 28282015 28283004 28283022 28284026 28285012 28285014 28286004 28286020 28287005 28288002 28291004 28291010 28292009 28292021 28293008 28294021 28295011 28295030 28296014 28296040 28298034 28299012 28299016 28302014 28303017 28309006 28311006 28312003 28312012 28316022 28317013 28317032 28318003 28318007 28318019 28320045 28321014 28323014 28324010 28328032 28330015 28331016 28331019 28331039 28332009 28334010 28348015 28351012 28353008 28353021 28354003 28354018 28354025 28356005 28356019 28357011 28357021 28359015 28360021 28360023 28360034 28362035 28363020 28365003 28365054 28365088 28368009 28369022 28374003 28375004 28375012 28376023 28380025 28382032 28382035 28383001 28384020 28384028 28388023 28388026 28390003 28393005 28394008 28395009 28395018 28395021 28396003 28396028 28399022 28401016 28403011 28405012 28406003 28406011 28406020 28406023 28406032 28407008 28407025 28408016 28408032 28409006 28409011 28409014 28409018 28409028 28409034 28409040 28410005 28411010 28412013 28413005 28413013 28414001 28414016 28421005 28421011 28421016 28424023 28424031 28425004 28425021 28427006 28427015 28431009 28432008 28432010 28439028 28440003 28440043 28440049 28441007 28441026 28443010 28443037 28444036 28446005 28448004 28449002 28451035 28451037 28451050 28452008 28453027 28456008 28456017 28461012 28462039 28463035 28465027 28465037 28466010 28469019 28469022 28470005 28471006 28471021 28472013 28473008 28476031 28477005 28479015 28479025 28480002 28480004 28480038 28481002 28481005 28483003 28483006 28484007 28484011 28484028 28485009 28486006 28486012 28487005 28487012 28487027 28495017 28495019 28500015 28500036 28502008 28502028 28502055 28503003 28503036 28504019 28504040 28506019 28507003 28513015 28513027 28517008 28519008 28519025 28520020 28520026 28522019 28522022 28522048 28522051 28522057 28523003 28523018 28523042 28524003 28528022 28529017 28532003 28532015 28532024 28532030 28535007 28537017 28537019 28540010 28541010 28541029 28545007 28549004 28550008 28551032 28554006 28554012 28555007 28556006 28556015 28556037 28557011 28558018 28559029 28560009 28562048 28564016 28565005 28566025 28566042 28566049 28568020 28568027 28569003 28572015 28574010 28575012 28576009 28576014 28582006 28582014 28584016 28584040 28591003 28596007 28596024 28596027 28597004 28597024 28598004 28598029 28603007 28604016 28604019 28606022 28608008 28609001 28611014 28614004 28615005 28619004 28619011 28625006 28628007 28634005 28634015 28636008 28637003 28638005 28638009 28638014 28638038 28639011 28641011 28642002 28643011 28645014 28645037 28645045 28653004 28663005 28666013 28673010 28674003 28678037 28678044 28681027 28681038 28684044 28686013 28686027 28688005 28694013 28694025 28694032 28695011 28695026 28695034 28695041 28696004 28697007 28699003 28699012 28699016 28699032 28701022 28702033 28704020 28705004 28710011 28710026 28716014 28716023 28718007 28720006 28722007 28722030 28724007 28724016 28725004 28729052 28731018 28733025 28740003 28746023 28750003 28750020 28751056 28756018 28757020 28759013 28763025 28769006 28771002 28773035 28776008 28777005 28777024 28777028 28778003 28779012 28782011 28785016 28787020 28788025 28788033 28789003 28789023 28789037 28790012 28792012 28797004 28802003 28802030 28803002 28804007 28808013 28809003 28809014 28810006 28811024 28813014 28814030 28817005 28817010 28818014 28818036 28818042 28820031 28821009 28823025 28823031 28824005 28824010 28824013 28824020 28825009 28825024 28826007 28827003 28828007 28828037 28829015 28830020 28833011 28838009 28838011 28838024 28838027 28842012 28842035 28845007 28845024 28845030 28848018 28848034 28850002 28850008 28852003 28853014 28856023 28859010 28859016 28860017 28862007 28862040 28864033 28865019 28866016 28867025 28873023 28873031 28874005 28879031 28880012 28884014 28889006 28890019 28890031 28890044 28892014 28892025 28894014 28895021 28896006 28897005 28897028 28898017 28898029 28900009 28900025 28905027 28905029 28906005 28906035 28908010 28910003 28911017 28913003 28913011 28913026 28914006 28916020 28917018 28918003 28918037 28920008 28920017 28924029 28924033 28924035 28924037 28925020 28925028 28927025 28928025 28928031 28928050 28929024 28929030 28929043 28931011 28932011 28933005 28934003 28934014 28935005 28935007 28936004 28941005 28941013 28941024 28942005 28942029 28943029 28946002 28948007 28951012 28952005 28952039 28955005 28955014 28955043 28956030 28957015 28958011 28959003 28959023 28959031 28960010 28960040 28961004 28961025 28961037 28961041 28964015 28969021 28971016 28974029 28978003 28979015 28979031 28980011 28980016 28980021 28982004 28983007 28984003 28984012 28987042 28988027 28989019 28992027 28992030 28993023 28993025 28994008 28994035 28994037 28996009 28997027 28998010 28998016 28999024 28999027 29001018 29004003 29004008 29005024 29006004 29006008 29006018 29008008 29011005 29014006 29015015 29016011 29016043 29017015 29017026 29020008 29020014 29020017 29021007 29024014 29029027 29030021 29030035 29032006 29032018 29032039 29032051 29035022 29036019 29037020 29039007 29039020 29039025 29041013 29041040 29042026 29043004 29044004 29045024 29046041 29046043 29046050 29047011 29049024 29050007 29051021 29054007 29054035 29055004 29056013 29057014 29059003 29059015 29059033 29059049 29062012 29064003 29064006 29066017 29069003 29069007 29070005 29070012 29070026 29072003 29072023 29074004 29077012 29077014 29078012 29084013 29086019 29086022 29088031 29089009 29090002 29090006 29090018 29091014 29094009 29094028 29094041 29094043 29095003 29096004 29098006 29103005 29104003 29105014 29106011 29106016 29108004 29109026 29110006 29111007 29113019 29113031 29114002 29115013 29117028 29118003 29118008 29119006 29120020 29121004 29121026 29122040 29123017 29129022 29130015 29132018 29133006 29133008 29135006 29137020 29138007 29138013 29139017 29139024 29141009 29141031 29143004 29144003 29146024 29147020 29153003 29153027 29154003 29155002 29155012 29157014 29160003 29160011 29161015 29162021 29162023 29162032 29163004 29164007 29166011 29167027 29168008 29168012 29173028 29174006 29174030 29175007 29179008 29180009 29180014 29181004 29182010 29184026 29185005 29187014 29188002 29189008 29190003 29190018 29192004 29193018 29195004 29197007 29197013 29197026 29197028 29197038 29198011 29199021 29201008 29202022 29203006 29203018 29205020 29206005 29207010 29210006 29212009 29213005 29214009 29216009 29216018 29218021 29221024 29222007 29225014 29228010 29232016 29235009 29237014 29238014 29240006 29241003 29241037 29242031 29244012 29246008 29248018 29254007 29255005 29257016 29260011 29260017 29262021 29265012 29267013 29271019 29274010 29276012 29279008 29280006 29291016 29294015 29294017 29297010 29298005 29299005 29299014 29303004 29303020 29304004 29306007 29306020 29310025 29311005 29312005 29321010 29323004 29323015 29328002 29332008 29339015 29341001 29342003 29343003 29346002 29347003 29347024 29348016 29355017 29356019 29357025 29359004 29361010 29363003 29363022 29369028 29370004 29374007 29375012 29378017 29378021 29378026 29379025 29381004 29381012 29387003 29387011 29388029 29389028 29390019 29393024 29395021 29395024 29399006 29400004 29401012 29403006 29404005 29407007 29407013 29407040 29407079 29409018 29411003 29413008 29414006 29415006 29417004 29418008 29418017 29418023 29421010 29423004 29425008 29425022 29425024 29430038 29431017 29433005 29434005 29435004 29439003 29440019 29444005 29446045 29451004 29453047 29455013 29458003 29458012 29461004 29461052 29464020 29467003 29467032 29469005 29469040 29471008 29472028 29472030 29474009 29474013 29475031 29478014 29481009 29495030 29497032 29498011 29501003 29503012 29503039 29504004 29505019 29506015 29510012 29510023 29511010 29511019 29514024 29515013 29517020 29518018 29526008 29527005 29528016 29530027 29530030 29531010 29531014 29532012 29533007 29536011 29536016 29540043 29542002 29544003 29549014 29551011 29551013 29552011 29553015 29553023 29556005 29558008 29562003 29562009 29562027 29565006 29565008 29566020 29567009 29567036 29567038 29572003 29572009 29573004 29576005 29584030 29585003 29587012 29588005 29589005 29592015 29593006 29594005 29594012 29595019 29596007 29597029 29598007 29599008 29600004 29605004 29609006 29610011 29610025 29612018 29613026 29614021 29617003 29622010 29623003 29623009 29624008 29625015 29626004 29630033 29630053 29634003 29635007 29636008 29636018 29640004 29640014 29641004 29642007 29642009 29646014 29647009 29648006 29649019 29651003 29653003 29653026 29654026 29655006 29655011 29659006 29660025 29663003 29663012 29666010 29666039 29667002 29668005 29672017 29675003 29675022 29675043 29676021 29677005 29680004 29683011 29684009 29685003 29685026 29689013 29690007 29690012 29694016 29695013 29696009 29701004 29702016 29705005 29706004 29709020 29710019 29710023 29711007 29714013 29715030 29723027 29732013 29734017 29738009 29739021 29739023 29740003 29741018 29742024 29745015 29747012 29747020 29748025 29749002 29749006 29749013 29751030 29752011 29754010 29756002 29760003 29760009 29762006 29762008 29764018 29765025 29768020 29772004 29772008 29773013 29774002 29775006 29775014 29776007 29780012 29780043 29782002 29782014 29786015 29791032 29795003 29801037 29805006 29810006 29810031 29811008 29811016 29815012 29816012 29817003 29817006 29821008 29822013 29822025 29822036 29824004 29825004 29828005 29832009 29832012 29832017 29841011 29842024 29843021 29846015 29847023 29850004 29853015 29856027 29857010 29858015 29861011 29864018 29868023 29869006 29869015 29874009 29874012 29879036 29881001 29882016 29886010 29887015 29892025 29894009 29895007 29897008 29898022 29899003 29901006 29904005 29904014 29907014 29908024 29909005 29911026 29919004 29920006 29926004 29929028 29935005 29936023 29939003 29940002 29940025 29940032 29944005 29945004 29946002 29947006 29952033 29953027 29955035 29955050 29956024 29958019 29960004 29960010 29960023 29961011 29961024 29962015 29966029 29967014 29967024 29968012 29971024 29973010 29977012 29978030 29980016 29981037 29982024 29982026 29984007 29984034 29986008 29986010 29986022 29987053 29989038 29990014 29991017 29991028 29992026 29993016 29995004 29995013 29997003 30001018 30002033 30003006 30004004 30005014 30005024 30008003 30008012 30009010 30011024 30013012 30015009 30016026 30016033 30018021 30021012 30021024 30021031 30022049 30026019 30032034 30033007 30035007 30036009 30041007 30042003 30042024 30043022 30043035 30043038 30046034 30046040 30047006 30047017 30049035 30050008 30050023 30052006 30054004 30054022 30054027 30054037 30055033 30056005 30057024 30058012 30058017 30060010 30061002 30062010 30062012 30063016 30066010 30068010 30069007 30070009 30070025 30071011 30071031 30072004 30074004 30074012 30075011 30077003 30079005 30079019 30079028 30080011 30082008 30092037 30092047 30093007 30093026 30093031 30095004 30095021 30095027 30098052 30099016 30104014 30104029 30106003 30107016 30111031 30114005 30114010 30115007 30117044 30121017 30121038 30122011 30125022 30125036 30125056 30128025 30130012 30131002 30133005 30136020 30137010 30145015 30148009 30149006 30149011 30149016 30150017 30150023 30153004 30157019 30159029 30163009 30164005 30164027 30164032 30166004 30166007 30168022 30169005 30170016 30171028 30172011 30172013 30174016 30176008 30177019 30177028 30177033 30178026 30178031 30178040 30179006 30182032 30184027 30184033 30187008 30188016 30190017 30192004 30192018 30195013 30195022 30195024 30196019 30196030 30199004 30199020 30199025 30206021 30206030 30212017 30214008 30215010 30216006 30217008 30220007 30222036 30228011 30228017 30229003 30229009 30229024 30231003 30231013 30233016 30234014 30236005 30236010 30236039 30238032 30240006 30243012 30244006 30245024 30246006 30246011 30246013 30248008 30251025 30257015 30259052 30260006 30262035 30265005 30265007 30266018 30266021 30267009 30268003 30269003 30270005 30270019 30272040 30273008 30273022 30282010 30282014 30283008 30286008 30290005 30292036 30295003 30299006 30305011 30308003 30309006 30312003 30312021 30312039 30313004 30314012 30316004 30318005 30318009 30319011 30319024 30319036 30321003 30321015 30322009 30323007 30324021 30325024 30327007 30328018 30329024 30332003 30334016 30337025 30338003 30338011 30340030 30342013 30342017 30342030 30342038 30343003 30349003 30349020 30349042 30351003 30355005 30356003 30356012 30359021 30362006 30363011 30365003 30366021 30367021 30367041 30368005 30368014 30369003 30369012 30374003 30374024 30375007 30376003 30376055 30381018 30385017 30387009 30387045 30391006 30391010 30392023 30393005 30398020 30408015 30411003 30411034 30417008 30418003 30426018 30427001 30430017 30431033 30432026 30433016 30434030 30443015 30444004 30445004 30446024 30446026 30455011 30457021 30459003 30459015 30460007 30461018 30463023 30467013 30470014 30471013 30471019 30473009 30475016 30478016 30478021 30478037 30480010 30480023 30481003 30481024 30482014 30483005 30484044 30490005 30494004 30494013 30496008 30499026 30499049 30501028 30502021 30502025 30502035 30503010 30503019 30503031 30505025 30508019 30509003 30509017 30510005 30510026 30510029 30510034 30515024 30515037 30520016 30522008 30523007 30524003 30526006 30528005 30528009 30529009 30531004 30531014 30537005 30538017 30538037 30539010 30540006 30540012 30545005 30545014 30550017 30551025 30552007 30552019 30555004 30558003 30558035 30560013 30560015 30561005 30562006 30562026 30563008 30564010 30564029 30565007 30565021 30565025 30569013 30570015 30570050 30571008 30571010 30572004 30572025 30577003 30580005 30580019 30580029 30581025 30582003 30582029 30582043 30584008 30585004 30587017 30588011 30588013 30590007 30590012 30590024 30590031 30592011 30593005 30594004 30594021 30594023 30595004 30595006 30595016 30596033 30597010 30597017 30599012 30600004 30600017 30600028 30600033 30601004 30605003 30605013 30605016 30606013 30607015 30607030 30608025 30609007 30610008 30610015 30611003 30611028 30614030 30615003 30616002 30617007 30617016 30620007 30622010 30624014 30624029 30625021 30626004 30626019 30627008 30627014 30629004 30631033 30631039 30632006 30634022 30635033 30640005 30640024 30641066 30643005 30643013 30643020 30644005 30645005 30646004 30649005 30650007 30653016 30656019 30659003 30660003 30662010 30662019 30663012 30664002 30664014 30669057 30669060 30670003 30671023 30673022 30673025 30674003 30676003 30676031 30676046 30677009 30679030 30680026 30683024 30685038 30690006 30691008 30692016 30693006 30693035 30696028 30696036 30698001 30699047 30702003 30707007 30707009 30707046 30708009 30709004 30711016 30712006 30713009 30713011 30720004 30720022 30720028 30720056 30724010 30724014 30724016 30725009 30728003 30728014 30728018 30729009 30729011 30731003 30731014 30731037 30732055 30735009 30735030 30737004 30737013 30738006 30741014 30742018 30742022 30744030 30746005 30747009 30748019 30748031 30749023 30749030 30750045 30752019 30752032 30753010 30755004 30755011 30756034 30760010 30762003 30762010 30762026 30767011 30769009 30771006 30774031 30777002 30777016 30778002 30778007 30780013 30781019 30784010 30786014 30788042 30789004 30792005 30792020 30799015 30800045 30801018 30802005 30802035 30805029 30809030 30810011 30812007 30813029 30814024 30828025 30828034 30832002 30835014 30839018 30843007 30848002 30849006 30851010 30852016 30855008 30855015 30858037 30858039 30861013 30865009 30869014 30871017 30874013 30875031 30876017 30878003 30879019 30880016 30882016 30883016 30891007 30899015 30902027 30902044 30902051 30903003 30903010 30904029 30904034 30905006 30906022 30910033 30911019 30914017 30914019 30917026 30920017 30921009 30923026 30923034 30925019 30926007 30929010 30929016 30930022 30934007 30935025 30940008 30940027 30945047 30946023 30947011 30948030 30949011 30950013 30954020 30967010 30976028 30979003 30979036 30979038 30980014 30980027 30984025 30984044 30993038 30995018 30996007 30997021 30998009 31002023 31003016 31005014 31005017 31008009 31009016 31009021 31012019 31013012 31013020 31016003 31017022 31023011 31024026 31028037 31028039 31030011 31030028 31032003 31035018 31040015 31042011 31051031 31054009 31059029 31061008 31063013 31063025 31063031 31064003 31064022 31068019 31071009 31071012 31071022 31071029 31080004 31081033 31081037 31083033 31088005 31089028 31090029 31091018 31092014 31093004 31098002 31098010 31098021
uade|5|23686028 25049019 25147017 27096011 29513028
ual᷊ine|11|23479036 27988028 27993011 28187023 28684056 28928007 29460017 30052020 30251049 30270022 30274011
ual᷊ing|11|24672026 24914009 25276016 25294007 25350014 29059047 29940019 29948027 29962010 30705029 30980031
ual᷊ing'i|3|23718025 28153021 28534041
ual᷊ing'u|3|29048050 30502053 30951030
ual᷊ingkem|1|28796031
ual᷊ingken|23|23640010 25113020 25127002 25735012 26033009 27564002 27772029 27842026 27919002 28017008 28272019 28405008 28421002 28513025 28729002 29098037 29168009 29600013 29675055 29896022 30092017 30443012 30535018
ual᷊ingkeng|5|23735006 28058015 29259018 29829010 30415007
ual᷊ingkewe|1|27831023
ual᷊ingkewen|3|27390045 28941011 30045009
ual᷊ingu|701|23163039 23165043 23202008 23245006 23246011 23359012 23363007 23436011 23440007 23457014 23459005 23459023 23460016 23512011 23514017 23517009 23517016 23518008 23545015 23553010 23601023 23607011 23637017 23733011 23748008 23760020 23766025 23771011 23775007 23775021 23842021 23852006 23937009 23937022 23939015 23941007 23941014 23941019 23944034 23954008 23967020 23980016 24098014 24148020 24149026 24255002 24294013 24341021 24399009 24425019 24428014 24434023 24442017 24477002 24556020 24558029 24576009 24580007 24611018 24618030 24618033 24641005 24652020 24670021 24673017 24710005 24731008 24738015 24793031 24795018 24837015 24855002 24882011 24882023 24939004 24972008 24994015 25009002 25040028 25042002 25070018 25169010 25275005 25288001 25384006 25414027 25421011 25424027 25450013 25451011 25456013 25457026 25467008 25493029 25533014 25629013 25661005 25694002 25700029 25712011 25713009 25718020 25769031 25780010 25839033 25844008 25849010 25913008 25941007 25944011 25955004 25955009 25956007 25961013 26095008 26119018 26140004 26155009 26181008 26196012 26198010 26199016 26227002 26229022 26229034 26284012 26284024 26323007 26336015 26352021 26357032 26414009 26419020 26424031 26427008 26443020 26443026 26444008 26444013 26482014 26495012 26500011 26515006 26515017 26518012 26520003 26528024 26543015 26587006 26587015 26590024 26590030 26592001 26620002 26653009 26662020 26663006 26682022 26686021 26688021 26703005 26708011 26721009 26730007 26733009 26737007 26748028 26754001 26754012 26772045 26772052 26780020 26885010 26899020 26905029 26918013 26978018 26982009 26986002 26991004 26997021 27008029 27009037 27009044 27013022 27014028 27015002 27026014 27030022 27032009 27033030 27044031 27053016 27062022 27077017 27098006 27101022 27104032 27112010 27152045 27195006 27224009 27289002 27293002 27371012 27401044 27409026 27424017 27432012 27452015 27454013 27467022 27487009 27542051 27544014 27552019 27553002 27576045 27585061 27595037 27609012 27623011 27623023 27626022 27640030 27646025 27655062 27661008 27665006 27678032 27689040 27716005 27733010 27741050 27764021 27789030 27791021 27797013 27800002 27822019 27823017 27827002 27830009 27845002 27847025 27850012 27863026 27865026 27868024 27880018 27880037 27898014 27903026 27914015 27920021 27939013 27943004 27947008 27948003 27948025 27967027 27975025 27976009 27976020 27978034 27994007 27995014 27999003 28011025 28012010 28016002 28019015 28019027 28020014 28020026 28022016 28022034 28023005 28023021 28026012 28032041 28034024 28034058 28035022 28035030 28036023 28036032 28037004 28040049 28047018 28048008 28049008 28049013 28050020 28050034 28057008 28057012 28058037 28059013 28059021 28060006 28061021 28063048 28065011 28065057 28067009 28067023 28069007 28069029 28073021 28074024 28075029 28079008 28080010 28083007 28085046 28096019 28097019 28097028 28116057 28120007 28124014 28127014 28137009 28137014 28157008 28159001 28164017 28178024 28186027 28188014 28188020 28192016 28194010 28194017 28195010 28206007 28206016 28215012 28221019 28230008 28230019 28230026 28232039 28238031 28248018 28251018 28268027 28272012 28282020 28285035 28287017 28296003 28301003 28313010 28317022 28317029 28321002 28323011 28326002 28339033 28341005 28345007 28365018 28365092 28381020 28385016 28446008 28454021 28458058 28479027 28479036 28482018 28493048 28502011 28502031 28511015 28535018 28537012 28539002 28545011 28549015 28562046 28566019 28576025 28607032 28688003 28695043 28700026 28710002 28718002 28720030 28722036 28741017 28751006 28802025 28808027 28812006 28812041 28813048 28813054 28818029 28821025 28828002 28846006 28852014 28860021 28861008 28861014 28865032 28871012 28871016 28873015 28873021 28875020 28876002 28882018 28882026 28882042 28889008 28891011 28896004 28899023 28924007 28924015 28924021 28926007 28926014 28928010 28929013 28929020 28942032 28946019 28951020 28962002 28962053 28964013 28970002 28970042 28973034 28987009 28988020 28997022 29001007 29017020 29028011 29030008 29032031 29033015 29039033 29048021 29054002 29059044 29059053 29064012 29068003 29073002 29082006 29086032 29087012 29098013 29098020 29098044 29098050 29099038 29102023 29103017 29105016 29105021 29108021 29108027 29109020 29114008 29115021 29116018 29127021 29128003 29129015 29131029 29139012 29145021 29148010 29151009 29152017 29155017 29160014 29161012 29164015 29167019 29188010 29191009 29201033 29209010 29210023 29215005 29218030 29219014 29220026 29221033 29231008 29235028 29238024 29238029 29243004 29243020 29248016 29253002 29253008 29254010 29261004 29264006 29265016 29268013 29269002 29269021 29273013 29276010 29286009 29287028 29289019 29291032 29295014 29306011 29335005 29348007 29367005 29375015 29377011 29378006 29390030 29393004 29393015 29395005 29401002 29405001 29411021 29423010 29425020 29425031 29429002 29431012 29431032 29439015 29443024 29447006 29454005 29477002 29482036 29483012 29486031 29487013 29488004 29489048 29490013 29505002 29506012 29506019 29507024 29508007 29540027 29563010 29566016 29574008 29598002 29605033 29630012 29653015 29655017 29655022 29661002 29661055 29662008 29675040 29677019 29677025 29678036 29688006 29688023 29702023 29791013 29811058 29818017 29819020 29819029 29823026 29879025 29894012 29904016 29917017 29929007 29929016 29929026 29929038 29931002 29945025 29946028 29948002 29952030 29960007 29987023 29987048 29988014 29992033 29993014 29995020 29996002 30021015 30026034 30033010 30034002 30034020 30034026 30038030 30058021 30062020 30067019 30071025 30081007 30084027 30092027 30095025 30099034 30102036 30113044 30118038 30120019 30121002 30121034 30128013 30153006 30186025 30208024 30212008 30229027 30241012 30251032 30254002 30254020 30285002 30285011 30315014 30317015 30317029 30318012 30318019 30319016 30334019 30344021 30380006 30382039 30404018 30420014 30420028 30421021 30424031 30439008 30441024 30446051 30454006 30458034 30461006 30463006 30466007 30468030 30468042 30484022 30501009 30508017 30513028 30528018 30563013 30572009 30572018 30579024 30639011 30649029 30683027 30683031 30684033 30688012 30688028 30703030 30707042 30721008 30729027 30763012 30803021 30803027 30804027 30859006 30894006 30903018 30919019 30976026 30978011 30982011 31002002 31005011 31009006 31018004 31020021
ual᷊u|11|24953005 24995004 25523007 25530008 25535014 25628034 26216012 27125032 27250019 27803009 29427005
ual᷊um|1|25011007
ual᷊ung|1|30445037
ual᷊ịeng|1|28334007
uane|4|23302009 23303010 25493035 30357014
uase|12|23302012 23303013 24369016 27345043 27348016 29352023 30744039 30850008 30858019 30897016 31006038 31033025
uatạ|1|28456023
uhaseng|1|26640012
uhisě|4|31029011 31032012 31037025 31039013
ukahe|1|28910024
ukurangu|2|28429015 28894011
ukure|1|30707011
ul᷊e|1|25791023
ul᷊enang|1|25177020
ul᷊ene|1|24677018
ul᷊idě|4|24583006 24585007 24587007 27361023
ul᷊ing|1|30324022
ul᷊inge|1|27896017
ul᷊ung|1|27587012
ul᷊ịko|1|23445008
umat|1|29562008
umat'E|23|23166021 23581021 23980017 24962012 24971005 25083008 25696010 27457033 27659049 27932019 28144022 28365017 29218029 29221017 29221029 29225042 29242034 29492025 30101009 30379013 30676055 30707034 30902018
umat'i|1|27937020
umat'u|9|25364021 25637039 25895026 27394039 29056017 29205013 29220006 29260003 30502006
umate|3|26762007 28394043 30254016
umatu|5|29222019 29313015 29660022 30678019 30961006
umatě|52|23870019 23972017 23988015 24041002 24215008 24658032 24745009 24748010 24911046 25005008 25006006 25435019 25837013 25852017 25890007 26039013 26990028 27296033 27380014 27406019 27411003 28040018 28041023 28150007 28160004 28162017 28700021 28738018 29111044 29587024 29659002 29828028 29932036 30376005 30553028 30757032 30820030 30841021 30873014 30897013 30916022 30931030 30933027 30935021 30950032 30951023 30991016 30997003 31036026 31042026 31047008 31083035
umatẹ̌-Ku|5|28181014 28700036 28915049 30172002 30998014
umbaghane|2|27161030 30098054
umbaseng|18|23783009 23785005 24867030 24879018 25210017 26917009 27175023 27636005 27636021 27637012 27639008 27752013 27753005 27753027 27754007 27755002 27757025 29760014
umbure|1|25288009
umpade|3|26786016 29223004 30689006
umur'E|1|25049008
umure|12|23186031 23310009 24953007 24995003 25011006 25016006 27045015 27125031 27140004 28042019 29133030 29773017
umurě|1|25485010
umurẹ̌ku|1|29427004
undang|1|30765044
une|6|23261013 23274011 24666012 25519009 27960019 28265007
ungkuěng|51|23614006 23616003 23627002 23637007 23639002 23690008 23843016 24035007 24278010 24506005 24516010 24955012 26223014 26288003 26292002 26293007 26326002 26381008 26395008 26401006 26407009 26421019 26451009 26453005 26478008 26551002 26558017 26568031 26639003 26641008 26670006 26791004 26791012 26803023 26902018 26904014 26914028 26915020 27083009 27167008 27173002 27177008 27743003 27780013 27819021 27887014 30059004 30150016 30527002 31010003 31057010
ungkuěng'E|2|24408016 26394009
ungkuěnge|3|23695014 26403008 27792022
ungkuěngkewen|1|26668011
ungkuěngku|1|30825009
ungkuěngu|27|23642004 23661004 24275027 24312024 24530013 24562002 26173007 26174005 26174012 26176011 26178002 26268004 26335006 26376007 26434035 26466007 26479004 26535002 26547006 26563005 26794010 26885005 27048022 27124011 30103020 30706008 30940025
unid'u|1|23530026
untune|9|23699003 25755022 27500046 27993005 28090006 28751012 28919035 29024003 30689037
untung|3|29383012 29429013 30504019
untunge|11|24025015 24026013 24029029 24031029 25747023 26195023 29039029 29040008 29041024 29458030 29933021
unụ|1|29141021
unụe|106|23372002 23384012 23391016 23394017 23550011 23637010 23711008 23720015 23770009 23852043 23916007 24065011 24117011 24176022 24269015 24277033 24279027 24285012 24345023 24364009 24364014 24404011 24469016 24469026 24513008 24518016 24519006 24519013 24550008 24551024 24567017 24607002 24644009 24672034 24689012 24861019 24915014 25022015 25023005 25130012 25149008 25188002 25271009 25293027 25486009 25516021 25517002 25708002 25755003 25785025 25911008 26070017 26131010 26166013 26184044 26348023 26370015 26374024 26425002 26428018 26443013 26518001 26561016 26637012 26659012 26668003 26691012 26807003 26809022 26881009 26883009 26935010 27009013 27048024 27048032 27063010 27064023 27289026 27311005 27430003 27453003 27618033 27712019 27729026 27735011 27838023 27984007 27984023 27999022 28000002 28071012 28175010 28273007 28441023 28597016 28598013 28731013 28748008 29096035 29107013 29170012 29174008 29515019 29515031 29654005 30983008
unụewe|2|26352015 28377002
upung|69|23146008 23256007 23268007 23636008 23637021 23640013 23949014 23951016 24467015 24468021 24469034 24651007 24948011 24966008 25034026 25173017 25453018 25454016 26177002 26289003 26307002 26316013 26351022 26979015 27010007 27022024 27048015 27090016 27119018 27125062 27126003 27128019 27129020 27132016 27136015 27149006 27155026 27156005 27161013 27162010 27168031 27169010 27380008 27395019 27453024 27708044 27719012 27784015 27830021 27917046 27925040 28024009 28161006 28166019 28238045 28312025 29072027 29768036 29813017 29965014 29980011 30004011 30005004 30011031 30069021 30102011 30315005 30393018 30527018
upung'E|1|24926023
upung-ghaghurang|1|28569016
upunge|3|27399010 30068021 30075019
upungu|2|23146025 23202014
uriheko|1|29636010
urusang|2|25629025 28360022
urusangu|5|28285026 29615006 29690028 29777025 30462021
utang|5|23753023 23754020 23758021 23762019 25238006
utange|5|23755013 23756014 25239008 25626010 29957008
utangu|8|23751018 23756028 23760014 25626020 25627016 25628014 25628031 29958025
ute|1379|23162022 23168022 23173019 23178024 23204021 23205019 23216014 23224006 23247007 23248010 23257030 23259001 23260009 23260023 23263016 23264008 23265010 23267017 23267035 23272008 23274028 23275014 23277008 23281011 23282013 23284022 23285010 23289006 23297010 23298010 23299005 23300006 23303003 23304007 23306005 23306018 23317003 23336008 23341010 23343011 23355030 23355054 23363009 23377015 23398013 23409013 23420004 23428020 23429009 23430007 23431009 23431024 23432015 23437010 23441008 23443021 23445017 23454007 23456013 23457019 23458006 23458015 23459010 23459027 23460021 23468017 23474007 23475005 23481025 23483017 23483037 23492006 23497023 23507003 23515025 23515049 23516013 23517014 23518016 23520008 23520022 23521003 23522024 23523007 23523015 23524019 23533008 23540008 23551022 23552012 23552019 23552024 23554003 23564016 23569009 23572014 23577009 23578003 23578022 23579007 23579012 23579020 23583026 23588006 23588031 23606004 23611022 23619006 23626012 23637003 23638021 23639005 23640017 23642019 23645014 23648020 23652006 23676004 23687020 23692031 23697015 23698008 23698020 23705020 23721025 23731018 23732010 23734018 23736010 23737008 23741007 23743008 23743033 23744005 23745010 23745026 23746009 23746021 23747019 23748010 23749018 23752006 23771020 23772020 23773013 23775042 23780022 23784011 23794006 23800015 23818004 23823021 23830006 23835014 23848013 23851017 23853009 23862020 23867012 23878020 23890003 23894013 23897020 23900002 23901010 23902003 23903010 23912003 23912007 23918011 23922004 23933036 23934036 23935019 23935035 23947016 23949019 23951003 23971008 23972009 23980009 23980018 23981022 23984034 23986004 23987007 23995006 24001020 24006007 24010011 24023009 24032017 24049024 24054019 24066011 24067009 24068009 24078012 24097021 24102018 24103017 24109005 24118020 24122013 24152003 24170023 24172021 24210007 24215003 24256023 24281015 24313013 24314016 24331004 24337015 24338003 24339005 24341024 24344015 24347006 24349017 24353007 24354006 24355007 24356005 24358022 24399015 24418012 24419020 24428042 24446018 24457013 24493011 24502017 24504008 24539015 24557008 24561025 24564011 24576012 24579009 24580014 24630014 24633010 24636013 24644014 24652023 24666015 24667009 24693030 24697008 24703006 24705003 24711012 24714015 24725010 24729010 24729025 24738009 24738017 24739022 24746016 24754006 24764017 24775006 24779003 24839012 24892009 24892021 24897011 24914014 24917011 24993004 25003004 25009005 25013014 25014003 25027039 25028006 25028015 25041013 25070025 25104006 25107012 25110015 25113025 25116006 25120042 25127007 25141021 25160035 25170013 25176007 25176019 25177007 25177016 25179011 25180016 25181012 25182031 25186017 25195026 25196010 25196022 25204029 25204040 25204051 25208010 25208021 25235023 25239004 25240035 25241012 25242012 25243018 25247032 25249024 25251014 25256026 25264020 25267018 25294013 25297006 25306007 25307007 25307015 25311004 25321020 25322004 25325017 25326007 25326021 25328009 25345024 25350019 25350030 25352022 25360018 25364016 25370008 25370018 25372015 25374013 25397016 25399026 25408011 25414037 25423028 25424014 25429016 25440010 25440021 25442011 25468015 25471017 25491015 25514017 25515010 25518009 25518028 25521013 25522015 25528013 25562008 25564007 25564030 25566018 25566044 25567007 25573002 25580026 25582008 25586010 25594007 25633011 25644017 25651024 25652015 25655011 25655018 25656023 25658013 25662016 25667010 25671019 25689016 25731007 25731015 25732028 25735022 25749017 25758019 25759004 25772009 25785017 25786010 25805008 25813006 25827017 25839008 25846007 25847009 25849013 25855007 25857007 25860010 25897021 25919014 25925020 25948012 25967012 25977005 26002011 26027009 26071013 26078036 26085014 26086025 26117008 26127004 26127012 26139013 26142009 26154007 26160012 26167017 26171011 26191007 26194013 26205019 26247015 26254021 26257007 26257018 26258014 26264013 26291008 26309032 26321022 26329006 26331004 26333026 26339011 26346007 26347020 26356007 26379007 26387016 26389021 26398006 26399011 26400007 26401028 26412008 26413021 26417012 26418010 26420007 26420014 26421024 26424016 26426043 26433011 26435019 26436011 26437023 26459022 26462018 26482008 26483026 26484008 26519011 26520007 26520023 26536013 26537004 26537014 26545016 26553003 26556033 26572009 26580014 26605016 26605030 26613012 26614005 26626006 26629019 26630014 26639026 26645012 26648009 26651015 26657014 26663009 26666007 26676007 26678029 26683011 26684007 26686003 26688015 26689006 26690010 26692009 26698019 26705023 26705030 26706018 26709006 26710009 26713008 26719009 26720033 26722013 26724017 26734035 26735005 26736010 26742006 26771018 26772054 26792014 26794021 26796020 26809011 26816010 26822017 26826014 26834009 26837014 26838024 26861009 26864022 26868015 26880028 26883046 26887008 26889015 26891023 26893050 26899024 26906023 26917031 26924017 26983030 27003017 27015004 27023029 27036038 27040013 27046007 27047010 27055018 27055032 27070020 27098005 27125004 27135002 27138006 27140011 27180004 27183019 27191019 27204020 27214012 27255025 27275017 27296019 27317017 27336004 27350005 27360005 27364012 27378040 27383031 27472039 27483003 27485033 27499035 27522031 27530012 27542034 27547018 27548009 27553012 27564012 27564034 27565034 27579020 27613002 27624014 27625013 27649010 27699018 27741020 27770001 27772032 27774010 27808015 27808031 27823037 27829013 27848022 27860014 27868039 27877037 27884014 27884030 27887025 27897018 27900005 27901009 27909005 27918007 27919007 27925008 27934015 27935005 27935012 27937008 27943014 27948023 27951016 27957005 27964044 27965015 27971017 27977021 27987014 27988008 27988023 27992015 27998010 27999008 28011027 28016022 28017010 28019003 28034060 28038014 28049015 28050008 28064017 28065005 28066023 28067013 28075031 28076006 28085016 28088006 28091017 28094007 28094024 28095013 28095023 28095026 28095038 28100022 28108013 28112009 28113012 28115017 28116020 28120013 28123008 28123018 28127009 28128018 28130009 28131010 28134011 28135011 28141003 28141018 28142013 28146022 28148015 28164002 28185018 28186003 28192025 28194012 28216025 28221023 28222012 28225008 28231016 28232043 28233014 28234009 28234028 28236004 28238034 28254056 28266016 28266027 28270033 28271019 28277018 28284007 28285024 28289005 28295007 28296018 28296032 28298017 28299007 28301028 28303026 28304017 28304040 28321010 28325015 28333007 28372017 28376002 28376031 28393003 28395015 28396023 28403021 28404003 28404029 28406008 28406029 28409024 28414024 28415017 28416003 28418003 28418016 28420014 28425015 28426008 28426017 28428006 28429018 28430008 28431014 28436007 28440027 28444004 28444016 28446029 28458012 28458042 28458050 28460001 28466004 28470021 28471018 28472008 28484014 28485007 28486025 28488013 28493018 28493028 28493042 28496012 28497007 28498006 28498030 28499007 28500005 28500040 28501023 28502045 28503016 28503026 28506035 28507015 28509010 28509020 28510009 28510025 28511017 28513033 28514007 28515007 28515022 28516007 28516017 28517017 28517021 28518004 28518013 28519011 28519034 28520016 28521006 28522003 28522042 28524028 28527016 28530008 28530011 28531011 28535020 28535025 28535049 28540014 28540031 28541013 28543013 28543026 28544007 28550018 28552020 28553011 28557006 28558007 28559003 28565010 28565022 28572027 28582003 28585018 28586012 28596018 28598012 28599009 28604020 28604028 28605022 28606035 28606041 28607008 28607024 28607034 28611010 28615016 28616005 28621008 28622005 28624006 28625012 28626005 28626029 28627012 28628018 28630016 28634018 28635004 28635019 28641018 28644024 28645012 28652008 28652019 28654007 28656003 28658011 28661012 28661020 28661026 28662004 28666003 28667022 28668035 28669024 28677036 28678007 28679015 28679025 28682003 28684017 28685015 28687010 28688020 28692009 28699019 28702003 28705020 28706008 28709020 28710006 28714008 28716017 28716030 28717007 28718004 28721011 28722010 28722018 28727004 28729006 28730026 28732008 28733011 28734004 28735009 28736009 28737004 28737010 28738024 28740011 28743003 28745005 28746026 28756015 28761022 28762006 28762018 28763004 28763017 28764010 28764022 28765003 28765011 28766004 28766014 28767004 28767018 28768016 28769003 28771025 28773023 28775003 28780006 28781006 28784016 28787007 28789051 28807006 28810002 28813022 28814008 28814048 28818012 28827011 28835013 28851009 28852009 28859007 28859020 28860050 28863011 28871019 28875003 28881003 28883006 28884027 28891009 28891026 28892022 28900013 28922008 28928019 28938023 28943006 28946027 28952003 28956025 28960023 28961031 28962040 28968003 28974001 28978011 28979022 28986010 28988003 28989013 28990004 28996011 29003003 29006021 29029010 29032044 29033035 29037024 29038029 29042031 29044010 29046048 29047026 29054028 29065003 29066011 29067030 29068037 29092005 29100011 29110011 29118023 29119032 29121009 29121022 29122011 29124006 29127003 29128010 29129008 29131004 29132007 29133015 29139019 29147012 29164017 29167010 29169010 29174026 29178010 29181010 29184031 29185010 29190010 29191011 29192011 29199007 29203025 29204009 29217003 29220035 29235016 29241030 29243003 29249003 29256006 29257014 29258003 29262004 29266003 29269008 29283007 29284021 29284029 29286003 29287005 29288016 29289030 29294009 29299007 29302005 29305003 29306013 29307003 29310021 29313026 29316010 29317008 29325008 29326005 29348002 29351003 29351033 29356014 29357011 29377020 29384015 29386004 29388010 29392014 29407005 29407042 29407060 29415013 29426027 29427028 29428020 29430024 29432005 29437009 29441005 29442004 29451015 29456010 29460011 29462006 29476003 29480009 29488003 29488019 29490017 29493016 29494029 29495004 29497024 29506006 29507006 29512015 29513019 29522006 29522017 29526004 29528022 29529006 29532007 29541006 29542017 29542027 29548012 29559009 29563026 29567033 29568003 29587028 29587041 29590024 29592011 29594003 29595009 29610003 29612006 29619004 29621026 29622003 29628003 29630014 29670001 29670012 29674002 29674013 29689021 29702004 29708010 29721004 29723020 29727003 29730005 29733011 29742017 29747006 29754013 29756012 29761006 29764020 29766015 29768011 29770009 29772015 29775016 29777016 29780017 29781011 29786018 29788009 29788016 29789007 29789015 29793011 29794008 29797007 29804003 29808003 29811037 29824014 29839012 29855008 29867009 29868007 29884006 29902015 29904024 29909027 29956014 29957012 29986020 30000011 30002005 30004001 30009015 30014029 30032023 30033012 30034009 30044007 30048007 30053010 30061006 30061019 30067014 30073029 30077008 30078004 30094005 30097008 30098009 30099028 30114017 30117032 30122006 30133014 30153010 30154019 30156003 30160021 30174012 30179004 30180043 30180051 30186027 30187005 30188014 30213014 30221013 30224023 30238057 30252024 30259043 30259054 30269011 30270023 30272011 30280007 30282008 30282018 30290011 30292031 30293011 30294009 30297030 30303008 30304011 30317002 30320008 30320018 30334013 30334022 30335003 30336011 30342020 30349027 30349045 30367003 30368007 30368017 30369005 30381003 30382002 30387040 30392030 30392038 30397010 30401003 30405022 30410013 30412021 30413007 30426024 30429017 30430005 30430019 30433002 30435020 30440007 30448008 30449003 30453016 30454008 30455002 30455016 30457024 30458006 30460020 30463013 30464029 30465016 30466012 30472003 30484004 30486005 30486015 30488003 30488018 30489010 30490030 30491003 30500004 30514009 30514018 30514023 30514045 30515026 30520022 30532032 30535021 30543005 30547018 30548017 30549011 30550012 30551009 30552022 30555015 30556011 30560018 30561008 30566018 30569023 30570006 30570033 30571005 30573003 30574007 30574019 30575013 30575031 30576011 30578018 30580014 30588008 30589026 30594035 30595009 30600015 30601015 30603005 30611025 30614002 30615016 30616017 30617012 30619010 30624017 30626015 30626027 30641026 30641076 30652017 30653029 30654003 30655019 30656015 30657007 30669039 30695008 30696019 30718032 30723026 30734011 30766015 30815023 30835005 30839004 30852011 30858007 30865018 30869008 30877004 30878010 30878029 30878037 30881023 30918008 30927010 30947023 30969004 30981010 30981015 30985003 30985014 30985030 30986012 30987012 30987018 30988006 30991013 30994005 31018018 31026013 31030009 31044015 31047029 31053019 31063037 31070026 31071025 31073021 31076015 31077003 31081024 31089017 31096031 31098034 31099027 31100010
utạ|19|23271012 23300013 23448002 25234027 25240046 25467002 25845003 26526016 26584029 27576039 27689021 28607010 28607021 28615012 28616006 28616013 29726013 30428011 30849005
utụ|1|30838013
wadan|1|28251039
wadang|72|23305006 23415041 23419030 23446007 25341013 25533033 25666019 26864016 26864045 27070036 27602032 28082007 28096025 28116040 28445018 28481045 28488015 28492006 28492012 28492024 28492030 28584047 28585025 28648033 28649002 28650015 28651015 28651025 28653015 28657005 28658018 28659004 28659031 28662016 28761024 28762007 28763005 28763009 28763018 28763022 28763034 28769009 28769024 28772008 28772021 28773002 28773010 28773018 28879009 28881005 28882033 28882055 28884022 28886014 29030017 29230004 29241040 29258036 29289007 29298024 29310037 29335011 29518022 29533024 29645035 30154025 30320003 30320010 30326006 30326020 30682025 31030015
wadang'E|3|27392018 29484005 29490028
wadang-Ku|3|24067007 24081034 25884025
wadange|30|23233035 23308030 24194018 24390019 24557009 24557019 25344014 25464011 25483007 27033023 27511026 28522027 28628029 28650024 28652004 28652011 28652016 28652022 28655006 28660004 28758009 28758015 28758023 28762020 28771032 29289026 29333013 29443016 29514016 30185009
wadangi|4|28483012 28483022 28487006 28772014
wadangku|6|24777034 28625019 28669015 29031012 29038016 29206013
wadangkue|1|29146011
wadangu|17|23264019 23305011 23306007 23306015 24559019 24565010 25440012 25440023 25442003 25988010 25991023 27426030 28127011 28128030 28483027 28486017 28647006
waebe|1|30068007
waehang|1|23806022
wael'i|1|23567020
wael'u|9|23491011 23794014 23794025 23797012 23800021 23801003 23806002 23855034 23868014
waele|3|23564030 23571027 28548020
waelu|2|28420017 30800050
waelě|19|23418005 23567009 23568002 23796005 23798015 23800011 23804011 23860018 23863002 23864003 23976004 23998008 24350022 24682013 25538012 25614006 25683025 26192021 26195006
waẹbe|10|26378013 27536021 27709018 27847038 28385002 28617011 29217011 29346005 29813038 30367007
wahageang|7|28360025 29561008 29583041 29696010 30108006 30109002 30113004
wahageange|3|23861022 28554024 31100026
wahageangu|2|26960008 28650014
wahakạ|1|24693045
wahal᷊uas'u|4|23317024 23392011 23640006 23727014
wahal᷊uasu|7|23614002 24120016 24818011 28659012 30104004 31077005 31086004
wahal᷊uasě|3|24400026 26121002 26757014
wahani|26|23919013 25129019 25203006 25820008 26300021 26342005 26359012 26623018 26911021 27073005 27149026 27850017 28055018 28176014 28469006 28854013 28973032 28984008 29010026 29011023 29357022 29358019 29745012 30153014 30248006 30682032
waharia|3|24261023 28284005 28284023
wahe|2|23357011 25514016
wahighan|1|27599020
waja|1|29355007
wakuhě|3|23397009 23397015 23397032
wakunang|3|25418003 30844024 30851011
wakị|5|23721022 25658010 26605025 28756017 29782013
wakịu|1|26605006
wala|2|25410018 28991002
walag'i|1|30785015
walage|1|24412024
walakama|1|25448019
walawe|1|28503033
wal᷊ang|3|24627031 24628028 30684023
wal᷊ango|4|27869028 27885016 27886020 30064006
wal᷊e|93|23181006 23342009 23342014 23344011 23352009 23408006 23430006 23431004 23443016 23534011 23534022 23541009 23576011 23592021 23792005 23960023 23975007 23975014 24001006 24246018 24251010 24262019 24418010 24481012 24488022 24494006 24567007 24572011 24599007 24619019 24645015 24719016 24720010 24720020 24733013 24753015 24769009 24918018 24981027 25126024 25127021 25195025 25196023 25273029 25369006 25369013 25371004 25371026 25398036 25399013 25404009 25412008 25431008 25499006 25544004 25563003 25564014 25566007 25575013 25609013 25615018 25617011 25683019 25876005 25877002 26544023 26555008 26584033 26887015 27165007 27180019 27269015 27287011 27290015 27319019 27565011 27602018 27915029 27916017 27930011 28256015 28425002 28428026 28714017 28879007 28880003 28882008 28884033 29777011 29848003 29914008 29999025 30456004
wal᷊eku|5|23354016 25202040 25430033 25577020 27499038
wal᷊em|27|23285027 23288015 23389018 23398018 23403010 23415022 23468021 23499009 23725026 24237019 24245007 24410010 24727023 25079006 25080021 25084024 25092004 25097003 25102005 25153011 25201012 25529009 25839019 26317012 26475028 26623035 26729008
wal᷊en|32|23403007 23504007 23519005 23925019 24061008 24316006 24675046 24758009 25233020 25555010 25625014 25739017 25919009 26463039 26476014 26996021 27057025 27137025 27358028 27529032 27548023 27770036 28342009 28420025 28428014 28538017 28796023 28915007 29884016 29998025 30001010 30201016
wal᷊ene|33|23597031 24001032 24714009 24752006 25137011 25232017 25287029 25413012 25427009 25443014 25499024 25597023 25641008 25683010 25718009 25740004 26853024 27057019 27282036 27321017 27516021 27517028 27531009 27673028 27681026 28360010 28635010 29558023 29734020 29774024 29901009 30244031 30319030
wal᷊eng|47|23233013 23390007 23953038 24044029 24047022 24052012 24113010 24149006 24157011 24239013 24255015 24276006 24387013 24400012 24403006 24808006 24809012 24823027 25023028 25102011 25206008 25221021 25249008 25288022 25295010 25297004 25449014 25471007 26671002 26801030 26806019 26814011 27078010 27166012 27237009 27266006 27320037 27459014 27507014 27508007 27565019 27724015 27985028 28375007 28880021 30107012 30244010
wal᷊enu|8|24073030 25240022 25737024 27515021 28259026 29941007 29961010 30656024
wal᷊ikụ|1|31096010
wal᷊ine|506|23173012 23225019 23231010 23254016 23254038 23257013 23257027 23298009 23307019 23307029 23318004 23319007 23319024 23329004 23355039 23367004 23415010 23463017 23476023 23506010 23515023 23515048 23564006 23573006 23680013 23687019 23741023 23772019 23775024 23812005 23817008 23860048 23863007 23865014 23868019 23877008 23932032 23953025 23953049 23960032 23965007 23968015 24011010 24020006 24024020 24088011 24126012 24172005 24179003 24191007 24197019 24235013 24243012 24254016 24314015 24337024 24348019 24360026 24365009 24423004 24529017 24600014 24615016 24622033 24630009 24667008 24675067 24678008 24679007 24681008 24705015 24706032 24707039 24717031 24726007 24726013 24786026 24811016 24813025 24814010 24858019 24858024 24868024 24877007 24887011 24989019 25100008 25107020 25129012 25137017 25153006 25164028 25178004 25184004 25184019 25184033 25185004 25185031 25186016 25204038 25215030 25216038 25228014 25245003 25245013 25249019 25256025 25271028 25352014 25361007 25363004 25365010 25371030 25422005 25423027 25423044 25424013 25448024 25448051 25478039 25502016 25521027 25523034 25564038 25573003 25574003 25585014 25633005 25634016 25634025 25636016 25639009 25698014 25699020 25721008 25752003 25789030 25791009 25794017 25796018 25830017 25888009 25923005 25924007 25968005 25971020 26001021 26002027 26024006 26025028 26194011 26195017 26218028 26243004 26254016 26266007 26308002 26335002 26364010 26379026 26469017 26474004 26483024 26487007 26498005 26580020 26600009 26645022 26653007 26665012 26712008 26717010 26724014 26744013 26794025 26820015 26844011 26850007 26892019 26901024 26917038 26944034 26954017 26961009 26962011 26990013 27021018 27035023 27071010 27089006 27135006 27211028 27232029 27288027 27305027 27325012 27326027 27355042 27379022 27389010 27398006 27409062 27410026 27416029 27419008 27420011 27445024 27446025 27448018 27450043 27455041 27457018 27457028 27460014 27462014 27466022 27478020 27509019 27531029 27541013 27542046 27564056 27565021 27596028 27603007 27611016 27625008 27648009 27671010 27676050 27684023 27686021 27693040 27741019 27835028 27840025 27841014 27844058 27846031 27847041 27855009 27857018 27900004 27904020 27928027 27929015 27943021 27960025 27961003 27963032 27964018 27964034 27966016 27972018 27973028 27975003 27977003 27984005 27987023 27989003 28001014 28001028 28021015 28021023 28022028 28035020 28065024 28140002 28156017 28177032 28180016 28182010 28186009 28201015 28221026 28221035 28222015 28223022 28234006 28253008 28253014 28254008 28254014 28254025 28254055 28256009 28259008 28262005 28275013 28277005 28283016 28285016 28286013 28286016 28297013 28299018 28301026 28311011 28313007 28318027 28320016 28322018 28324026 28339021 28353005 28376021 28380026 28387033 28387040 28388014 28414022 28415010 28421024 28422020 28440052 28441012 28466033 28474011 28476010 28476021 28478010 28486009 28491030 28495032 28500004 28532031 28537008 28543004 28553003 28562003 28562011 28568034 28579011 28597026 28600011 28600018 28617019 28635036 28644023 28645011 28645025 28645042 28648012 28648017 28660014 28661010 28661024 28663047 28667020 28668034 28671010 28687003 28695016 28696019 28702029 28703015 28708013 28709010 28729035 28756014 28758016 28793021 28843030 28896024 28914016 28922027 28935025 28941016 28946008 28970054 28987012 28988014 29011020 29016049 29041016 29046014 29056005 29089018 29090026 29091048 29095007 29096032 29096041 29097012 29099031 29102004 29131011 29131017 29149003 29154026 29155014 29169038 29173014 29178009 29184007 29185024 29189016 29193029 29233044 29244016 29247017 29248013 29252014 29253016 29258011 29260023 29275017 29284028 29289018 29298013 29302021 29304025 29305014 29308022 29326011 29346011 29375007 29393035 29395026 29396004 29401020 29413004 29446033 29526024 29529014 29529032 29531007 29531018 29531033 29534023 29563059 29577016 29584005 29587018 29603009 29615008 29617029 29628012 29630029 29653041 29690030 29732023 29777022 29784013 29786016 29788015 29789013 29792004 29830020 29857015 29867017 29903020 29912029 29926010 29927038 29976016 30021027 30022007 30023025 30043019 30061012 30078013 30089019 30243007 30246023 30321028 30349012 30367018 30374022 30397035 30416006 30433011 30455010 30456008 30458016 30462022 30475020 30480004 30548026 30561020 30578023 30591019 30596012 30606016 30611012 30615024 30652025 30658010 30663003 30696016 30742004 30756019 30798004 30800033 30809013 30809018 30831003 30841028 30886026 30909016 30930032 30942005 31012024 31036033 31044014 31051025
wal᷊inewe|276|23252016 23346007 23393021 23438007 23442003 23442010 23452013 23497013 23685013 23690012 23761005 23771022 23816024 23821009 23848026 23905015 23964023 24066012 24094029 24238018 24278027 24288014 24404017 24490016 24534024 24576023 24577030 24629015 24632004 24634005 24701003 24725019 24729042 24774019 25086018 25140003 25351026 25446007 25475023 25836019 25907014 26053004 26065008 26070005 26070009 26070013 26138007 26175016 26178020 26186019 26199014 26229020 26296008 26304003 26345008 26398014 26405029 26429017 26444007 26444011 26494007 26560007 26587005 26590022 26611010 26625011 26628019 26642023 26649007 26675023 26693015 26696014 26719031 26769008 26774019 26776005 26776011 26822006 26822041 26921018 26922042 26965005 27064029 27089015 27107051 27159035 27167002 27360012 27388024 27536010 27613014 27623010 27653021 27678024 27689038 27703005 27849007 27850042 27919024 27992025 27992039 28027008 28112010 28126030 28129016 28132009 28137008 28162012 28167018 28172006 28177006 28188013 28191017 28205002 28216030 28271027 28272010 28298014 28355006 28381006 28381019 28401022 28414026 28415019 28438013 28441016 28441035 28454020 28465023 28467010 28467027 28480016 28487036 28493040 28494007 28498015 28500012 28502043 28516008 28516018 28523012 28525017 28535004 28542004 28542013 28542031 28549007 28553013 28556018 28560004 28561040 28562034 28584014 28584038 28591018 28591038 28618014 28621013 28650007 28650013 28650018 28650022 28651008 28651013 28651017 28651023 28664004 28681009 28729043 28756022 28758004 28765006 28819012 28820020 28827018 28829022 28842004 28845022 28855004 28865007 28867033 28885012 28893012 28920005 28929012 28945019 28960024 28962052 28976007 28980031 28985004 28990010 28995004 28996012 29007009 29037025 29037035 29043017 29047029 29050011 29054049 29068038 29069012 29098019 29098043 29121011 29140022 29163010 29171006 29204006 29238023 29287006 29293010 29345020 29413011 29460002 29503026 29520006 29541017 29566009 29569016 29574007 29574013 29575006 29579011 29584033 29588021 29612007 29626007 29627016 29681016 29688005 29724010 29817012 29819019 29879032 29899020 29955006 29994004 30030006 30055004 30092003 30095024 30117042 30117048 30131025 30135015 30163020 30173005 30211004 30221016 30239023 30335005 30339012 30367033 30387014 30393023 30410007 30418013 30446020 30449018 30468029 30496020 30513006 30553012 30553018 30558010 30567022 30572008 30590029 30610025 30631020 30651019 30762013 30762016 31001040
wal᷊inẹ'ewe|1|27947024
wal᷊inẹbe|2|23654008 26671023
wal᷊inẹete|1|28643015
wal᷊inẹewe|1|28376029
wal᷊ise|1|28263008
wal᷊oarị|2|27729015 30731036
wal᷊ohu|1|30043023
wal᷊on|3|28839029 29491016 30701009
wal᷊ong|1|31027028
wal᷊u|32|23933019 24714006 24716004 24717015 24718015 25089031 25090015 25090023 25208029 25692008 25692025 25693009 25694004 25827006 25829007 25830007 25831016 27258025 28496010 29767005 29768005 29769002 29770003 29773016 29775008 29778008 29779006 29780016 29780024 29780037 30294018 31001041
wal᷊uiko|1|30347008
wal᷊unang|3|24188017 24194016 26866006
wal᷊unang'E|1|24189005
wal᷊unangu|2|26857007 26880018
wal᷊une|7|23897027 23898020 24693040 24695005 25808029 25809011 25810005
wal᷊ung|1|23151019
wal᷊ěmbengu|1|30232004
wal᷊ẹ̌kane|1|23205018
wal᷊ạewe|1|23713024
wal᷊ị|1|25370020
walạ|5|27624015 27790003 28480035 29957013 31092011
walạe|9|23208006 23274029 23775043 24097022 24155006 25177017 25288029 28524029 29066012
walạekere|1|26794022
walạewe|27|23766023 24145018 25070026 25176008 25589005 26707019 26945039 27647024 27871020 28155012 28155017 28155024 28155031 28156007 28451056 28537024 28730010 29228021 29725005 29909034 30233031 30367015 30413013 30414002 30431034 30566006 31081013
wanala|1|27164006
wanalan|1|29666035
wanalang|1|27127041
wanehě|1|25191014
wanggile|1|24669006
wanggilu|2|25782011 30047003
wangka|3|23501021 25186025 28219017
wangkang|1|23375007
wanikateng|1|29742007
wansa|35|27048034 27124006 27410025 27542045 27648008 27947023 27972017 27973027 27987022 28180015 28201014 28208031 28208042 28210021 28221025 28221034 28222014 28313006 28313031 28316016 28320015 28344012 28348007 29091047 30409005 30409013 30432019 30789039 30820032 30873017 30882008 30916018 30991019 31033015 31078002
wansaku|2|28224008 28358020
wansang|2|25201006 27917035
wansanu|1|27740034
wantughang|1|28952034
wantọ|8|24901010 24930029 25808022 25809017 25810011 25965012 28042031 30184023
wanua|61|23194009 23196018 23198011 23233007 23406007 23411012 23633020 23656008 23667016 23984013 24141008 24175009 24219006 24220009 24297008 24313014 24382013 24419022 24431027 24441024 24590015 24860011 24974016 24982016 25028025 25030016 25089024 25101011 25430012 25516012 25603009 25980012 26068016 26135012 26289010 26307008 26937045 27078013 27122009 27124020 27153031 27161017 27166006 27382009 27412012 27413033 27487024 27780024 27798007 27902032 28573021 29936025 30004026 30007012 30013029 30014014 30020015 30182010 30679034 30906018 30933031
wanuam|1|23423015
wanuan|26|23223014 23234009 23380025 23532008 24366013 24490021 25986012 27127036 27178032 27299013 27358054 27380023 27383016 27439012 27484005 27629005 27643017 27708016 27734033 28196008 28792020 29079007 30199021 30376013 30506022 30678022
wanuane|3|23597027 24412016 25747010
wanuang|23|23171008 23175009 23176004 23192019 23673017 24221004 24225011 24244011 24297004 24429026 24569013 24899008 24920022 24976012 25027031 25090027 25272012 26012008 27160044 27612056 27733026 28024011 28342025
wanuanu|1|27120004
waradosa|14|24100031 25233009 25235039 25523030 25599010 25702027 30091032 30216012 30346020 30375009 30375019 30688023 30691028 30696040
warạ|5|24110019 24798022 30923035 31033004 31033009
warạdosa|24|23391026 23479025 23737007 24796035 25116024 25179016 25180021 25181017 25181025 25230026 25596012 25999010 26457036 26465030 26472011 27999032 28012031 28028018 29508010 29706028 29712023 29712028 30465023 30567012
wasagiạ|1|30518024
wasako|1|29559010
waskom|1|26636008
wasung|2|23205016 23570029
watangeng|79|23952016 25471027 25841017 26820009 26990023 27329014 27446032 27463046 27469009 27472033 27788018 27825015 27844019 27953004 27984012 28080006 28082022 28082039 28085011 28088023 28088046 28097024 28121019 28140036 28249018 28252046 28279024 28305025 28441027 28483007 28557012 28632007 28810021 28843012 28867011 28870009 28870018 28871025 28872005 28872024 28906036 28918019 28938015 28984013 28987006 28988019 29029028 29037031 29042011 29106027 29130016 29151034 29186008 29272008 29395008 29395012 29395030 29396008 29405007 29413009 29584048 29876008 29911013 30319037 30334011 30336009 30339023 30343014 30386025 30430018 30454014 30471020 30490018 30502061 30559015 30616029 30684019 30685028 30759046
watangeng'E|29|24172007 24395013 24621045 24858026 25166016 26026017 26117010 26229047 26617037 26740030 26790010 26913010 27394014 28018015 28078025 28897017 28897031 28942023 29244034 29307016 29330019 29400005 29841019 29923005 30092048 30120029 30132033 30144012 30424011
watangeng'i|2|30394008 30466021
watangeng-Ku|12|25902020 25982013 26100016 26244016 26400005 26432006 26679032 26690033 26699023 26837025 28209030 28214016
watangenge|57|23189017 23303008 23732004 23931004 24135011 24398009 24536023 24707028 24905009 24974025 25276026 25481009 25530019 25703028 25703037 26171028 26347029 26444029 26493010 26579022 27462022 27617025 27971006 28028011 28288010 28288021 28393008 28606033 28629006 28630024 28704012 28724017 28725005 28747021 28893016 28990014 29002021 29062013 29192005 29333024 29338025 29666011 29723008 29726005 29748015 29770008 29856007 30035008 30036010 30113035 30238037 30291007 30585017 30756013 30759057 31001018 31092015
watangengku|18|25479006 26779004 27840008 28109013 28110011 28112019 28115008 28678047 28830013 28997028 29028012 29028014 29047018 29102014 29388030 29489051 29495026 30979009
watangengu|24|23782014 23912015 24705012 25391024 25493018 26691017 27689009 27964026 27964049 28126021 28127008 28128016 28276035 28303013 28635031 29177021 29526012 29755008 29764003 29764026 29786025 30247014 30302026 30401009
watangengue|3|23302007 25087020 29523010
watu|61|23202018 23213018 23326006 23862022 23871006 23871014 23956014 23960018 24370017 24873032 24877022 24877033 25034032 25067012 25075019 25195013 25553016 25772011 25776014 25786014 25798006 25798014 25832011 25989028 25994003 26387019 26389027 26441007 26515013 26532013 26562021 26563002 26869020 27086038 27175011 27420018 27434033 27553029 27621036 27884008 28189021 28189030 28324022 28423014 28572016 28572023 28849010 29015010 30210005 30404012 30404027 30405007 30406022 30408003 30735031 30735038 30810006 30861034 31015009 31073032 31074003
watu'ng|2|31065015 31072006
watuangengu|1|24581018
watuh'u|1|30114013
watuhu|1|30112015
watulei|1|28845037
watum|2|31016033 31074017
watun|3|31074008 31074012 31074021
watune|1|25454033
watung|16|23734023 23948017 24581019 25453009 25654003 30809031 30858026 31015013 31065012 31073002 31073017 31073023 31073027 31074025 31074029 31074034
watuụ|1|28681025
watạ|2|28776013 30212004
watạu|1|28774004
watụ|96|23388012 23416007 23598011 23785011 23873016 24134008 24250026 24329014 24456010 24517018 24594006 24727035 24901005 25105031 25166009 25171011 25192007 25192019 25252013 25286014 25299007 25351022 25385028 25387017 25530012 25621010 25634008 25635015 25816017 25834018 25853015 26031014 26120009 26179024 26463010 26635002 26748030 27198013 27282037 27374004 27511027 27634024 27694005 27726010 27918015 27920016 27997010 28042013 28127024 28206002 28284025 28427005 28462038 28507002 28537018 28558017 28560008 28568019 28596023 28637002 28684043 28740002 28751055 28788024 28824004 28873030 28880011 28895020 28955042 28971015 29088030 29094040 29123016 29162020 29203017 29238013 29321009 29348015 29646013 29675021 29690006 29710022 29738008 29760008 29764017 29776006 29908023 30042023 30178025 30199024 30340029 30381017 30432025 30459014 30460006 30463022
watụu|2|30621026 30623005
waug'i|55|23202026 23247023 23705038 24072030 24544033 24693016 24767032 24770024 24836015 24969003 25201014 25873012 26496033 26713014 26825027 26989007 27011023 27157010 27343023 27413025 27670005 27890013 28159010 28190021 28355008 28534018 28560028 28844008 28875005 28891028 28893020 28985028 28987038 29032016 29038012 29119008 29240026 29303026 29307017 29371005 29391019 29594033 29950006 30013003 30017013 30052021 30055016 30090034 30213010 30224024 30256012 30898017 30961030 31000037 31014031
waug'u|49|23280018 23280023 23281013 23303007 23305005 23428010 23459014 23459031 23546016 23667019 23698017 23739007 23792022 23794022 23806024 23816031 23821010 23860025 23889038 23897031 23922010 24010006 24240014 24260025 24282007 24445028 24508016 24634018 24718029 24729023 24763020 24875022 24965001 25326018 25563020 26193011 26233009 26668017 27164007 28321017 28663044 28663049 28663054 28749003 28750013 29818031 30121008 30789042 31025027
waugi|12|26734011 26780004 28054012 28912016 29087022 29143006 29471021 29482040 29496017 30387021 30578002 30596018
waugu|227|23683007 24050027 24105006 24288016 24348017 24391007 24536015 24536018 24693044 24811006 24973006 25035005 25460011 25630014 25690008 25872012 25968013 26238008 26267016 26400004 26493011 26574006 26576004 26593007 26611011 26611016 26669010 26722029 26769014 26967013 26989010 26989014 27022009 27095020 27112018 27155014 27159036 27163018 27166017 27302025 27430024 27555010 27563016 27595033 27624029 27646016 27651036 27659033 27659047 27720007 27750047 27782014 27787019 27789018 28025023 28079014 28091022 28096050 28102010 28129017 28144021 28173021 28210002 28214015 28246016 28247032 28257006 28287024 28288020 28290019 28291016 28301018 28334029 28404034 28421018 28428019 28448010 28474014 28481008 28481037 28523008 28542035 28564006 28610007 28610013 28630023 28665002 28665006 28665013 28675010 28682013 28701012 28701028 28711005 28748014 28748041 28777034 28807009 28807011 28840032 28891012 28892019 28893028 28897030 28897041 28902024 28942024 28956014 28960046 28962015 28967005 28980026 29002019 29028002 29036026 29042044 29051019 29101009 29119011 29119021 29119034 29122004 29139029 29205011 29225041 29251013 29265024 29330020 29357004 29358015 29369051 29379015 29386002 29391017 29402002 29413012 29423035 29426020 29434025 29443029 29453045 29455015 29473022 29478019 29534037 29601025 29661029 29661045 29675018 29701027 29702006 29706010 29706016 29713003 29718021 29800025 29801021 29808014 29821002 29852004 29872010 29889012 29912017 29912021 29932034 29945017 29950022 29983010 29987032 29998011 30014031 30032032 30035025 30045005 30065009 30092039 30096027 30099037 30113037 30117012 30118029 30129015 30130038 30134024 30134029 30139031 30140013 30141012 30142025 30143014 30146009 30146016 30154008 30193013 30223032 30230036 30237008 30254014 30263020 30344037 30376063 30379012 30387015 30409016 30421002 30457032 30468037 30513016 30534018 30585008 30588022 30596030 30664012 30666001 30744041 30751033 30757029 30793047 30879007 30879030 30879044 30888016 30933025 31000019 31043015 31049034 31097020
wawa|6|23537020 24727012 25343030 25575030 26405014 30297039
wawaeh'i|2|25249021 27689016
wawaehe|5|23299031 23301025 23797020 27533014 28092025
wawaehě|3|24139026 25399024 28092005
wawaelang|2|26787030 26812022
wawaelange|1|24675031
wawaelangu|3|23795019 25525018 30725026
wawahani|1|31036012
wawahansang|5|27475024 27524021 29946018 30063032 30478030
wawalarě|2|30891027 31093015
wawal᷊ikụ|2|27186024 27188008
wawal᷊insahě|1|27475026
wawal᷊ise|16|23247018 23284027 23287023 23288031 23289030 24580020 25170025 25179014 25180019 25181015 25182032 27958035 29005025 29657020 30169017 30179032
wawal᷊isu|1|30514003
wawal᷊isě|1|31014025
wawawaěng|5|23490007 27453015 27471016 27471021 28882019
wawawaěnge|1|23488012
wawaěng|3|24264013 27057031 27059013
wawera|46|23362021 23774010 23785003 24483019 24729036 24998019 25086002 25472002 25930004 26082009 26229002 26319023 26321015 26321032 26839006 26918003 27139019 27152016 27433004 27532003 27573006 28322029 28355024 28399010 28461013 28695020 28751044 29177008 29302009 29309008 29311007 29357016 29452014 29566012 29733003 29793018 30288024 30322018 30499024 30499027 30547025 30598013 30914007 31087008 31096020 31099024
wawera'm|1|23680003
wawera-Ku|4|23993008 26235004 26707008 26809017
wawera-Ne|1|25460017
waweraku|6|23497021 24749008 27849011 28157032 28500006 30054008
waweran|11|25569010 26196013 27201021 27516007 28207033 28453035 29502035 29584035 30330006 30512021 30609013
waweran'E|3|25100012 25347008 26011023
wawerane|8|23196011 23763006 24794007 24819008 26990012 27727013 28454022 30688030
wawerang|10|24729043 26321025 26430010 27586025 27867015 28821019 30610020 31088018 31091009 31100006
waweranu|5|23527005 25451012 26199017 29760024 29765014
waweranue|1|23743032
wawi|22|23234035 23323022 23323029 23376008 23377023 23378018 23378022 23379013 23716012 23716016 24376006 24377015 24378018 24378021 24381011 25278007 25278029 25279013 25279016 25280003 25604019 25605011
wawialaěng|1|28443013
wawine|285|23263012 23263022 23267013 23267032 23398030 23400006 23402026 23455024 23532006 23540018 23573021 23619015 23656019 23659002 23661005 23662008 23672019 23767025 23772009 23772018 23792012 23858034 23859030 23900003 23901014 23933018 23966010 23977006 23977012 23999002 24062005 24062026 24065016 24068012 24185005 24201006 24204004 24205006 24207004 24324019 24388007 24390008 24398002 24399006 24489006 24490014 24492003 24595021 24600013 24601003 24618018 24619027 24696008 24697013 24714005 24716003 24718014 24726033 24735009 24758022 24758047 24760027 24763002 24764014 24867006 24868006 24868023 24936011 25010007 25089030 25090022 25103008 25208028 25208038 25209007 25233008 25235032 25235038 25240008 25240017 25240032 25241009 25242009 25244007 25246007 25248006 25249018 25288007 25289007 25402019 25433007 25513020 25513023 25530004 25531008 25532007 25535008 25540008 25597005 25619011 25639008 25639019 25687003 25692007 25692024 25693008 25694003 25812003 25813011 25827005 25829006 25831015 25850012 25921004 25963010 25963014 25965011 25985009 25991002 25993006 26000003 26002002 26002026 26003009 26003022 26014005 26016015 26166003 26168002 26172002 26174006 26176012 26184019 26184030 26184050 26185003 26196015 26199006 26385013 26385020 26387012 26389030 26391028 26392009 26526006 26588008 26748003 26803002 26938013 26967023 26968008 27074015 27189043 27204030 27253007 27258024 27413009 27497038 27500017 27500022 27500042 27501002 27502008 27502039 27502051 27528024 27558025 27610023 27613020 27613037 27709020 27957033 27958012 28094003 28094025 28095002 28095014 28095027 28491019 28496009 28498025 28500024 28501005 28501025 28502015 28502024 28503010 28504006 28522008 28522038 28524026 28527002 28527017 28546008 28606004 28606026 28606039 28607004 28607016 28608019 28609007 28609010 28611011 28612011 28612025 28613003 28613017 28614015 28616004 28713002 28714023 29131023 29136015 29151016 29155003 29155013 29159012 29159027 29159035 29162025 29162034 29163024 29327002 29328008 29329014 29338031 29445003 29446015 29536004 29625032 29707010 29726002 29727005 29727017 29729006 29731007 29732003 29734009 29766003 29766011 29767004 29768004 29770002 29773015 29774005 29775007 29779005 29780004 29780015 29780023 29780036 29860016 29861002 29912005 29913007 30208005 30294017 30426006 30430010 30515014 30738017 30849008 30893015 30896022 30897003 30897024 30898003 30905021 30906003 30907011 30908007 30909007 30909019 30931016 30979023 30980002 30982005 30982020 30985024 30991011 31001034 31003010 31005012 31008007 31020013
wawinen|3|25964010 26164015 27957017
wawinene|4|23596008 24411023 26525010 28352009
wawineng|6|23656005 26563010 27103027 27751004 28338006 29941011
wawitauge|1|27097015
wawitaugu|1|23684020
wawitaugě|1|28581039
wawodaị|3|27606015 30279017 30280005
wawukune|1|25583010
wawul᷊urange|3|23740030 24933014 30211019
wawul᷊urangu|1|24959012
wawurasenge|1|24464015
wawěkise|1|23924016
wawělli|1|27103037
wawěllo|8|23798013 23799005 23802009 24176005 24861004 25980019 26998014 27290018
wawěntung|1|27344017
wawạ|1|25762035
wawạe|1|25759005
waụ|4|24378040 26102008 27885019 30773017
waụg'i|1|30407007
waụg'u|2|23436022 23921010
waụgi|3|29556014 29923006 30380004
waụgu|33|23813020 25831032 26285003 26285011 26296009 26335012 26691022 26762006 27418038 28014022 28100007 28149007 28167012 28287014 28289022 28311023 28313037 28377018 28402017 28420008 28644014 28786004 28787028 28794016 29493011 29518029 29542015 29550020 29786008 29848031 29920009 30414014 30436019
we|7|23781002 24711014 27048026 28336008 29320004 29917020 30693010
wela|1|30221023
wengelě|4|23465015 24496010 24501028 25218031
wera|10|28690007 28693006 28698027 28705034 28706006 30820034 30873020 30882006 30916020 30933029
weram|1|28667010
weran|1|27253018
werang|19|23168019 23437016 23437028 26839028 26843016 26846024 26884017 26943017 26956020 26961031 27282051 27371021 27426018 27705031 27707009 27838018 30852020 30852026 30971013
weọ|8|24375019 24382004 24444016 24464006 24495019 25314037 28839041 29000010
weọe|1|24463008
wiah'i|1|29691023
wiahe|3|27058018 28505003 28935030
wiahu|1|25479029
wiahě|40|23905024 24343009 24701012 24888050 25818013 25818021 25997021 26015027 26545021 26550003 27103038 27302027 27816032 27821038 28091028 28128012 28247029 28289009 28290017 28527011 28725020 28915020 29570035 29747032 29758020 29805012 29832010 29872013 30073033 30089006 30090023 30235015 30404013 30405008 30452019 30604027 30716016 30748039 30917028 30923040
wiasa|2|24380025 25662022
wihinge|1|27077008
wihingu|1|28742020
wilosě|1|30802012
wimbaenge|2|23311013 23313003
wimbaengu|4|24982012 24994007 25029010 25593029
winalangeng|9|23309004 23309037 23544012 24328014 25251024 25538023 27954020 30327008 31035019
winalangenge|2|23366011 24356023
winal᷊aeng|3|26867008 26867012 27061017
winal᷊aenge|1|23792021
winangaeng|6|27728015 28567019 29350033 29621023 30841015 30843022
winangunang|1|26969019
winasaěng|1|29081023
winawa|17|23706007 23706016 24546011 24744013 24817031 25336007 25337003 25514012 25854011 26933017 28569032 28570013 29621017 30685036 30705006 30863015 30885036
wine|19|23544005 23545011 23547003 23548004 23563002 23564027 23567017 24327007 24328004 24332004 24344002 24351012 24355026 25253003 25253014 25254004 28756002 28756013 28756019
wineng|3|23565011 28552006 28756010
winohe|4|25817013 28363019 29509014 30539046
wio|2|29875017 30496022
wion|1|29907007
wisan|1|28005019
wisanu|1|28774009
wisara|7|28447011 28645063 29842026 29844003 29844010 30435024 30435031
wisaran|1|29903022
wisarane|2|27795006 28982023
wisul᷊'i|1|30966015
wituing|21|23172026 23177023 23179009 23179025 23186053 23987019 24743002 25852008 27159013 27876015 30185027 30686026 30746006 30748025 30838008 30839002 30840022 30842011 30843002 30893033 30896008
wituinge|2|28760011 30807002
wituingu|1|31097032
witụ|5|24468036 26135007 29885004 30713004 31006037
wiwih'i|2|23642011 28005014
wiwih'u|12|23223010 23663010 23823010 23846007 24178026 24325036 24378027 24386009 24635032 24645017 25724013 25921010
wiwihe|1|30435029
wiwihu|11|23378028 24360017 24863029 25279023 26163015 26855028 27266017 27292026 27670041 30949040 31083007
wiwihě|1|30598009
wo'i|11|25091020 25758027 25915003 28452003 28534034 28563043 28576011 28725016 29999010 30016029 30184008
wodang|2|25637012 30075004
wodo|10|25446004 27983010 28429025 28430010 28444011 28991006 29007027 29320013 29798013 29927007
wodokě|1|23936005
wohangko|1|23445018
wohe|6|24167007 24853006 26845011 26846006 30781020 30979035
wohekang|1|30103032
woheng|1|26804017
wohẹko|2|26847014 30717003
wohogě|1|30788033
wol᷊engang|1|26613019
wongko'n|1|30235008
wongkone|2|25031008 25966017
wontogě|1|28638016
wosọ|1|30956018
wotol᷊ě|4|24062013 24758029 24758051 25233029
wotonge|100|23348020 23356028 23367008 23494036 23521015 23522013 23808003 23819006 23890022 24064004 24094019 24223028 24268015 24350015 24383021 24426018 24561023 24562011 24598008 25042038 25623027 25749015 25895005 25907004 26072015 26221025 26380006 26602010 26817025 27043006 27186038 27275015 27288039 27388045 27424022 27462010 27550037 27553016 27795029 27808036 27813010 27821036 27829016 27895038 27959027 28000006 28067018 28083003 28121015 28176013 28234029 28283007 28385025 28480007 28481027 28499019 28561051 28577005 28591008 28591029 28710017 28783022 28848008 28987053 29147038 29156002 29189004 29193015 29478012 29488022 29575030 29577027 29628007 29661023 29689023 29735017 29738004 29773009 29777032 29791009 29888015 29900013 29900019 29902018 29912026 29912032 29947012 29952016 29954014 30033013 30075008 30121020 30121032 30205004 30252026 30273012 30780011 30782013 30785025 30924011
wotongewe|2|29664029 29937012
wotongke|1|23634008
wowom|20|23215016 23249009 23341017 23342023 23609010 23691015 23937025 23988029 24119030 27242019 28423004 28425007 30498019 30893026 30916015 30928012 30941013 30964016 30979027 31068006
wowon|27|23293006 24271010 24457010 25377048 25862013 26596012 26615030 26764006 27210009 28364009 28533014 29111046 29250006 29262016 29532002 29666013 30111026 30252031 30440014 30790021 30798019 30917010 30923007 30942021 30943006 31018026 31035008
wowone|12|23939024 24198019 24648021 24770010 26908018 26937018 27254021 27256019 27635005 29847011 30052012 31050013
wowong|28|23623017 23624009 23626019 23627013 23791017 23975004 24040018 24456032 24733004 24853002 25073012 25127018 25132012 25398030 25683007 25767029 25895019 25974002 26152008 26152036 26277018 27229023 29409010 30098060 30111002 30424013 30857007 31059007
wuam|1|30338007
wuan|2|28419009 30654012
wuane|13|23523016 23523022 24344036 24352006 24352013 25191007 25366028 25525029 26702017 26910028 29185011 29834012 30945049
wuang|10|23523003 23861006 24033024 24035022 24676005 25790005 30807010 30945038 30946013 30947002
wue|317|23277010 23282015 23310003 23313020 23320005 23355037 23394025 23395025 23428022 23469002 23483013 23501025 23502014 23551024 23553014 23554027 23594042 23661002 23666033 23676003 23683003 23687011 23688008 23738002 23754012 23757009 23770010 23788022 23790019 23854012 23862019 23878019 23879003 23918013 23960008 23962005 23998015 24000008 24122012 24123014 24127003 24128026 24279044 24331003 24351030 24417002 24441016 24473005 24529019 24537002 24545007 24551019 24615021 24674008 24723002 24732018 24750018 24751012 24753011 24793017 24795027 24820003 24823009 24823015 25040006 25100028 25129026 25179013 25180018 25181014 25189002 25194004 25256036 25296018 25321019 25322007 25327002 25335047 25371020 25393013 25399018 25425007 25441004 25455025 25471023 25474006 25480021 25485003 25495002 25501003 25508034 25518011 25522003 25524003 25533023 25546009 25572026 25633014 25655004 25655020 25656025 25659019 25688011 25689006 25716010 25787008 25801024 25802015 25824012 25835005 25849015 25925011 25967014 25970007 25970014 25976005 25978008 26091006 26093002 26105014 26114028 26129014 26131014 26154009 26194012 26224008 26231014 26258016 26267014 26288007 26288021 26300018 26310011 26318022 26344009 26378008 26396029 26428003 26428019 26453012 26457033 26458011 26462024 26466013 26470021 26488012 26561017 26589012 26619010 26653011 26678037 26715012 26725008 26744015 26760024 26841020 26850024 26882020 26920013 27009021 27014032 27062012 27067011 27098004 27101019 27105014 27122034 27157028 27169003 27207028 27274005 27454002 27542033 27547047 27564043 27581009 27618030 27624028 27649020 27678007 27832002 27926026 27995003 27998012 28023018 28033003 28071013 28116034 28148018 28150003 28152003 28205016 28207015 28221017 28243015 28243021 28244011 28244018 28245003 28284006 28285004 28286018 28339023 28406018 28437027 28441003 28442025 28458014 28469034 28471017 28489017 28504014 28504035 28528019 28543018 28559005 28569011 28578004 28580009 28587002 28614013 28620014 28634023 28643016 28652010 28652021 28686023 28687014 28695047 28748009 28748037 28751011 28753003 28787009 28788009 28790016 28817024 28827014 28913016 28952044 28981003 29016050 29025024 29038031 29055012 29072009 29088020 29096036 29162003 29174003 29178012 29192010 29284020 29333002 29356032 29369013 29377019 29379004 29384018 29534020 29534026 29543003 29575002 29577028 29579023 29637002 29647003 29693027 29764002 29766014 29795002 29803002 29898030 29912013 29925002 29937002 29947013 29959012 29978006 29984015 29999006 30008006 30014022 30018016 30098047 30181034 30218018 30220017 30228002 30229002 30238004 30286002 30308006 30325019 30366023 30367027 30386007 30432022 30464031 30465018 30534010 30540019 30562022 30587006 30597023 30605034 30606009 30654005 30661013 30696018 30720046 30727038 30792018 30814005 30824021 30825003 31045015
wuhu|34|23397034 24243019 25281022 25885022 26221011 26665002 26935042 27018013 27067013 27543027 27709009 28098047 28248012 28626018 28848013 28895013 28895026 29204013 29245023 29297006 29738006 29958032 29983013 30101024 30106005 30121011 30237010 30398016 30536016 30558013 30651022 30759051 31055008 31059019
wuhu-wuhu|4|23398031 25412005 26280012 30519017
wuhude|1|25660028
wuhụ|5|24316023 26531003 26965013 27193015 30804018
wuhụe|12|23259020 23395041 23519026 23678010 24015003 25189042 25572017 25573007 25574007 26018010 26605033 29742018
wuhụewe|14|23966004 23972021 24281016 24726026 25143018 27100020 27349003 27533017 27901010 28439051 29045030 29670002 29730011 30092026
wukang|1|26965006
wukidě|3|24181020 24190017 26087038
wukune|2|27271017 27313028
wukung|2|24745012 30854015
wukunu|1|30225011
wul᷊aeng|26|23181034 23935029 27553025 28423008 29848015 30110010 30110021 30382031 30393029 30710024 30711029 30718016 30719024 30765011 30765015 30773037 30831009 30831032 30848020 30861030 30941026 31006003 31010029 31069011 31072013 31075022
wul᷊aenge|1|23936019
wul᷊ang|23|23987013 24742011 24918020 24950003 25089013 25852004 26192008 27137018 27569012 27594003 27630002 27911003 28760009 29142009 29511023 30196010 30372025 30840016 30846016 30847004 30851024 30856015 31077009
wul᷊ange|5|24920006 24930015 30806019 30875035 30914023
wul᷊ihe|2|28550017 29782017
wul᷊ude|19|23347006 23621009 23710007 23721030 24376012 25093017 25159010 25164007 25278013 25330018 25339011 25966010 26177009 26178017 30810003 30836015 30985016 30985021 31064017
wul᷊udě|4|23236013 23848036 24548008 24664006
wungang|1|26855011
wuntal᷊ě|2|23472021 27086023
wuntuang|5|26789011 27729003 27735002 27750019 27762021
wuntuange|2|24843015 27731010
wuntuangu|10|24157017 25383020 25847007 27701005 27745025 27768002 27820022 28548010 29510037 30207020
wurěsi|2|27786017 30294002
wurẹ̌si|11|23243005 23534027 27786011 28462016 28479016 29087021 29716022 29850038 29908009 30427009 31032018
wurẹ̌siang|1|26641018
wurạe|2|23566008 30399024
wurạu|2|30277023 30399018
wuta|42|23407013 23408008 23465002 23512007 23648017 23665019 23823005 23841006 23936009 23938002 23943006 23945005 24523013 24523025 24524007 24635027 24638016 24639002 24640016 25082034 25186012 25186015 25217016 25218018 25724009 25727003 25729009 25730011 26214011 26442009 26454015 26459011 26465008 26466024 26473016 26480015 26481023 26482007 26503019 26561013 27982011 30764039
wuạ|1|30673021
wuạen|1|30257032
wuạu|1|28739013
wědam|1|28094016
wědan|1|29392027
wědang|43|23395019 23495003 23629020 23783013 23843020 23869008 23904002 24098012 24100015 24193013 24460007 24693025 24700009 24748016 26616018 26681025 27064018 27119032 27274009 27279005 27784032 28088004 28093026 28175014 28535060 28809040 28856014 28863007 28884018 28887016 29054014 29287007 29561014 29667014 29668009 29760013 30044011 30114015 30121059 30123013 30168033 30560011 30562012
wědangben|2|24211020 30986013
wědangbeng|2|28908016 30016005
wědawen|4|28535028 28536007 28537014 30114024
wědaweng|3|25697015 27637027 28975006
wědị|2|24395026 24862009
wěga|26|23651002 23994013 24518030 24627005 24750017 24751011 24753010 24795026 25335046 25970013 26129013 26378007 26653010 27014031 27067010 27547046 27564042 27618029 27649019 27740007 27926025 28695046 29025023 29026016 30342011 30764020
wěgan|1|27977033
wěgang|1|27048027
wěgangbeng|1|24826010
wěgawe|2|26730014 30293007
wěgawen|3|25414034 27135011 27977005
wěgawue|2|27895014 28671017
wěhạ|2|29033024 30738005
wěkang|1|27900014
wěke|4|24211018 24881005 27330002 28865008
wěken|1|29755003
wěkene|2|23543023 30700014
wělladu|1|25852026
wělladě|4|23370014 23622016 30273020 31024014
wělle|1|27850046
wěllạ|3|23623002 25457013 25663009
wěllạu|1|24456017
wělạu|1|29722011
wěmbange|1|25594017
wěmbingang|1|29503011
wěnahe|1|31070010
wěngi|2|24875021 26866020
wěngko|1|26860008
wěngạ|1|27895023
wěnsad'u|1|25627006
wěnsade|1|26185006
wěnsadě|4|23250010 24345016 25262008 25439010
wěntan|2|27075017 27234025
wěntang|1|24328007
wěntihe|2|23663020 24370011
wěntungang|1|24369003
wěntunge|1|27735044
wětụ|1|25530022
wẹ̌bal᷊iawangu|1|30681004
wẹ̌bal᷊ẹ̌bekangu|1|30501026
wẹ̌bal᷊ẹ̌bidangu|2|27218006 30526016
wẹ̌banikateng|2|30190016 30459017
wẹ̌banikatengu|1|30382020
wẹ̌banikatewe|1|30605020
wẹ̌bansagheng|1|28443036
wẹ̌bantugang|3|26770017 29662007 29848027
wẹ̌bantugangu|1|30497012
wẹ̌basaěng|1|27464010
wẹ̌bato|5|27204023 27212022 27215012 27216021 27216033
wẹ̌baton|2|27204011 27214029
wẹ̌batone|1|24429019
wẹ̌bawaěng|1|27160006
wẹ̌bawaěnge|1|30135033
wẹ̌bawaěngu|2|25275046 30503014
wẹ̌bawol᷊engangu|1|29860021
wẹ̌bitaugangu|1|30281010
wẹ̌bol᷊engang|2|29385002 30281008
wẹ̌bol᷊engangu|1|30850017
wẹ̌běsukange|1|24369014
wẹ̌dal᷊aing|1|24348028
wẹ̌dan|2|30515021 30664022
wẹ̌dang|73|23253008 23261014 23375024 23682002 23979010 24286006 24317010 24400033 24455016 24501022 24522003 24560018 24680006 24694011 24796017 24916023 25017012 25275040 25345018 25505013 25510016 25609010 25743005 25762027 25967005 25998022 26028003 26033006 26208004 26275019 26359018 26407018 26439011 26482027 26530019 26554013 26568011 26568017 26617009 26751006 26893026 26898003 27193006 27823004 27863029 27999028 28034038 28035045 28095011 28141028 28167040 28203009 28203023 28214020 28414014 28439004 28447030 28484005 28561032 28675018 28678029 28736020 29080010 29151029 29515025 29689005 29710029 29770016 29953011 30177046 30594038 30670029 30955022
wẹ̌dangbe|3|23483040 26979030 28725019
wẹ̌dangben|1|29595006
wẹ̌dangbeng|1|27921010
wẹ̌dawen|4|28553029 28637008 28789033 29669010
wẹ̌daweng|3|26885014 28414030 30530023
wẹ̌ga|25|23554026 23854011 24000007 24351029 24545006 24674007 24823008 25023020 25256035 25787007 26105013 26131013 26224007 26396028 26466012 26470020 26715011 26870029 26882019 28143021 28470004 28471005 28477004 29895032 30624011
wẹ̌gam|3|23745036 25490008 30465025
wẹ̌gan|8|24786021 26076005 28414037 29140004 29290020 29706024 30389014 30540027
wẹ̌gane|1|27953011
wẹ̌gang|4|25182053 25661010 26179007 26471009
wẹ̌gawe|1|27962006
wẹ̌gawen|8|24129011 26573015 26674013 26721017 26785008 30572012 30581039 30622008
wẹ̌gaweng|6|23815003 27636034 28192003 28667017 29857004 30581034
wẹ̌gawue|3|26462011 26903015 28099025
wẹ̌ken|1|30068025
wẹ̌kene|2|23763004 24896006
wẹ̌keng|3|23163003 26003020 29701015
wạdang|1|28761014
wạgeange|1|28147030
wọ'i|85|23296013 23310004 23378010 23470022 23471008 23471023 23531045 23532041 23535015 23806008 23908002 24011003 24054014 24069003 24102009 24106002 24178002 24577031 24765006 24768007 24773011 24802003 24825024 25160018 25223023 25224015 25224028 25351027 25406017 25432016 25437042 25438043 25559011 25582003 25659003 25756014 25923015 26010003 26016003 26043013 26048004 26055008 26085002 26169035 26329019 26351015 26428004 26435032 26570004 26652020 26732017 27055013 27057005 27434028 27542014 27558007 28166012 28288005 28288016 28333011 28552028 28831008 28843025 29010023 29212010 29267002 29354024 29573042 29577031 29594008 29640018 29663026 29682014 29685021 29802031 29813015 29819035 29954006 30061017 30230012 30504022 30726013 30730013 30805002 30847026
wọ'u|3|23378027 23496011 29696002
wọeten|1|25084004
wọi|23|25348012 25667003 25889011 26573002 28376005 28394025 28429009 28440045 28456018 28697018 28730003 28731014 28994045 29067027 29373011 29474002 29482003 29503027 29588014 30570054 30614024 30625008 30666013
wọu|1067|23166022 23171025 23176012 23176020 23185021 23195002 23197011 23198009 23204036 23227008 23235013 23235019 23235021 23235025 23250003 23258007 23272006 23272011 23307018 23307027 23308027 23308033 23309033 23329008 23333006 23333017 23334008 23337013 23340013 23347005 23350046 23357007 23376004 23389002 23400020 23402030 23408027 23415011 23415035 23429024 23442013 23449010 23455009 23455026 23460005 23469018 23479034 23482016 23484016 23485024 23501008 23501035 23502007 23504006 23505016 23515037 23519022 23520005 23523021 23527003 23532007 23532027 23535035 23537002 23541008 23581019 23592028 23593014 23594030 23594040 23596010 23602006 23612005 23627009 23635008 23645012 23653003 23674027 23687027 23696013 23701003 23710006 23734005 23738008 23741019 23742012 23815017 23816010 23822006 23850034 23856007 23858043 23863010 23975012 23989014 23989021 23990003 24041024 24049017 24050011 24076010 24094021 24096026 24108020 24124010 24126006 24128003 24128027 24132010 24145014 24161010 24162008 24181011 24183004 24185008 24193018 24194030 24194039 24221003 24222011 24223016 24225008 24231012 24240032 24241010 24254020 24277005 24284012 24296013 24296021 24297001 24297007 24297014 24303005 24311006 24356010 24361003 24367005 24371002 24373014 24375018 24378012 24378026 24390018 24400011 24410032 24423024 24431026 24442005 24462005 24465009 24468019 24470040 24476008 24485002 24485005 24497007 24502003 24504022 24512031 24529023 24534016 24549024 24556002 24564030 24581005 24619007 24642021 24649017 24652026 24661008 24687003 24687007 24692006 24692017 24693032 24702013 24705018 24707033 24717026 24718007 24719008 24729049 24745011 24746003 24760007 24775009 24791019 24798010 24809006 24817032 24821008 24825030 24833010 24835014 24844014 24863002 24863046 24865010 24867012 24918003 24933003 24946005 24955004 24965005 24965010 24967016 25008032 25029029 25039008 25042026 25073032 25077015 25090013 25099009 25099028 25110018 25111020 25125024 25125027 25164006 25164033 25165012 25181027 25187005 25192032 25238017 25247003 25248010 25250007 25258017 25273018 25279007 25279022 25288030 25290006 25295009 25310017 25321024 25329003 25337002 25339010 25382010 25395020 25397002 25397007 25400024 25407015 25411009 25413010 25422029 25433008 25467016 25473002 25484030 25485004 25492018 25521023 25523031 25531013 25534019 25546013 25546016 25548011 25568029 25578005 25587012 25593004 25596015 25601014 25609012 25615006 25629028 25634015 25634024 25643003 25654020 25666027 25740026 25771005 25775027 25807003 25815007 25816024 25830014 25842015 25845005 25868014 25888013 25896013 25896019 25907006 25912016 25921002 25927005 25941019 25943006 25953011 25962020 25975002 25985014 25986008 26005025 26013020 26014006 26038024 26040005 26041027 26048007 26058004 26058011 26060028 26073010 26075015 26095027 26111016 26118009 26122005 26126015 26129017 26152031 26158014 26162014 26168016 26169018 26179030 26184024 26185009 26195024 26204012 26211016 26215026 26221013 26247007 26252006 26255019 26266002 26281008 26287010 26290020 26297010 26304008 26304016 26327016 26328016 26346016 26346019 26351019 26356013 26356021 26357026 26358010 26360026 26361027 26366004 26370021 26371021 26377003 26379002 26381026 26396033 26399014 26405013 26405019 26405024 26405030 26422006 26424025 26426031 26429004 26429018 26457003 26473017 26474005 26483017 26510022 26511021 26575009 26578019 26582021 26585006 26590040 26598019 26602024 26617030 26630006 26634024 26641002 26647009 26647017 26659005 26675024 26679031 26680023 26693016 26693020 26697043 26719024 26720012 26726008 26735020 26735024 26740029 26741018 26742022 26744003 26749031 26754023 26757032 26767017 26768028 26772038 26775011 26775025 26808007 26820008 26822007 26822014 26822042 26823043 26824016 26825010 26828007 26835027 26837040 26846017 26857039 26857064 26860011 26862020 26865006 26870024 26872012 26874007 26883043 26892007 26907019 26908005 26911016 26914021 26936020 26940018 26941006 26942009 26945017 26945023 26945054 26948034 26955007 26959005 26959014 26961018 26974008 26980012 26981026 26982007 26988005 26988036 27002014 27012023 27016008 27019015 27025019 27033034 27048009 27062002 27076006 27077009 27090011 27094002 27096006 27098030 27099006 27105006 27111028 27111034 27127005 27133004 27141007 27154024 27155005 27155039 27180030 27187007 27201019 27216022 27242018 27255005 27267021 27268010 27273012 27288025 27296026 27300010 27301028 27303023 27319010 27328007 27335010 27345044 27349033 27358036 27363013 27380035 27392019 27393008 27394022 27396012 27397008 27400009 27401013 27401045 27406004 27406018 27413032 27419011 27419017 27424024 27432020 27434004 27434012 27434017 27442009 27444004 27445025 27448004 27448016 27457024 27463049 27465017 27465051 27467007 27470024 27471019 27472025 27472036 27479003 27495006 27498002 27498014 27502038 27504015 27526019 27527027 27528013 27535008 27542003 27542044 27542063 27549008 27551030 27553024 27555048 27556009 27556014 27558018 27560011 27560020 27563009 27579035 27582006 27584043 27595005 27599015 27608007 27611035 27618025 27631034 27658027 27671011 27673034 27680002 27692019 27710024 27718029 27735043 27741011 27741024 27745031 27769015 27769028 27776005 27777008 27778025 27781009 27785019 27789008 27804014 27810003 27831010 27834015 27836011 27841007 27841011 27846032 27847022 27849019 27858008 27858036 27870004 27870018 27872012 27878020 27884026 27886021 27906039 27907003 27911010 27921027 27921031 27925034 27927049 27933009 27935021 27936021 27937004 27948030 27951025 27973016 27981006 27989022 27992036 27992040 28000029 28001012 28004005 28028019 28049024 28051003 28054028 28057021 28059003 28062003 28064008 28065019 28090010 28096037 28104004 28104016 28106009 28151028 28161016 28172012 28196015 28198027 28207014 28211019 28227048 28234007 28236025 28245004 28246011 28249023 28251038 28268018 28278016 28278030 28286010 28296011 28331028 28332028 28385012 28385033 28389008 28389019 28403004 28439055 28440022 28441011 28441018 28447018 28457025 28462017 28467046 28469003 28479017 28486002 28493004 28493026 28495024 28513018 28516040 28520009 28548033 28550016 28553022 28554015 28554025 28555016 28581031 28590014 28595029 28609006 28609013 28612015 28612024 28613007 28613010 28613022 28644031 28645043 28649008 28649013 28684035 28691019 28695024 28702019 28702024 28703010 28705028 28723002 28728017 28729031 28730011 28734002 28738016 28739008 28740016 28760006 28763030 28763037 28766017 28767025 28769012 28782016 28805021 28811008 28812022 28820033 28821016 28860045 28866009 28867019 28876016 28884032 28894020 28897007 28914012 28916014 28918023 28922016 28922031 28924056 28936014 28938006 28938021 28946010 28951010 28959050 28961009 28986016 28997042 29013022 29016021 29016035 29029037 29039030 29040009 29044038 29046053 29059069 29069013 29070008 29072010 29075014 29075026 29094025 29156017 29159034 29197015 29197036 29213006 29225021 29227008 29228007 29272016 29273020 29283015 29314003 29319022 29346017 29348012 29372014 29377005 29395029 29401017 29431045 29431048 29432016 29433011 29442010 29452017 29459010 29461010 29461044 29481023 29484026 29487007 29503031 29503036 29506026 29507034 29512012 29515010 29529004 29533033 29542008 29571013 29571021 29577015 29580027 29585039 29587048 29588017 29659014 29659019 29664021 29664025 29664037 29667005 29670022 29675063 29681010 29687028 29698013 29703006 29723014 29772024 29792005 29792015 29810014 29830006 29836023 29843032 29846005 29847033 29848019 29849005 29859011 29860002 29861017 29888033 29892021 29902021 29933002 29935012 29955014 29960030 29973033 29981007 29983007 29989005 29996022 29996025 29999024 30008027 30009006 30019022 30025016 30026022 30027012 30032005 30038027 30039015 30058027 30069030 30072013 30074016 30076028 30078011 30079010 30081009 30085008 30091030 30091042 30113006 30117049 30119010 30120046 30121049 30136012 30144031 30148014 30156023 30160005 30163035 30172014 30176020 30177010 30191009 30192011 30192026 30203010 30215021 30230004 30237024 30238048 30244016 30254017 30257031 30272004 30274013 30274026 30280015 30284010 30285025 30301012 30307018 30309003 30319041 30321026 30333003 30335006 30335011 30335014 30335018 30337009 30339002 30339013 30344014 30371017 30374006 30375010 30375021 30378033 30382030 30387048 30393012 30396002 30396018 30398024 30405033 30424021 30426013 30436005 30446039 30446058 30467016 30481042 30483019 30512009 30517021 30521039 30522012 30523019 30525021 30528023 30529007 30540033 30546007 30567024 30567029 30583016 30600023 30605032 30606035 30608023 30611018 30641006 30641033 30641055 30647014 30654023 30663010 30679008 30687005 30687011 30696008 30702036 30703002 30703014 30711028 30714007 30718013 30723037 30724007 30732019 30734005 30735035 30736014 30737042 30744032 30746010 30748013 30750022 30759039 30765025 30766021 30785003 30785014 30786045 30787014 30789030 30789033 30798018 30800012 30808013 30810019 30810029 30813035 30816014 30820028 30821014 30821024 30824002 30824026 30828036 30831008 30838015 30839010 30840011 30840015 30840020 30840028 30840045 30842014 30843014 30843025 30844002 30845025 30856021 30858042 30859003 30872010 30882002 30884011 30885015 30897022 30909017 30921014 30940034 30945014 30945042 30946016 30953020 30967022 30968021 30977004 30984005 30986004 30987021 30998006 30998016 31000032 31006033 31016012 31058007 31060020 31060033 31061011 31063002 31072012 31073022 31073026 31073031 31074002 31074007 31074011 31074016 31074020 31074024 31074028 31074033 31075006 31094011 31100027 31100032
wọu'i|1|23934048
wọuten|11|23662018 25099017 25465018 27202004 27918004 28568031 28625002 29936003 30099014 30571012 30865015
wọuteng|1|25569004
yakut|1|31073028
yaspis|3|31065016 31072007 31073018
yutane|3|23752011 30791011 30857013
zaitun|11|24421013 25627008 28227007 28227027 28234015 28234032 28234043 28234055 30332010 30800048 30877007
zamrud|1|31073033
Ěllang|9|23754001 23754017 24029001 25507001 25661001 25748001 25750001 25752001 26720008
Ěllang'E|1|27023007
Ěllang'U|2|27053024 27398015
Ěllange|2|25575001 25616001
Ěllangu|3|27169028 27169042 27719030
Ěllo|25|24370001 24869030 25011017 25551011 25862002 25990001 26084021 26275012 26814001 26857028 27241006 29601001 29769019 29922007 29922013 30009034 30022012 30351007 30533011 30535011 30537014 30679046 30777018 30938014 30969030
Ěllo-ěllo|4|24110026 25779001 26999019 30112008
Ěllo-ěllon|1|25849006
Ěllom|2|24756006 30622038
Ěllon|21|24288008 25015012 26109002 26119011 26202024 26262006 26331007 26504008 26632003 26825014 26840012 26970011 27633003 29368021 30505030 30510037 30533002 30535008 30621016 30811001 30969033
Ěllong|26|23433004 23482004 23484004 23526005 23531002 23532002 23579014 23580013 23589004 24057009 25376003 25378014 25437002 25438002 26297030 26298028 26302027 26312018 26548021 26629026 26967005 27795016 27865004 27968019 29822039 29879011
Ěmme|1|23205010
Ěmpahě|1|26839025
Ěndaung|6|23613011 24034014 25022022 26267001 30141005 30143006
Ěndaị|5|23479001 24681009 24867001 26853009 30885018
Ěndaịe|1|24015012
Ěndoben|1|23265018
Ěndokang|1|25384014
Ěndokangbe|1|28294008
Ěndịu|1|25087007
Ěnnaiko|1|23973019
Ěnningku|1|28523020
Ěnnungu|4|23702001 24541001 25533021 26582001
Ěntana|3|24137018 24352001 27064001
Ěntanan|1|26943024
Ěntanang|4|23225001 24137015 24138011 24140008
Ěntude|1|23616001
Ěpạ|3|23212001 24229001 27147001
ěbukang|3|23568025 23569008 23647015
ěbạ|6|25040034 25951003 26027011 28779018 30044015 30045011
ěbạku|1|25701017
ěbạu|3|28593015 29118011 30070020
ědang|1|25182023
ědone|6|26061007 27658021 28923009 30451021 30777026 31021021
ědu|1|26447011
ědun'E|1|26454012
ědunge|1|27636016
ěge|1|25843014
ěhe|11|23565012 23566012 23567029 23568022 23569005 23570017 23576026 23578020 23579005 23580002 30053007
ěllang|110|23751020 23752009 23753010 23756002 23756011 23758002 23759003 23760005 23760011 23762006 23820012 23879007 24003008 24003023 24004003 24005009 24006003 24007011 24009002 24025002 24026003 24027002 24028007 24031002 24032007 24033003 24035003 24039002 24124012 24126010 24677007 24678017 24679013 24679023 24752016 24821009 24823019 24824002 25198011 25206013 25496003 25497004 25498005 25502005 25503002 25505003 25506012 25508002 25749006 25751002 25754008 25756019 25790023 25792009 25921014 26715007 26715009 26796018 27048020 27500020 28085040 28087011 28088027 28088050 28091012 28132014 28271005 28271036 28285013 28285018 28285029 28364028 28509009 28510003 28510027 28560005 28648015 28648018 28842044 29068039 29086050 29131015 29131018 29133040 29139007 29154018 29154027 29156030 29157025 29162014 29163015 29346008 29346012 29347017 29347029 29363035 29399012 29529030 29529033 29791002 29955045 30416007 30481047 30809016 30925011 31007024 31028029 31036031 31036034 31090021
ěllang'E|8|24942006 24948005 24963010 27010014 30699029 30699045 31084030 31087032
ěllang'U|5|25003012 26977020 27050033 27052017 30891031
ěllang-Ku|1|26968003
ěllangbe|2|24030007 25662021
ěllange|47|23359024 23442009 23443011 23567003 23568014 23600008 23758008 23861014 23863006 23876005 23877007 23881007 23883003 23886007 24023026 24024002 24676010 24678007 24679006 25198008 25199031 25497021 25502015 25505024 25571010 25572014 25575019 25576003 25611006 25615008 25659006 25659013 25745008 25747018 25790010 25791007 25791011 25792006 25921003 26208010 26417003 26647006 29155005 29155015 29162037 29790006 30869022
ěllangku|5|23352005 23354020 23355050 25203015 25204048
ěllangu|33|23754015 23862008 24106014 24633013 24802012 24821011 24932010 25915007 26416016 27126017 27200014 27501018 28085020 28085030 28086012 28106023 28511022 28560016 28903014 28905018 28906016 29135015 29140011 29894014 29927017 29955010 30268018 30268022 30416020 30520024 30950008 31020035 31023017
ěllo|176|23339003 23530006 23530021 23541002 23666018 23702002 23798008 23896002 23919010 23977002 23979002 23996003 24008007 24057007 24072002 24116021 24149032 24170016 24175002 24193023 24197010 24211028 24262002 24351006 24503012 24513010 24541002 24737002 24738007 24738024 24756004 24767002 24813018 24856026 24860002 24869037 24876007 24883008 24953006 24995005 25020004 25066014 25160003 25268003 25320002 25463011 25506006 25533022 25533029 25551026 25552009 25559034 25566014 25590002 25602004 25674017 25681009 25683002 25850007 25861027 25864009 25980005 26005002 26038027 26097002 26108024 26115011 26116024 26163025 26197027 26200003 26209022 26366002 26530018 26533016 26541015 26563022 26579025 26582002 26661015 26840007 26840010 26926002 26929011 26970013 26991018 27032006 27125033 27226002 27236021 27240005 27260008 27263007 27290005 27300003 27308027 27357038 27394006 27396031 27496028 27502005 27555008 27633016 27634003 27645030 27658017 27691037 27692006 27711009 27771002 27794004 27798002 27803012 27811007 27831020 27837006 27863005 27876007 27877004 27907028 27912012 27913026 27917003 27923005 27923012 27979011 28280013 28286012 28286022 28287006 28424016 28723007 28779002 28811022 28829016 28901039 29142006 29299015 29351013 29367009 29427006 29475014 29626014 29627011 29630010 29660006 29687013 29813036 29855006 30003011 30011012 30019003 30019016 30022006 30022036 30023023 30024015 30103017 30150011 30203016 30358030 30380032 30395016 30435017 30714022 30728037 30746008 30813010 30826017 30840037 30856014 30882018 30884003 30902059 31049032 31079009
ěllo-Ku|1|26438012
ěllo-hẹ̌bi|1|25696016
ěllo-ěllo|6|25640012 25849002 27535028 27541028 28549011 29018005
ěllo-ěllọ|1|30526008
ělloe|1|24869002
ěllom|3|24429007 25240041 30530026
ěllon|77|23491004 23492024 23495014 23495026 23498008 23500025 23501015 23502018 23978014 23996019 24192005 24197003 24237012 24284004 24285029 24288017 24289010 24291030 24293019 24410003 24767004 24869033 24869039 24875002 25080012 25095020 25148004 25149022 25152010 25153003 25154028 25156019 25529002 25533012 25533037 25534010 25535031 25555002 25557027 25559022 25682005 25813002 25872003 25990003 25990009 25992019 25993002 26220022 26221020 26227016 26229029 26350009 26351028 26352030 26454004 26457027 26588016 26593009 26857019 26857032 26868012 26887002 26951004 27342023 27377016 27405023 27407002 27562003 27643030 27646010 28463030 29511026 29624009 29803011 29828021 30363012 30708002
ěllon'E|1|25676021
ěllone|29|23212005 23694039 23724008 23812023 23994005 24022018 24194011 24229005 24532036 24570028 24623020 24750008 24996002 25066011 25324032 25722012 25999016 26013019 26445004 26689004 26927010 26931009 27781013 27889023 27979005 29076020 29665014 30876024 30898025
ěllong|17|23604006 25234013 25630031 25674021 25678002 27390036 27464012 28462032 28785013 29303021 29372020 30360017 30569003 30569037 30691010 31025015 31058005
ěllọ|3|26366007 26968015 28153010
ěllọen|1|30412035
ěllọeng|2|27497002 28901021
ělukangbeng|1|23943018
ěmme|2|23309015 25484018
ěmmene|1|23205007
ěnae|3|25356029 25737015 26077015
ěndai|2|25670005 25830008
ěndaibe|1|30214002
ěndaung|12|23981015 24292012 24739014 25315018 25437035 25438034 25606021 25675012 25903007 27512014 29369041 29464023
ěndaunge|1|26278013
ěndaị|73|23479017 23496006 23531040 23799032 23865016 23897033 23984031 24126022 24373016 24410035 24664007 24666019 24717017 24759005 24856015 24880030 24960018 25067013 25070005 25099011 25129017 25205020 25230016 25235020 25240033 25241010 25242010 25245018 25257005 25271033 25311018 25316019 25526019 25535002 25584008 25591015 25621017 25621025 25658020 25673006 25700035 25705028 25794019 25831017 25833016 25921024 25922012 25924013 26074016 26185007 26224003 26256019 26389031 26436023 26563003 26588009 26815016 26831024 26852019 26914024 27146011 27502052 27744027 27834004 28032003 29992039 30225004 30718035 30831033 30852013 30910016 30977027 30977034
ěndaịe|12|23373012 23383012 23514011 23532036 23657019 23701006 24065017 24116007 24151018 24268004 24824019 29162026
ěndaịko|1|25564022
ěndaịse|2|24380015 31049018
ěndobem|1|28556033
ěndokang|1|26624003
ěndokangbe|5|24581017 26574012 26800012 28230029 30198003
ěndumang|2|30103028 30150036
ěndumangi|1|27927033
ěndusě|1|26687009
ěndọbe|1|28221024
ěndọben|1|27867004
ěndọu|2|25638002 26140016
ěndụ|3|25453007 25454031 26706021
ěng|19|23213014 24260002 24774025 25073028 25367006 25542014 25795017 26897017 26957016 28207012 28377023 28406016 28991010 29165002 30013032 30014027 30014039 30101016 30313010
ěnggahanạe|1|23333018
ěnggụe|1|30456011
ěngkudeng|1|25377028
ěnna|6|24701018 25690021 26007007 27450007 29042021 29574009
ěnnae|3|23209023 25382008 25681014
ěnnaku|1|28135010
ěnnan|1|26537012
ěnnang|2|26436025 27009031
ěnnanu|2|25400019 27852009
ěnnaěng|1|28542009
ěnne|4|23343022 28183015 30185031 31047034
ěnning|21|28081015 28097014 28100012 28439042 28497018 29389040 29523015 29609005 29775013 29850003 29860023 29921022 29927022 30247005 30281011 30339015 30341030 30344015 30689018 30691025 30696037
ěnninge|4|29187021 29857020 30282004 30343023
ěnningku|1|29420007
ěnningu|7|28110022 28281020 28412028 29518031 30449020 30567010 30692023
ěnnung|7|23623008 24456022 26116009 27320018 27569010 27893011 30777008
ěnnungu|10|23548017 23563026 24332023 24344027 25089012 26102007 26277006 29773020 30372024 31071015
ěnnạ|5|24202016 24720027 26893038 28227019 30808014
ěnnạe|3|23960034 24170024 29347041
ěnnạu|3|26880015 26893029 30421033
ěnsae|1|25208013
ěnsuene|1|24113033
ěntana|71|23270005 23270007 23447016 23548007 23563006 23584017 23584026 23584040 23669009 23707017 23860014 23861010 24027014 24034013 24094012 24137012 24138008 24329005 24332007 24340006 24344006 24355020 24507009 24557012 24559029 24790009 25364010 25526035 25527018 25572019 25589007 25659008 25909018 25997008 26162015 26388028 26390011 26447009 26447015 26454010 26605012 26792022 26942007 26943019 27057023 27064012 27150012 27150017 27221006 27712006 27838008 27907007 28156013 28177010 28177018 28755012 28756005 28766009 28767013 28768014 28867020 29848022 30052002 30052025 30053003 30053011 30202015 30211030 30367013 30373013 30744048
ěntanaku|1|25477015
ěntanan|1|26960009
ěntanane|11|23545008 23545016 24329008 24329018 25252015 25254007 25261004 25476014 27057017 27059010 30362020
ěntanang|6|23225017 26097012 27581012 29157009 30102022 30702010
ěntunge|1|25553012
ěntungeng|1|30233037
ěnạ|1|28506018
ěnạu|1|29238025
ěpạ|75|23212007 23573027 23672011 23683008 23989018 24264008 24509009 24521009 24745014 25011009 25066007 25540014 25740035 26084019 26192006 26541013 26563020 26849019 26927006 27096020 27123035 27140005 27153035 27159048 27271018 27272008 27313029 27314012 27342011 27342015 27381013 27383004 27384027 27674006 27688007 27691008 27703017 27883004 27884017 27885017 27889020 27954024 29015030 29025009 29083002 29120019 30005023 30013011 30773015 30773027 30775025 30779006 30786017 30788011 30788021 30791022 30794003 30795022 30800015 30812006 30812013 30812018 30813028 30822016 30854018 30855011 30856003 30875030 30889006 30914018 30930007 30954006 31022008 31022011 31070005
ěsa|6|24212003 24888011 26001016 26005020 26950030 26964014
ẹ̌sa|1|26025020
